+0.39548
+0.41698
+0.42860
+0.44264
+0.44796
+0.44377
+0.43693
+0.41561
+0.39261
+0.36659
+0.34377
+0.32869
+0.31567
+0.32788
+0.34348
+0.35384
+0.36607
+0.35874
+0.34452
+0.31844
+0.27632
+0.23833
+0.21270
+0.18991
+0.19005
+0.21268
+0.24275
+0.28233
+0.31868
+0.33038
+0.42335
+0.45731
+0.48625
+0.49818
+0.50235
+0.49979
+0.48174
+0.47104
+0.46543
+0.46271
+0.46404
+0.45439
+0.43535
+0.41162
+0.36356
+0.33004
+0.26755
+0.16868
+0.12478
+0.11973
+0.19329
+0.23888
+0.29767
+0.32397
+0.32269
+0.30482
+0.27178
+0.20678
+0.11083
+0.02725
+0.12911
+0.28796
+0.39234
+0.51375
+0.66766
+0.81702
+1.07985
+1.31919
+1.54816
+1.83358
+2.10230
+2.32927
+2.58136
+2.84116
+3.08858
+3.32313
+3.48911
+3.65688
+3.76033
+3.90959
+3.98166
+4.05667
+4.10885
+4.12955
+4.10086
+4.01592
+3.89983
+3.76832
+3.65603
+3.43807
+3.26382
+2.93015
+2.70129
+2.40510
+2.13777
+1.87066
+1.59071
+1.45321
+1.11751
+0.79001
+0.55427
+0.37950
+0.23112
+0.18583
+0.09489
+0.12002
+0.22271
+0.25552
+0.28913
+0.28245
+0.28870
+0.28017
+0.27480
+0.24977
+0.21103
+0.17634
+0.16313
+0.20140
+0.23930
+0.30015
+0.38348
+0.42200
+0.46118
+0.47410
+0.50417
+0.51293
+0.53726
+0.54041
+0.56191
+0.56440
+0.57363
+0.55205
+0.55835
+0.52623
+0.50689
+0.46904
+0.43467
+0.41527
+0.36256
+0.33710
+0.29718
+0.26949
+0.25463
+0.26787
+0.27430
+0.28787
+0.30746
+0.31244
+0.32003
+0.32931
+0.32200
+0.32585
+0.32730
+0.33590
+0.33344
+0.34615
+0.34413
+0.35140
+0.37925
+0.38734
+0.40008
+0.40704
+0.42272
+0.42014
+0.41520
+0.39509
+0.38065
+0.37151
+0.35752
+0.33584
+0.32949
