+0.30597
+0.34170
+0.36850
+0.39207
+0.40989
+0.41595
+0.41262
+0.40927
+0.40351
+0.40385
+0.40143
+0.40148
+0.39317
+0.36711
+0.33456
+0.27502
+0.20493
+0.14273
+0.07992
+0.07480
+0.13294
+0.17777
+0.21523
+0.23924
+0.25200
+0.24910
+0.24215
+0.24044
+0.25196
+0.26383
+0.28363
+0.30600
+0.34447
+0.41974
+0.58672
+0.73443
+0.91890
+1.15347
+1.39411
+1.69693
+1.95980
+2.18397
+2.41812
+2.64037
+2.81880
+3.03612
+3.22389
+3.39822
+3.58136
+3.68461
+3.77247
+3.81392
+3.82565
+3.82148
+3.78101
+3.67621
+3.56753
+3.43001
+3.28125
+3.11500
+2.92962
+2.77926
+2.55922
+2.33828
+2.08917
+1.83429
+1.60047
+1.36697
+1.15108
+0.90646
+0.67943
+0.49956
+0.34353
+0.21511
+0.07486
+0.02975
+0.09209
+0.15937
+0.21199
+0.23448
+0.24303
+0.23829
+0.23196
+0.20449
+0.17643
+0.13443
+0.12596
+0.14294
+0.19626
+0.22837
+0.27599
+0.32075
+0.36599
+0.41459
+0.43993
+0.46025
+0.46217
+0.46132
+0.46381
+0.46389
+0.45627
+0.45668
+0.45191
+0.43599
+0.41930
+0.39035
+0.37498
+0.34275
+0.30871
+0.28047
+0.25507
+0.24629
+0.24683
+0.24904
+0.26045
+0.26992
+0.28090
+0.28635
+0.30003
+0.31206
+0.32227
+0.31813
+0.32913
+0.32553
+0.32844
+0.33623
+0.35366
+0.37733
+0.39665
+0.39496
+0.39109
+0.39243
+0.41532
+0.42472
+0.42152
+0.41224
+0.39872
+0.38647
+0.37906
+0.36338
+0.35905
+0.36366
+0.36540
+0.38933
+0.38798
+0.38806
+0.39346
+0.40719
+0.40620
+0.40946
+0.40056
+0.39666
+0.36769
+0.35818
+0.32885
+0.30522
+0.28264
+0.28099
+0.25518
+0.24784
+0.24431
+0.25021
+0.24051
+0.24291
+0.23563
+0.24136
+0.23215
+0.21905
+0.21838
+0.19961
+0.19777
