+1.75081E+2	-2.38397E-4
+1.75080E+2	-4.29346E-4
+1.75078E+2	-2.88159E-4
+1.75084E+2	-3.21720E-4
+1.75080E+2	-2.91631E-4
+1.75080E+2	-4.25874E-4
+1.75079E+2	-1.43501E-4
+1.75076E+2	-4.67536E-4
+1.75078E+2	-5.79791E-4
+1.75081E+2	-3.85370E-4
+1.75079E+2	-3.46023E-4
+1.75079E+2	-5.40444E-4
+1.75081E+2	-3.47180E-4
+1.75077E+2	-3.24035E-4
+1.75081E+2	-1.57388E-4
+1.75077E+2	-3.22877E-4
+1.75084E+2	-3.40236E-4
+1.75075E+2	-4.20088E-4
+1.75082E+2	-4.22402E-4
+1.75081E+2	-3.57595E-4
+1.75079E+2	-4.00414E-4
+1.75078E+2	-2.65014E-4
+1.75083E+2	-2.89317E-4
+1.75081E+2	-2.09465E-4
+1.75081E+2	-3.55281E-4
+1.75089E+2	-2.48812E-4
+1.75079E+2	-5.36972E-4
+1.75083E+2	-3.25192E-4
+1.75078E+2	-3.92313E-4
+1.75063E+2	-4.21245E-4
+1.75057E+2	-2.56913E-4
+1.75058E+2	-2.37240E-4
+1.75061E+2	-3.95785E-4
+1.75060E+2	-2.84688E-4
+1.74846E+2	-2.07151E-4
+1.74599E+2	-1.66646E-4
+1.74584E+2	-2.44183E-4
+1.74578E+2	-2.21038E-4
+1.74297E+2	-4.02729E-4
+1.74144E+2	-4.08515E-4
+1.74144E+2	-3.34450E-4
+1.74035E+2	-2.05993E-4
+1.73767E+2	-3.35607E-4
+1.73740E+2	-2.61542E-4
+1.73736E+2	-3.66854E-4
+1.73459E+2	-2.52284E-4
+1.73287E+2	-2.98575E-4
+1.73287E+2	-3.32136E-4
+1.73226E+2	-2.75429E-4
+1.72700E+2	-2.93946E-4
+1.72673E+2	-2.70800E-4
+1.72682E+2	-4.69850E-4
+1.72394E+2	-4.75637E-4
+1.72169E+2	-4.09672E-4
+1.72167E+2	-5.62432E-4
+1.71958E+2	-7.05933E-4
+1.71643E+2	-4.75637E-4
+1.71624E+2	-5.25399E-4
+1.71603E+2	-6.07565E-4
+1.71595E+2	-5.54331E-4
+1.71535E+2	-5.33500E-4
+1.71262E+2	-2.76587E-4
+1.71014E+2	-3.25192E-4
+1.70805E+2	-4.74479E-4
+1.70809E+2	-3.73797E-4
+1.70806E+2	-3.48337E-4
+1.70459E+2	-2.78901E-4
+1.70152E+2	-4.23560E-4
+1.69995E+2	-3.11305E-4
+1.70004E+2	-3.51809E-4
+1.69999E+2	-2.75429E-4
+1.69813E+2	-2.31453E-4
+1.69521E+2	-4.82580E-4
+1.69367E+2	-4.89524E-4
+1.69363E+2	-4.02729E-4
+1.69300E+2	-4.49020E-4
+1.68928E+2	-5.93678E-4
+1.68824E+2	-3.56438E-4
+1.68818E+2	-5.95992E-4
+1.68714E+2	-4.40919E-4
+1.68451E+2	-3.69168E-4
+1.68405E+2	-3.84213E-4
+1.68405E+2	-4.47862E-4
+1.68219E+2	-4.40919E-4
+1.67931E+2	-4.58278E-4
+1.67824E+2	-2.76587E-4
+1.67824E+2	-5.65903E-4
+1.67559E+2	-2.81216E-4
+1.67179E+2	-3.48337E-4
+1.67155E+2	-4.77951E-4
+1.67110E+2	-2.26824E-4
+1.66687E+2	-4.32818E-4
+1.66634E+2	-4.81423E-4
+1.66622E+2	-4.92996E-4
+1.65995E+2	-4.68693E-4
+1.65939E+2	-3.51809E-4
+1.65940E+2	-4.09672E-4
+1.65500E+2	-4.74479E-4
+1.65292E+2	-3.95785E-4
+1.65281E+2	-5.06883E-4
+1.64838E+2	-2.22195E-4
+1.64638E+2	-2.99732E-4
+1.64628E+2	-3.43708E-4
+1.64049E+2	-3.54124E-4
+1.63996E+2	-4.66379E-4
+1.63806E+2	-4.43233E-4
+1.63304E+2	-3.64539E-4
+1.63296E+2	-3.19406E-4
+1.63034E+2	-3.11305E-4
+1.62624E+2	-3.37922E-4
+1.62617E+2	-4.00414E-4
+1.62144E+2	-2.52284E-4
+1.62091E+2	-3.76112E-4
+1.61978E+2	-3.19406E-4
+1.61584E+2	-2.45341E-4
+1.61577E+2	-2.45341E-4
+1.61324E+2	-1.88634E-4
+1.61057E+2	-4.15459E-4
+1.61052E+2	-3.66854E-4
+1.60610E+2	-4.58278E-4
+1.60460E+2	-3.91156E-4
+1.60455E+2	-3.42551E-4
+1.60128E+2	-3.80741E-4
+1.59976E+2	-5.19613E-4
+1.59975E+2	-4.59435E-4
+1.59745E+2	-4.39761E-4
+1.59531E+2	-4.92996E-4
+1.59535E+2	-3.29821E-4
+1.59174E+2	-4.35132E-4
+1.58881E+2	-4.29346E-4
+1.58881E+2	-3.77269E-4
+1.58482E+2	-3.93471E-4
+1.58371E+2	-3.44865E-4
+1.58358E+2	-3.78426E-4
+1.57868E+2	-4.91838E-4
+1.57782E+2	-3.04361E-4
+1.57772E+2	-5.80948E-4
+1.57545E+2	-5.23085E-4
+1.57081E+2	-3.14777E-4
+1.57084E+2	-4.32818E-4
+1.56856E+2	-3.59910E-4
+1.56491E+2	-3.96943E-4
+1.56480E+2	-5.56645E-4
+1.56481E+2	-3.78426E-4
+1.56063E+2	-4.08515E-4
+1.56041E+2	-3.68011E-4
+1.56036E+2	-5.38129E-4
+1.55561E+2	-3.79583E-4
+1.55371E+2	-5.25399E-4
+1.55376E+2	-5.28871E-4
+1.55015E+2	-4.27031E-4
+1.54859E+2	-5.19613E-4
+1.54858E+2	-5.55488E-4
+1.54735E+2	-4.64064E-4
+1.54322E+2	-2.81216E-4
+1.54190E+2	-3.58753E-4
+1.54187E+2	-4.25874E-4
+1.53889E+2	-4.72165E-4
+1.53524E+2	-4.67536E-4
+1.53525E+2	-4.90681E-4
+1.53518E+2	-4.18931E-4
+1.53142E+2	-3.44865E-4
+1.52863E+2	-5.09197E-4
+1.52860E+2	-2.87002E-4
+1.52727E+2	-3.52966E-4
+1.52318E+2	-3.81898E-4
+1.52295E+2	-2.17566E-4
+1.52212E+2	-2.81216E-4
+1.51749E+2	-2.85845E-4
+1.51682E+2	-4.61749E-4
+1.51686E+2	-3.17091E-4
+1.51508E+2	-4.66379E-4
+1.51098E+2	-3.35607E-4
+1.50967E+2	-4.62907E-4
+1.50970E+2	-4.43233E-4
+1.50704E+2	-4.98782E-4
+1.50278E+2	-4.03886E-4
+1.50270E+2	-4.66379E-4
+1.50080E+2	-4.16616E-4
+1.49698E+2	-6.23767E-4
+1.49678E+2	-4.73322E-4
+1.49621E+2	-4.18931E-4
+1.49237E+2	-4.10830E-4
+1.49224E+2	-5.74004E-4
+1.49220E+2	-4.88367E-4
+1.48984E+2	-5.80948E-4
+1.48713E+2	-6.02936E-4
+1.48669E+2	-5.49702E-4
+1.48667E+2	-4.44390E-4
+1.48488E+2	-3.77269E-4
+1.48178E+2	-5.14984E-4
+1.48178E+2	-5.62432E-4
+1.48179E+2	-4.83738E-4
+1.47975E+2	-3.69168E-4
+1.47764E+2	-4.40919E-4
+1.47576E+2	-4.58278E-4
+1.47381E+2	-5.10355E-4
+1.47217E+2	-4.96467E-4
+1.47217E+2	-4.40919E-4
+1.47216E+2	-5.57803E-4
+1.47213E+2	-4.87209E-4
+1.47146E+2	-4.52491E-4
+1.47009E+2	-4.96467E-4
+1.46933E+2	-4.32818E-4
+1.46876E+2	-5.28871E-4
+1.46681E+2	-5.14984E-4
+1.46485E+2	-5.65903E-4
+1.46417E+2	-3.95785E-4
+1.46416E+2	-4.72165E-4
+1.46410E+2	-3.03204E-4
+1.46411E+2	-4.94153E-4
+1.46261E+2	-3.51809E-4
+1.46186E+2	-4.62907E-4
+1.46092E+2	-3.74954E-4
+1.45974E+2	-3.96943E-4
+1.45840E+2	-5.42758E-4
+1.45792E+2	-3.94628E-4
+1.45796E+2	-3.76112E-4
+1.45792E+2	-3.59910E-4
+1.45789E+2	-5.56645E-4
+1.45723E+2	-3.55281E-4
+1.45575E+2	-5.97150E-4
+1.45415E+2	-4.38604E-4
+1.45232E+2	-5.05726E-4
+1.45083E+2	-4.74479E-4
+1.44974E+2	-4.06201E-4
+1.44903E+2	-4.50177E-4
+1.44839E+2	-3.69168E-4
+1.44741E+2	-3.84213E-4
+1.44683E+2	-3.50652E-4
+1.44680E+2	-4.53649E-4
+1.44678E+2	-4.50177E-4
+1.44677E+2	-5.10355E-4
+1.44678E+2	-4.16616E-4
+1.44594E+2	-4.28189E-4
+1.44524E+2	-3.83055E-4
+1.44405E+2	-4.30503E-4
+1.44352E+2	-4.18931E-4
+1.44287E+2	-3.10147E-4
+1.44159E+2	-2.32611E-4
+1.44071E+2	-3.18248E-4
+1.44066E+2	-5.47387E-4
+1.44039E+2	-3.12462E-4
+1.44036E+2	-2.10623E-4
+1.44034E+2	-4.44390E-4
+1.43919E+2	-4.72165E-4
+1.43850E+2	-3.83055E-4
+1.43708E+2	-3.88842E-4
+1.43546E+2	-2.59228E-4
+1.43341E+2	-4.52491E-4
+1.43127E+2	-2.46498E-4
+1.43033E+2	-3.57595E-4
+1.43033E+2	-2.84688E-4
+1.43029E+2	-3.43708E-4
+1.43026E+2	-5.02254E-4
+1.42890E+2	-4.88367E-4
+1.42721E+2	-4.15459E-4
+1.42560E+2	-2.77744E-4
+1.42414E+2	-2.71958E-4
+1.42271E+2	-3.17091E-4
+1.42188E+2	-4.10830E-4
+1.42173E+2	-4.62907E-4
+1.42169E+2	-2.53441E-4
+1.42167E+2	-3.37922E-4
+1.42027E+2	-3.65696E-4
+1.41687E+2	-4.10830E-4
+1.41449E+2	-3.12462E-4
+1.41234E+2	-3.19406E-4
+1.41174E+2	-3.77269E-4
+1.41175E+2	-3.57595E-4
+1.41173E+2	-4.89524E-4
+1.41076E+2	-4.35132E-4
+1.40922E+2	-2.36082E-4
+1.40754E+2	-2.55756E-4
+1.40596E+2	-3.07833E-4
+1.40446E+2	-2.74272E-4
+1.40424E+2	-2.15252E-4
+1.40427E+2	-2.85845E-4
+1.40424E+2	-2.97418E-4
+1.40324E+2	-1.41187E-4
+1.40039E+2	-2.74272E-4
+1.39743E+2	-3.27506E-4
+1.39666E+2	-3.13619E-4
+1.39666E+2	-2.59228E-4
+1.39663E+2	-5.14984E-4
+1.39428E+2	-1.09940E-4
+1.39083E+2	-3.14777E-4
+1.39063E+2	-3.42551E-4
+1.39058E+2	-2.11780E-4
+1.38994E+2	-4.51334E-4
+1.38862E+2	-4.23560E-4
+1.38719E+2	-2.98575E-4
+1.38612E+2	-9.25813E-5
+1.38592E+2	-3.77269E-4
+1.38585E+2	-3.63382E-4
+1.38488E+2	-3.50652E-4
+1.38185E+2	-2.63857E-4
+1.37914E+2	-1.67804E-4
+1.37863E+2	-2.48812E-4
+1.37862E+2	-3.68011E-4
+1.37865E+2	-3.05518E-4
+1.37663E+2	-2.70800E-4
+1.37359E+2	-3.29821E-4
+1.37120E+2	-4.33975E-4
+1.37120E+2	-3.92313E-4
+1.37114E+2	-4.80266E-4
+1.36775E+2	-3.29821E-4
+1.36447E+2	-3.58753E-4
+1.36329E+2	-3.80741E-4
+1.36327E+2	-2.89317E-4
+1.36324E+2	-3.63382E-4
+1.36231E+2	-2.88159E-4
+1.35936E+2	-2.90474E-4
+1.35933E+2	-3.02047E-4
+1.35933E+2	-3.69168E-4
+1.35860E+2	-3.66854E-4
+1.35681E+2	-2.53441E-4
+1.35478E+2	-3.42551E-4
+1.35161E+2	-2.68486E-4
+1.35069E+2	-2.71958E-4
+1.35061E+2	-2.61542E-4
+1.34927E+2	-4.59435E-4
+1.34509E+2	-1.97893E-4
+1.34317E+2	-3.25192E-4
+1.34315E+2	-2.71958E-4
+1.34317E+2	-3.77269E-4
+1.34067E+2	-4.55963E-4
+1.33808E+2	-3.07833E-4
+1.33664E+2	-4.02729E-4
+1.33642E+2	-2.22195E-4
+1.33646E+2	-2.77744E-4
+1.33309E+2	-2.99732E-4
+1.33084E+2	-3.02047E-4
+1.32953E+2	-1.74747E-4
+1.32954E+2	-3.42551E-4
+1.32826E+2	-2.43026E-4
+1.32514E+2	-2.47655E-4
+1.32430E+2	-1.34243E-4
+1.32423E+2	-1.93264E-4
+1.32408E+2	-1.86320E-4
+1.32085E+2	-2.63857E-4
+1.31833E+2	-2.60385E-4
+1.31753E+2	-3.13619E-4
+1.31750E+2	-1.43501E-4
+1.31750E+2	-9.60531E-5
+1.31531E+2	-6.94360E-5
+1.31134E+2	-2.26824E-4
+1.31061E+2	-2.41869E-4
+1.31060E+2	-1.92106E-4
+1.31003E+2	-1.59703E-4
+1.30617E+2	-2.16409E-4
+1.30472E+2	-2.33768E-4
+1.30466E+2	-2.83530E-4
+1.30465E+2	-3.32136E-4
+1.30387E+2	-2.65014E-4
+1.30041E+2	-2.49970E-4
+1.29814E+2	-3.14777E-4
+1.29809E+2	-3.18248E-4
+1.29808E+2	-2.46498E-4
+1.29737E+2	-3.26349E-4
+1.29502E+2	-3.17091E-4
+1.29153E+2	-1.62017E-4
+1.29049E+2	-1.96735E-4
+1.29039E+2	-3.85370E-4
+1.29011E+2	-1.58546E-4
+1.28715E+2	-3.21720E-4
+1.28397E+2	-2.82373E-4
+1.28323E+2	-2.70800E-4
+1.28322E+2	-2.08308E-4
+1.28254E+2	-2.11780E-4
+1.27939E+2	-2.73115E-4
+1.27779E+2	-4.51334E-5
+1.27771E+2	-4.28189E-5
+1.27770E+2	-1.65489E-4
+1.27747E+2	+6.94360E-6
+1.27528E+2	-2.22195E-4
+1.27292E+2	-8.67950E-5
+1.26958E+2	-1.34243E-4
+1.26888E+2	-2.59228E-4
+1.26891E+2	-1.67804E-4
+1.26887E+2	-2.15252E-4
+1.26888E+2	-1.78219E-4
+1.26890E+2	-1.21513E-4
+1.26701E+2	-2.53441E-4
+1.26335E+2	-2.49970E-4
+1.26195E+2	-2.47655E-4
+1.26196E+2	-6.48069E-5
+1.26196E+2	-1.49287E-4
+1.26195E+2	-3.64539E-4
+1.25910E+2	-2.85845E-4
+1.25612E+2	-2.98575E-4
+1.25447E+2	-2.67329E-4
+1.25445E+2	-3.05518E-4
+1.25447E+2	-2.61542E-4
+1.25292E+2	-2.15252E-4
+1.25069E+2	-3.11305E-4
+1.24705E+2	-2.56913E-4
+1.24660E+2	-3.05518E-4
+1.24654E+2	-4.43233E-4
+1.24655E+2	-3.96943E-4
+1.24523E+2	-3.11305E-4
+1.24182E+2	-2.83530E-4
+1.23968E+2	-2.25667E-4
+1.23962E+2	-2.39554E-4
+1.23955E+2	-3.83055E-4
+1.23955E+2	-4.16616E-4
+1.23798E+2	-4.90681E-4
+1.23506E+2	-2.29139E-4
+1.23290E+2	-3.56438E-4
+1.23291E+2	-1.28457E-4
+1.23294E+2	-2.81216E-4
+1.23138E+2	-2.33768E-4
+1.22773E+2	-6.48069E-5
+1.22457E+2	-5.32343E-5
+1.22399E+2	-2.07151E-4
+1.22387E+2	-7.98514E-5
+1.22379E+2	-3.93471E-5
+1.22308E+2	+7.52223E-5
+1.22026E+2	-1.15727E-6
+1.21805E+2	+2.07151E-4
+1.21743E+2	+2.97418E-4
+1.21741E+2	+2.11780E-4
+1.21567E+2	+3.37922E-4
+1.21245E+2	+5.35815E-4
+1.21202E+2	+5.13826E-4
+1.21198E+2	+4.99939E-4
+1.21183E+2	+6.34182E-4
+1.20770E+2	+7.26764E-4
+1.20449E+2	+1.04617E-3
+1.20263E+2	+9.22342E-4
+1.20256E+2	+9.10769E-4
+1.20255E+2	+1.13181E-3
+1.19910E+2	+1.04385E-3
+1.19678E+2	+1.18388E-3
+1.19635E+2	+1.02765E-3
+1.19639E+2	+1.06121E-3
+1.19622E+2	+1.03460E-3
+1.19164E+2	+6.94360E-4
+1.18895E+2	+4.96467E-4
+1.18817E+2	+4.86052E-4
+1.18826E+2	+3.87684E-4
+1.18615E+2	+2.92788E-4
+1.18237E+2	+4.74479E-5
+1.18074E+2	+6.71215E-5
+1.18077E+2	+1.33086E-4
+1.18075E+2	+8.10087E-6
+1.18078E+2	+5.55488E-5
+1.18079E+2	+1.64332E-4
+1.17782E+2	+7.05933E-5
+1.17372E+2	+1.09940E-4
+1.17311E+2	-6.01779E-5
+1.17305E+2	-1.92106E-4
+1.17296E+2	+3.47180E-6
+1.17300E+2	-1.42344E-4
+1.17192E+2	-1.27299E-5
+1.16803E+2	-7.86941E-5
+1.16450E+2	-1.27299E-5
+1.16367E+2	-1.55074E-4
+1.16365E+2	-1.08783E-4
+1.16367E+2	-4.62907E-6
+1.16358E+2	-2.31453E-5
+1.15951E+2	-9.60531E-5
+1.15712E+2	+3.58753E-5
+1.15701E+2	-3.35607E-5
+1.15286E+2	+6.13351E-5
+1.15258E+2	-3.00889E-5
+1.15218E+2	-1.51602E-4
+1.15023E+2	+5.78633E-6
+1.15009E+2	+1.15727E-6
+1.15014E+2	-1.79376E-4
+1.15014E+2	-1.85163E-5
+1.15012E+2	-1.00682E-4
+1.15018E+2	-5.09197E-5
+1.14871E+2	+7.86941E-5
+1.14850E+2	-3.58753E-5
+1.14849E+2	-2.31453E-5
+1.14848E+2	+2.89317E-5
+1.14702E+2	+8.21659E-5
+1.14511E+2	-1.87477E-4
+1.14490E+2	-1.18041E-4
+1.14495E+2	-9.95249E-5
+1.14451E+2	-3.81898E-5
+1.14323E+2	-1.08783E-4
+1.14174E+2	-1.26142E-4
+1.14176E+2	-1.41187E-4
+1.14098E+2	-3.26349E-4
+1.13935E+2	-1.49287E-4
+1.13728E+2	-2.51127E-4
+1.13728E+2	-2.82373E-4
+1.13725E+2	-2.19881E-4
+1.13601E+2	-2.55756E-4
+1.13522E+2	-2.66171E-4
+1.13330E+2	-1.84005E-4
+1.13232E+2	-3.24035E-4
+1.13223E+2	-3.07833E-4
+1.13226E+2	-3.22877E-4
+1.13181E+2	-3.34450E-4
+1.13051E+2	-1.44658E-4
+1.12776E+2	-3.37922E-4
+1.12751E+2	-2.18723E-4
+1.12758E+2	-3.02047E-4
+1.12595E+2	-1.14569E-4
+1.12325E+2	-8.91095E-5
+1.12313E+2	-2.71958E-4
+1.12309E+2	-3.04361E-4
+1.12083E+2	-7.52223E-5
+1.11874E+2	-2.43026E-5
+1.11860E+2	-1.40029E-4
+1.11832E+2	-9.95249E-5
+1.11657E+2	+2.00207E-4
+1.11514E+2	+2.95103E-4
+1.11504E+2	+3.15934E-4
+1.11508E+2	+1.26142E-4
+1.11506E+2	+3.14777E-4
+1.11509E+2	+2.59228E-4
+1.11382E+2	+4.17773E-4
+1.11061E+2	+8.61006E-4
+1.10966E+2	+9.50116E-4
+1.10964E+2	+8.71422E-4
+1.10703E+2	+1.20240E-3
+1.10526E+2	+1.46857E-3
+1.10522E+2	+1.41997E-3
+1.10230E+2	+2.21501E-3
+1.10064E+2	+2.74851E-3
+1.10056E+2	+2.68949E-3
+1.09904E+2	+3.35260E-3
+1.09697E+2	+4.10598E-3
+1.09689E+2	+4.45085E-3
+1.09619E+2	+4.59782E-3
+1.09323E+2	+5.46924E-3
+1.09315E+2	+5.90553E-3
+1.09306E+2	+6.21337E-3
+1.08848E+2	+6.95286E-3
+1.08799E+2	+7.05817E-3
+1.08794E+2	+7.62407E-3
+1.08430E+2	+8.16683E-3
+1.08433E+2	+7.67731E-3
+1.08372E+2	+7.74559E-3
+1.08126E+2	+7.60093E-3
+1.08083E+2	+7.65763E-3
+1.08078E+2	+7.28847E-3
+1.08060E+2	+7.16117E-3
+1.07696E+2	+6.10342E-3
+1.07609E+2	+5.58844E-3
+1.07598E+2	+5.27135E-3
+1.07276E+2	+3.24961E-3
+1.07215E+2	+2.88044E-3
+1.07191E+2	+2.75314E-3
+1.06902E+2	+1.75210E-3
+1.06718E+2	+1.50560E-3
+1.06717E+2	+1.49635E-3
+1.06646E+2	+1.56000E-3
+1.06516E+2	+1.38872E-3
+1.06349E+2	+1.28572E-3
+1.06340E+2	+1.10750E-3
+1.06343E+2	+1.23712E-3
+1.06129E+2	+1.16768E-3
+1.05889E+2	+8.30918E-4
+1.05886E+2	+7.97357E-4
+1.05787E+2	+1.01955E-3
+1.05370E+2	+6.94360E-4
+1.05247E+2	+6.68900E-4
+1.05241E+2	+7.66111E-4
+1.05072E+2	+5.03411E-4
+1.04796E+2	+4.28189E-4
+1.04716E+2	+3.11305E-4
+1.04711E+2	+2.99732E-4
+1.04556E+2	+2.63857E-4
+1.04333E+2	+2.32611E-4
+1.04327E+2	+3.70325E-4
+1.04299E+2	+3.12462E-4
+1.04035E+2	+2.93946E-4
+1.03955E+2	+1.20356E-4
+1.03949E+2	+1.92106E-4
+1.03769E+2	+7.86941E-5
+1.03570E+2	-6.24924E-5
+1.03570E+2	-4.05043E-5
+1.03491E+2	-1.30771E-4
+1.03194E+2	-1.30771E-4
+1.03121E+2	-2.04836E-4
+1.03119E+2	-1.05311E-4
+1.02880E+2	+1.27299E-5
+1.02818E+2	-1.78219E-4
+1.02823E+2	-1.45816E-4
+1.02567E+2	-2.44183E-4
+1.02445E+2	-1.22670E-4
+1.02419E+2	-1.52759E-4
+1.02144E+2	-2.43026E-4
+1.02026E+2	-8.79523E-5
+1.01974E+2	-1.53916E-4
+1.01609E+2	-1.82848E-4
+1.01557E+2	-1.64332E-4
+1.01533E+2	-2.26824E-4
+1.01181E+2	-7.29078E-5
+1.01096E+2	+6.59642E-5
+1.01100E+2	+6.71215E-5
+1.00845E+2	+2.97418E-4
+1.00645E+2	+4.13144E-4
+1.00627E+2	+4.35132E-4
+1.00554E+2	+6.07565E-4
+1.00230E+2	+1.07973E-3
+1.00137E+2	+1.13875E-3
+1.00137E+2	+1.08667E-3
+9.99428E+1	+1.61786E-3
+9.96631E+1	+2.50780E-3
+9.96248E+1	+2.49044E-3
+9.95589E+1	+2.72999E-3
+9.92289E+1	+4.26106E-3
+9.92099E+1	+4.34901E-3
+9.92053E+1	+4.77604E-3
+9.87701E+1	+7.00378E-3
+9.87653E+1	+6.52120E-3
+9.87601E+1	+6.94592E-3
+9.83855E+1	+9.57523E-3
+9.83804E+1	+9.32294E-3
+9.82777E+1	+1.01134E-2
+9.79200E+1	+1.42807E-2
+9.78625E+1	+1.51104E-2
+9.78005E+1	+1.63487E-2
+9.74448E+1	+2.10148E-2
+9.74290E+1	+2.11051E-2
+9.73599E+1	+2.23214E-2
+9.70089E+1	+2.57376E-2
+9.69925E+1	+2.60917E-2
+9.69381E+1	+2.66715E-2
+9.65004E+1	+2.42482E-2
+9.64584E+1	+2.31546E-2
+9.63854E+1	+2.28687E-2
+9.60493E+1	+1.93217E-2
+9.59923E+1	+1.86077E-2
+9.59928E+1	+1.83161E-2
+9.57689E+1	+1.51405E-2
+9.55481E+1	+1.15854E-2
+9.55457E+1	+1.16699E-2
+9.55358E+1	+1.23781E-2
+9.52440E+1	+8.50591E-3
+9.51197E+1	+6.84870E-3
+9.51120E+1	+7.05007E-3
+9.49631E+1	+6.11500E-3
+9.45745E+1	+4.20898E-3
+9.45131E+1	+3.96827E-3
+9.44698E+1	+3.94512E-3
+9.41457E+1	+3.16512E-3
+9.40442E+1	+2.84340E-3
+9.40384E+1	+2.74272E-3
+9.36836E+1	+1.94652E-3
+9.34548E+1	+1.50792E-3
+9.34568E+1	+1.67804E-3
+9.31642E+1	+8.05458E-4
+9.28363E+1	+4.35132E-4
+9.28367E+1	+3.41394E-4
+9.25242E+1	+1.96735E-4
+9.23202E+1	-2.19881E-5
+9.23161E+1	+2.19881E-5
+9.19463E+1	-4.16616E-5
+9.18653E+1	-6.94360E-6
+9.18264E+1	-2.81216E-4
+9.12858E+1	-6.13351E-5
+9.12154E+1	+2.19881E-5
+9.11661E+1	-3.70325E-5
+9.07480E+1	+2.63857E-4
+9.07447E+1	+3.06676E-4
+9.06358E+1	+3.44865E-4
+9.01205E+1	+7.63796E-4
+9.00868E+1	+7.85784E-4
+8.99628E+1	+9.17713E-4
+8.94343E+1	+1.28225E-3
+8.94193E+1	+1.47436E-3
+8.94186E+1	+1.36210E-3
+8.89990E+1	+1.85626E-3
+8.88892E+1	+2.14673E-3
+8.88804E+1	+2.15715E-3
+8.84739E+1	+3.18596E-3
+8.84234E+1	+3.43245E-3
+8.84239E+1	+3.51693E-3
+8.79630E+1	+4.57005E-3
+8.77401E+1	+5.15331E-3
+8.77402E+1	+5.09082E-3
+8.73526E+1	+6.33604E-3
+8.72110E+1	+7.37873E-3
+8.72018E+1	+7.53033E-3
+8.69821E+1	+8.89822E-3
+8.66268E+1	+1.30945E-2
+8.66193E+1	+1.31199E-2
+8.65562E+1	+1.43860E-2
+8.61033E+1	+2.22890E-2
+8.60918E+1	+2.26558E-2
+8.60257E+1	+2.42922E-2
+8.55535E+1	+3.44136E-2
+8.55151E+1	+3.54170E-2
+8.55093E+1	+3.60940E-2
+8.51168E+1	+4.43083E-2
+8.50409E+1	+4.40294E-2
+8.50410E+1	+4.42180E-2
+8.47588E+1	+4.51010E-2
+8.43242E+1	+3.65349E-2
+8.43088E+1	+3.78935E-2
+8.42065E+1	+3.46463E-2
+8.36697E+1	+1.79700E-2
+8.36185E+1	+1.70315E-2
+8.36170E+1	+1.69644E-2
+8.32444E+1	+1.16537E-2
+8.30166E+1	+8.85425E-3
+8.30184E+1	+8.81027E-3
+8.30095E+1	+8.79176E-3
+8.26130E+1	+6.06292E-3
+8.23534E+1	+4.37910E-3
+8.22861E+1	+4.18468E-3
+8.22851E+1	+4.24948E-3
+8.21461E+1	+3.35839E-3
+8.18489E+1	+2.11317E-3
+8.15362E+1	+1.03228E-3
+8.15153E+1	+8.39018E-4
+8.15173E+1	+8.41333E-4
+8.14679E+1	+7.49909E-4
+8.11197E+1	+1.29614E-4
+8.07560E+1	-2.02522E-4
+8.06437E+1	-2.45341E-4
+8.06424E+1	-2.54599E-5
+8.06390E+1	-2.61542E-4
+8.02482E+1	+5.20770E-5
+8.01904E+1	+1.63175E-4
+8.01876E+1	+6.48069E-5
+8.01728E+1	+3.44865E-4
+7.99105E+1	+6.68900E-4
+7.99046E+1	+6.90888E-4
+7.98861E+1	+8.54063E-4
+7.96546E+1	+1.34937E-3
+7.95958E+1	+1.42807E-3
+7.95866E+1	+1.34822E-3
+7.91110E+1	+2.42332E-3
+7.90637E+1	+2.30180E-3
+7.89233E+1	+2.60848E-3
+7.84106E+1	+3.66391E-3
+7.83987E+1	+3.57595E-3
+7.82180E+1	+3.99951E-3
+7.79502E+1	+4.51450E-3
+7.79338E+1	+4.65568E-3
+7.79238E+1	+4.62791E-3
+7.74274E+1	+5.09082E-3
+7.72814E+1	+5.11859E-3
+7.72848E+1	+5.18224E-3
+7.68101E+1	+5.93215E-3
+7.66131E+1	+6.36728E-3
+7.66088E+1	+6.61841E-3
+7.61847E+1	+6.72488E-3
+7.59937E+1	+6.52583E-3
+7.59951E+1	+6.46796E-3
+7.56376E+1	+7.07090E-3
+7.53993E+1	+8.27446E-3
+7.54003E+1	+8.17609E-3
+7.53316E+1	+8.45383E-3
+7.50794E+1	+1.12776E-2
+7.48084E+1	+1.57550E-2
+7.48061E+1	+1.59842E-2
+7.46629E+1	+1.99061E-2
+7.43452E+1	+2.86123E-2
+7.42084E+1	+3.24312E-2
+7.42084E+1	+3.27530E-2
+7.39428E+1	+4.02034E-2
+7.35867E+1	+4.62455E-2
+7.35449E+1	+4.63752E-2
+7.35071E+1	+4.68172E-2
+7.31680E+1	+4.60453E-2
+7.31628E+1	+4.57838E-2
+7.31339E+1	+4.50975E-2
+7.26711E+1	+3.44622E-2
+7.26521E+1	+3.45571E-2
+7.26363E+1	+3.35885E-2
+7.21127E+1	+1.79284E-2
+7.20463E+1	+1.72467E-2
+7.20442E+1	+1.68845E-2
+7.16367E+1	+9.91430E-3
+7.15336E+1	+9.04520E-3
+7.15323E+1	+9.20721E-3
+7.14178E+1	+7.69235E-3
+7.11548E+1	+5.62663E-3
+7.11383E+1	+5.49586E-3
+7.11315E+1	+5.53289E-3
+7.07790E+1	+3.23225E-3
+7.04116E+1	+1.54032E-3
+7.04000E+1	+1.47436E-3
+7.00684E+1	+3.43708E-4
+6.98641E+1	+1.79376E-4
+6.98609E+1	+1.37715E-4
+6.96103E+1	-2.89317E-5
+6.93664E+1	+1.26142E-4
+6.93612E+1	+1.85163E-4
+6.91155E+1	+3.68011E-4
+6.85353E+1	+1.78451E-3
+6.85337E+1	+1.76830E-3
+6.84676E+1	+2.08655E-3
+6.79100E+1	+3.53661E-3
+6.78394E+1	+3.78658E-3
+6.77698E+1	+3.94859E-3
+6.71461E+1	+5.02022E-3
+6.71150E+1	+5.10933E-3
+6.69235E+1	+5.38245E-3
+6.63801E+1	+5.76897E-3
+6.63657E+1	+5.79791E-3
+6.59677E+1	+5.92058E-3
+6.56724E+1	+5.87197E-3
+6.56745E+1	+5.70533E-3
+6.53015E+1	+5.75972E-3
+6.52188E+1	+5.90553E-3
+6.52061E+1	+5.90900E-3
+6.46405E+1	+4.80381E-3
+6.45682E+1	+4.76562E-3
+6.45606E+1	+4.87788E-3
+6.41671E+1	+3.67895E-3
+6.41120E+1	+3.61646E-3
+6.40734E+1	+3.45560E-3
+6.35233E+1	+3.40931E-3
+6.35090E+1	+3.54818E-3
+6.34428E+1	+3.67895E-3
+6.29344E+1	+7.36485E-3
+6.29069E+1	+7.67268E-3
+6.28726E+1	+8.20849E-3
+6.23906E+1	+1.60328E-2
+6.23776E+1	+1.65454E-2
+6.23150E+1	+1.77039E-2
+6.16974E+1	+2.58070E-2
+6.16289E+1	+2.58661E-2
+6.14800E+1	+2.57341E-2
+6.10458E+1	+2.17601E-2
+6.10399E+1	+2.18700E-2
+6.06888E+1	+1.65859E-2
+6.05088E+1	+1.40504E-2
+6.05016E+1	+1.37391E-2
+5.99605E+1	+7.29888E-3
+5.99170E+1	+7.19820E-3
+5.96890E+1	+5.38013E-3
+5.93576E+1	+3.26118E-3
+5.93341E+1	+3.26118E-3
+5.88313E+1	+1.24290E-3
+5.86831E+1	+9.28128E-4
+5.85112E+1	+4.49020E-4
+5.81024E+1	+2.17566E-4
+5.80838E+1	+9.25813E-5
+5.76242E+1	+2.30296E-4
+5.75868E+1	+8.44805E-5
+5.72974E+1	+4.32818E-4
+5.70469E+1	+6.96675E-4
+5.69418E+1	+8.99196E-4
+5.64567E+1	+1.96388E-3
+5.64479E+1	+1.81922E-3
+5.60795E+1	+2.52747E-3
+5.59775E+1	+2.66519E-3
+5.57749E+1	+2.88159E-3
+5.53759E+1	+3.04130E-3
+5.53639E+1	+3.12346E-3
+5.52063E+1	+3.08180E-3
+5.50216E+1	+3.08180E-3
+5.48317E+1	+3.04824E-3
+5.48161E+1	+3.10610E-3
+5.47977E+1	+3.07486E-3
+5.44201E+1	+3.06791E-3
+5.42180E+1	+2.76240E-3
+5.42170E+1	+2.75429E-3
+5.40486E+1	+2.55409E-3
+5.37542E+1	+2.38860E-3
+5.37496E+1	+2.23931E-3
+5.36105E+1	+2.19534E-3
+5.32293E+1	+1.88634E-3
+5.31864E+1	+1.78335E-3
+5.31765E+1	+1.80186E-3
+5.27935E+1	+1.35863E-3
+5.25974E+1	+1.12023E-3
+5.25917E+1	+1.03460E-3
+5.23560E+1	+8.07772E-4
+5.19829E+1	+3.83055E-4
+5.19801E+1	+2.83530E-4
+5.16779E+1	+2.97418E-4
+5.14488E+1	+3.69168E-4
+5.14473E+1	+3.56438E-4
+5.12368E+1	+6.97832E-4
+5.10579E+1	+1.12371E-3
+5.10574E+1	+1.23249E-3
+5.08236E+1	+1.99744E-3
+5.05211E+1	+3.35955E-3
+5.05189E+1	+3.30400E-3
+5.01133E+1	+5.01444E-3
+4.99058E+1	+5.94951E-3
+4.98839E+1	+6.02589E-3
+4.94189E+1	+6.44019E-3
+4.93737E+1	+6.41242E-3
+4.93668E+1	+6.40547E-3
+4.89253E+1	+5.04568E-3
+4.88715E+1	+4.95310E-3
+4.88043E+1	+4.70429E-3
+4.83695E+1	+3.37459E-3
+4.83095E+1	+3.15355E-3
+4.80930E+1	+2.67907E-3
+4.77818E+1	+1.98703E-3
+4.77796E+1	+1.99976E-3
+4.73655E+1	+1.34706E-3
+4.72955E+1	+1.26952E-3
+4.72611E+1	+1.25216E-3
+4.67914E+1	+9.35072E-4
+4.67377E+1	+7.90413E-4
+4.66559E+1	+7.67268E-4
+4.61832E+1	+6.26081E-4
+4.61667E+1	+6.35339E-4
+4.58768E+1	+5.08040E-4
+4.55161E+1	+4.97625E-4
+4.55037E+1	+4.86052E-4
+4.50519E+1	+3.59910E-4
+4.50178E+1	+5.35815E-4
+4.48400E+1	+3.74954E-4
+4.45574E+1	+4.42076E-4
+4.45214E+1	+5.12669E-4
+4.41479E+1	+4.75637E-4
+4.40448E+1	+5.64746E-4
+4.39238E+1	+5.34657E-4
+4.35022E+1	+4.33975E-4
+4.34645E+1	+4.74479E-4
+4.30435E+1	+4.20088E-4
+4.29625E+1	+3.05518E-4
+4.28679E+1	+1.78219E-4
+4.25080E+1	+7.17505E-5
+4.25003E+1	+4.51334E-5
+4.22620E+1	-2.89317E-5
+4.21217E+1	-8.10087E-5
+4.21223E+1	-1.97893E-4
+4.16794E+1	-2.01364E-4
+4.16646E+1	-2.73115E-4
+4.15656E+1	-1.66646E-4
+4.12907E+1	-2.56913E-4
+4.12882E+1	-3.33293E-4
+4.11709E+1	-2.34925E-4
+4.09057E+1	-3.19406E-4
+4.08999E+1	-2.25667E-4
+4.05845E+1	-1.28457E-4
+4.05208E+1	-1.86320E-4
+4.05209E+1	-2.23352E-4
+4.01673E+1	-1.02997E-4
+4.01311E+1	-6.94360E-6
+4.00847E+1	-9.48959E-5
+3.97453E+1	-1.56231E-4
+3.97440E+1	-7.17505E-5
+3.96456E+1	-4.62907E-6
+3.94394E+1	-1.62017E-5
+3.94394E+1	-3.24035E-5
+3.92535E+1	+9.60531E-5
+3.89795E+1	+3.26349E-4
+3.89802E+1	+3.02047E-4
+3.87104E+1	+6.06408E-4
+3.85215E+1	+7.51066E-4
+3.85153E+1	+8.07772E-4
+3.81285E+1	+1.70581E-3
+3.81200E+1	+1.71044E-3
+3.78603E+1	+2.12243E-3
+3.75932E+1	+2.37587E-3
+3.75886E+1	+2.50317E-3
+3.74015E+1	+2.53673E-3
+3.71900E+1	+2.59459E-3
+3.71881E+1	+2.61658E-3
+3.71195E+1	+2.52284E-3
+3.68787E+1	+2.35967E-3
+3.68741E+1	+2.31338E-3
+3.65711E+1	+2.18723E-3
+3.64124E+1	+2.09581E-3
+3.64127E+1	+2.03447E-3
+3.59236E+1	+1.65836E-3
+3.58833E+1	+1.77640E-3
+3.58284E+1	+1.66646E-3
+3.54108E+1	+1.41302E-3
+3.53544E+1	+1.37599E-3
+3.53449E+1	+1.40839E-3
+3.48804E+1	+1.23365E-3
+3.48158E+1	+1.20356E-3
+3.48157E+1	+1.13875E-3
+3.44259E+1	+7.90413E-4
+3.42737E+1	+6.79316E-4
+3.42701E+1	+9.50116E-4
+3.42691E+1	+7.58010E-4
+3.38903E+1	+5.47387E-4
+3.38073E+1	+5.42758E-4
+3.38052E+1	+5.36972E-4
+3.35265E+1	+3.43708E-4
+3.34612E+1	+2.36082E-4
+3.34547E+1	+2.36082E-4
+3.34344E+1	+3.48337E-4
+3.29162E+1	+2.77744E-5
+3.28896E+1	+1.96735E-5
+3.27116E+1	+1.38872E-5
+3.24998E+1	-1.02997E-4
+3.24973E+1	-8.56377E-5
+3.21595E+1	-1.06469E-4
+3.20507E+1	-4.62907E-5
+3.20307E+1	-1.41187E-4
+3.18110E+1	-1.57388E-4
+3.18065E+1	-1.87477E-4
+3.17441E+1	-1.46973E-4
+3.14263E+1	-1.42344E-4
+3.14188E+1	-1.48130E-4
+3.12558E+1	-1.60860E-4
+3.07378E+1	+2.31453E-5
+3.07376E+1	+1.09940E-4
+3.03785E+1	+1.18041E-4
+3.02706E+1	+1.27299E-5
+3.02682E+1	+4.97625E-5
+2.98405E+1	+3.27506E-4
+2.98083E+1	+3.06676E-4
+2.97132E+1	+3.02047E-4
+2.92768E+1	+5.83262E-4
+2.92681E+1	+5.23085E-4
+2.90447E+1	+6.90888E-4
+2.86618E+1	+8.87624E-4
+2.86584E+1	+8.93410E-4
+2.83327E+1	+1.02071E-3
+2.81877E+1	+8.92253E-4
+2.80426E+1	+8.04300E-4
+2.76063E+1	+4.32818E-4
+2.75896E+1	+4.15459E-4
+2.72407E+1	+1.30771E-4
+2.71164E+1	-1.27299E-5
+2.70019E+1	+3.47180E-6
+2.66394E+1	+1.38872E-4
+2.66401E+1	+5.90206E-5
+2.63336E+1	+4.73322E-4
+2.61172E+1	+7.25606E-4
+2.61087E+1	+8.20502E-4
+2.55785E+1	+1.86204E-3
+2.55538E+1	+1.86551E-3
+2.53231E+1	+2.08539E-3
+2.50041E+1	+2.08539E-3
+2.49909E+1	+2.16177E-3
+2.46659E+1	+2.02637E-3
+2.44780E+1	+1.81112E-3
+2.43333E+1	+1.75557E-3
+2.40178E+1	+1.54379E-3
+2.39845E+1	+1.47552E-3
+2.34776E+1	+1.03923E-3
+2.33867E+1	+9.95249E-4
+2.31709E+1	+9.42015E-4
+2.27766E+1	+5.79791E-4
+2.27748E+1	+5.40444E-4
+2.25623E+1	+4.35132E-4
+2.23055E+1	+4.42076E-4
+2.23060E+1	+4.44390E-4
+2.19145E+1	-2.19881E-5
+2.16876E+1	-3.58753E-5
+2.16852E+1	-4.28189E-5
+2.12820E+1	-7.98514E-5
+2.12194E+1	-1.30771E-4
+2.11518E+1	-2.11780E-4
+2.07497E+1	-2.52284E-4
+2.06960E+1	-1.59703E-4
+2.04889E+1	-2.88159E-4
+2.02101E+1	-1.63175E-4
+2.02112E+1	-1.65489E-4
+1.96840E+1	-9.25813E-5
+1.95164E+1	+3.47180E-6
+1.95142E+1	-8.10087E-6
+1.91571E+1	+1.73590E-5
+1.90551E+1	+1.96735E-5
+1.90534E+1	+5.43915E-5
+1.86234E+1	+1.94421E-4
+1.84886E+1	+3.11305E-4
+1.83804E+1	+2.02522E-4
+1.79059E+1	+3.88842E-4
+1.79062E+1	+4.29346E-4
+1.77559E+1	+6.34182E-4
+1.72984E+1	+7.95042E-4
+1.72667E+1	+7.56852E-4
+1.71387E+1	+8.05458E-4
+1.69134E+1	+9.62846E-4
+1.69130E+1	+9.25813E-4
+1.65292E+1	+1.05311E-3
+1.63568E+1	+1.07394E-3
+1.63188E+1	+9.85991E-4
+1.58442E+1	+6.66586E-4
+1.57756E+1	+6.34182E-4
+1.55265E+1	+3.25192E-4
+1.51615E+1	+3.81898E-5
+1.51632E+1	-5.67061E-5
+1.48562E+1	+4.62907E-6
+1.46290E+1	+4.62907E-6
+1.46271E+1	+8.10087E-5
+1.41692E+1	+4.06201E-4
+1.40973E+1	+3.62224E-4
+1.39954E+1	+5.41601E-4
+1.36272E+1	+8.10087E-4
+1.36277E+1	+8.37861E-4
+1.32767E+1	+8.56377E-4
+1.32514E+1	+8.87624E-4
+1.32503E+1	+9.42015E-4
+1.27950E+1	+7.34864E-4
+1.26860E+1	+7.60324E-4
+1.26534E+1	+7.62639E-4
+1.21672E+1	+5.30028E-4
+1.21192E+1	+5.87892E-4
+1.19270E+1	+4.30503E-4
+1.16666E+1	+5.08040E-4
+1.16368E+1	+3.86527E-4
+1.13150E+1	+2.53441E-4
+1.09900E+1	+1.58546E-4
+1.09867E+1	+1.94421E-4
+1.05879E+1	+9.25813E-6
+1.05046E+1	-9.25813E-5
+1.03504E+1	-2.02522E-4
+9.99439E+0	-1.64332E-4
+9.99429E+0	-1.80534E-4
+9.50832E+0	-2.44183E-4
+9.38322E+0	-2.45341E-4
+9.21781E+0	-2.85845E-4
+8.84000E+0	-2.70800E-4
+8.84071E+0	-2.95103E-4
+8.33019E+0	-1.80534E-4
+8.17977E+0	-2.46498E-4
+8.10966E+0	-3.79583E-4
+7.76859E+0	-2.61542E-4
+7.70275E+0	-1.56231E-4
+7.57042E+0	-8.44805E-5
+7.17331E+0	-2.27982E-4
+7.16208E+0	-1.22670E-4
+6.96798E+0	-4.97625E-5
+6.62385E+0	-1.84005E-4
+6.62056E+0	-1.09940E-4
+6.27131E+0	-1.42344E-4
+6.16438E+0	-1.08783E-4
+6.06209E+0	-7.52223E-5
+5.54572E+0	-3.35607E-5
+5.49132E+0	-3.93471E-5
+5.22499E+0	+8.10087E-5
+4.94183E+0	+1.38872E-5
+4.93904E+0	+8.10087E-6
+4.60677E+0	+1.45816E-4
+4.48606E+0	+1.62017E-5
+4.47507E+0	+1.79376E-4
+3.91697E+0	-3.35607E-5
+3.82034E+0	-3.12462E-5
+3.80340E+0	+6.01779E-5
+3.34324E+0	-2.11780E-4
+3.30833E+0	-1.58546E-4
+3.07954E+0	-1.30771E-4
+2.81711E+0	-1.87477E-4
+2.78418E+0	-1.24985E-4
+2.23646E+0	-8.67950E-5
+2.13556E+0	+6.13351E-5
+2.09559E+0	-3.81898E-5
+1.51973E+0	+1.19198E-4
+1.51359E+0	+3.24035E-5
+1.26305E+0	+7.52223E-5
+8.92761E-1	+2.21038E-4
+8.93437E-1	+2.17566E-4
+7.33557E-1	+1.58546E-4
+3.47205E-1	+1.41187E-4
+3.48325E-1	+1.99050E-4
+1.72526E-3	+1.53916E-4
+1.22725E-3	+1.26142E-4
+4.26869E-4	+1.67804E-4
+6.93662E-4	+5.90206E-5
-8.18166E-4	+3.93471E-5
+6.04731E-4	-4.51334E-5
+5.86945E-4	-8.44805E-5
+1.03160E-3	-2.54599E-5
-7.64807E-4	+1.04154E-5
+1.54740E-3	+3.70325E-5
+1.72526E-3	+2.08308E-5
+2.38335E-3	+2.43026E-5
+1.52961E-3	-7.05933E-5
-5.33586E-5	-9.48959E-5
-1.63633E-3	+9.25813E-6
+2.49007E-4	+4.39761E-5
+1.60076E-4	-3.58753E-5
