-3.02366E-4	+9.25813E-6
-3.37938E-4	-3.47180E-5
-1.01381E-3	-7.86941E-5
-2.49007E-3	-2.89317E-5
+1.60076E-4	-8.44805E-5
-1.60076E-4	-6.94360E-5
-5.33586E-5	-8.44805E-5
-8.89311E-4	-7.40651E-5
+4.26869E-4	-1.34243E-4
+3.91297E-4	-1.42344E-4
-9.78242E-4	-1.45816E-4
-7.11449E-4	-3.47180E-5
+1.60076E-4	-1.66646E-4
-1.01381E-3	-9.83677E-5
-9.60456E-4	-7.75369E-5
-2.00984E-3	-6.01779E-5
-1.74305E-3	-8.33232E-5
-6.75876E-4	-3.58753E-5
-5.51373E-4	-8.33232E-5
-3.07702E-3	-1.79376E-4
-2.15213E-3	-7.86941E-5
+9.96028E-4	-1.06469E-4
+5.33586E-4	-1.28457E-4
-2.15213E-3	-1.90949E-4
+3.37938E-4	-1.59703E-4
+1.38732E-3	-2.07151E-4
-1.06717E-4	-1.74747E-4
+1.15610E-3	-2.47655E-4
+3.58570E-1	-2.09465E-4
+4.28648E-1	-1.92106E-4
+4.29075E-1	-1.84005E-4
+5.82054E-1	-1.46973E-4
+8.00753E-1	-2.08308E-4
+1.06844E+0	-4.86052E-5
+1.12555E+0	-1.51602E-4
+1.12418E+0	-1.00682E-4
+1.39862E+0	-2.77744E-5
+1.82335E+0	+1.50445E-4
+1.92819E+0	+4.30503E-4
+1.93404E+0	+2.14094E-4
+2.06580E+0	+3.17091E-4
+2.50896E+0	+6.35339E-4
+2.83069E+0	+6.88574E-4
+2.84090E+0	+7.41808E-4
+2.84174E+0	+8.04300E-4
+3.12253E+0	+9.11926E-4
+3.38883E+0	+1.06816E-3
+3.39180E+0	+1.02881E-3
+3.58782E+0	+1.07510E-3
+3.89394E+0	+1.32276E-3
+3.93246E+0	+1.22555E-3
+4.02788E+0	+1.36442E-3
+4.36383E+0	+1.40724E-3
+4.40506E+0	+1.41302E-3
+4.40141E+0	+1.49635E-3
+4.55169E+0	+1.55768E-3
+4.78773E+0	+1.61786E-3
+4.87198E+0	+1.70465E-3
+4.87093E+0	+1.57504E-3
+5.12111E+0	+1.85741E-3
+5.39481E+0	+1.64563E-3
+5.41903E+0	+1.60397E-3
+5.42156E+0	+1.78219E-3
+5.55232E+0	+1.64448E-3
+5.83335E+0	+1.82732E-3
+6.01215E+0	+1.67804E-3
+6.01066E+0	+1.71738E-3
+6.16209E+0	+1.68035E-3
+6.32040E+0	+1.61554E-3
+6.32844E+0	+1.51023E-3
+6.33011E+0	+1.52991E-3
+6.34342E+0	+1.51833E-3
+6.55783E+0	+1.54495E-3
+6.63476E+0	+1.43733E-3
+6.63629E+0	+1.37483E-3
+6.78615E+0	+1.33549E-3
+7.00613E+0	+1.27994E-3
+7.00652E+0	+1.30771E-3
+7.07354E+0	+1.24522E-3
+7.29987E+0	+1.01145E-3
+7.41609E+0	+1.02765E-3
+7.41381E+0	+1.05774E-3
+7.56307E+0	+1.03112E-3
+7.78154E+0	+8.21659E-4
+7.79876E+0	+8.59849E-4
+7.80673E+0	+7.68425E-4
+7.93955E+0	+8.37861E-4
+8.01440E+0	+6.98989E-4
+8.02069E+0	+7.64953E-4
+8.01877E+0	+6.29553E-4
+8.01938E+0	+6.95517E-4
+8.15382E+0	+5.60117E-4
+8.27594E+0	+6.43440E-4
+8.46204E+0	+4.97625E-4
+8.46967E+0	+3.80741E-4
+8.46777E+0	+3.44865E-4
+8.76624E+0	+2.76587E-4
+8.93782E+0	+2.23352E-4
+8.94661E+0	+2.45341E-4
+9.07488E+0	+2.24510E-4
+9.20695E+0	+5.67061E-5
+9.22936E+0	+5.90206E-5
+9.23338E+0	+9.72104E-5
+9.56327E+0	-1.12255E-4
+9.69368E+0	-1.30771E-4
+9.69552E+0	-1.23828E-4
+9.82742E+0	-1.72433E-4
+1.00021E+1	-2.19881E-4
+1.00771E+1	-2.36082E-4
+1.00789E+1	-3.19406E-4
+1.01954E+1	-3.21720E-4
+1.04554E+1	-3.32136E-4
+1.06028E+1	-3.18248E-4
+1.06070E+1	-2.61542E-4
+1.06866E+1	-2.31453E-4
+1.09199E+1	-2.55756E-4
+1.11467E+1	-2.11780E-4
+1.12289E+1	-1.56231E-4
+1.12309E+1	-2.23352E-4
+1.13245E+1	-7.86941E-5
+1.15962E+1	-6.36497E-5
+1.18463E+1	+1.11098E-4
+1.20334E+1	+2.02522E-4
+1.20503E+1	+3.02047E-4
+1.20493E+1	+2.81216E-4
+1.21394E+1	+2.21038E-4
+1.23553E+1	+3.11305E-4
+1.24439E+1	+6.04093E-4
+1.26485E+1	+6.37654E-4
+1.28006E+1	+8.25131E-4
+1.27999E+1	+7.95042E-4
+1.28027E+1	+8.15873E-4
+1.30253E+1	+1.03923E-3
+1.32600E+1	+1.19083E-3
+1.34236E+1	+1.35400E-3
+1.36296E+1	+1.67457E-3
+1.37023E+1	+1.69192E-3
+1.37058E+1	+1.59240E-3
+1.37125E+1	+1.65142E-3
+1.39199E+1	+1.79376E-3
+1.41878E+1	+2.03563E-3
+1.42686E+1	+2.25898E-3
+1.42705E+1	+2.28560E-3
+1.43162E+1	+2.24625E-3
+1.45322E+1	+2.36777E-3
+1.46348E+1	+2.45803E-3
+1.46403E+1	+2.44415E-3
+1.46377E+1	+2.50201E-3
+1.49092E+1	+2.69296E-3
+1.50941E+1	+2.88391E-3
+1.51710E+1	+2.82373E-3
+1.51717E+1	+2.88044E-3
+1.53353E+1	+2.98922E-3
+1.54907E+1	+3.06329E-3
+1.56034E+1	+3.12115E-3
+1.56280E+1	+3.02972E-3
+1.56255E+1	+3.15587E-3
+1.57653E+1	+3.20331E-3
+1.59863E+1	+3.16050E-3
+1.61669E+1	+3.28432E-3
+1.62356E+1	+3.24729E-3
+1.62349E+1	+3.27391E-3
+1.63847E+1	+3.35029E-3
+1.66110E+1	+3.28317E-3
+1.67641E+1	+3.28779E-3
+1.67648E+1	+3.35839E-3
+1.67642E+1	+3.30863E-3
+1.70466E+1	+3.18017E-3
+1.72623E+1	+2.97996E-3
+1.72981E+1	+3.05750E-3
+1.72991E+1	+3.04708E-3
+1.74936E+1	+2.90590E-3
+1.76047E+1	+2.90011E-3
+1.76037E+1	+2.88275E-3
+1.76761E+1	+2.83646E-3
+1.78827E+1	+2.63510E-3
+1.79096E+1	+2.61311E-3
+1.79101E+1	+2.63510E-3
+1.80718E+1	+2.48928E-3
+1.82702E+1	+2.33074E-3
+1.82971E+1	+2.30412E-3
+1.82984E+1	+2.35851E-3
+1.85057E+1	+2.11664E-3
+1.86171E+1	+1.98008E-3
+1.86750E+1	+2.01249E-3
+1.86728E+1	+1.91412E-3
+1.88015E+1	+1.80765E-3
+1.89027E+1	+1.67688E-3
+1.89172E+1	+1.67457E-3
+1.89163E+1	+1.70350E-3
+1.89293E+1	+1.70581E-3
+1.90614E+1	+1.52296E-3
+1.92090E+1	+1.40839E-3
+1.92128E+1	+1.48362E-3
+1.92122E+1	+1.46741E-3
+1.93610E+1	+1.29961E-3
+1.95909E+1	+1.01724E-3
+1.97005E+1	+9.79048E-4
+1.97447E+1	+8.41333E-4
+1.97454E+1	+9.15398E-4
+1.99039E+1	+8.43647E-4
+2.01093E+1	+6.22610E-4
+2.01434E+1	+5.68218E-4
+2.01454E+1	+5.71690E-4
+2.03325E+1	+3.19406E-4
+2.05438E+1	+3.00889E-4
+2.06003E+1	+1.22670E-4
+2.06008E+1	+2.12937E-4
+2.08186E+1	-4.86052E-5
+2.09100E+1	-4.05043E-5
+2.09163E+1	-6.01779E-5
+2.10125E+1	-3.93471E-5
+2.12690E+1	-1.60860E-4
+2.13708E+1	-1.77062E-4
+2.13713E+1	-2.97418E-4
+2.15212E+1	-2.67329E-4
+2.17247E+1	-4.24717E-4
+2.17764E+1	-3.78426E-4
+2.17828E+1	-3.91156E-4
+2.19986E+1	-3.42551E-4
+2.21594E+1	-3.52966E-4
+2.22238E+1	-3.35607E-4
+2.22230E+1	-3.28664E-4
+2.24566E+1	-3.26349E-4
+2.27390E+1	-8.10087E-5
+2.28503E+1	-1.21513E-4
+2.28523E+1	-9.95249E-5
+2.30850E+1	-1.04154E-5
+2.33204E+1	+1.08783E-4
+2.34629E+1	+2.66171E-4
+2.34638E+1	+2.53441E-4
+2.34784E+1	+4.16616E-4
+2.38595E+1	+5.18456E-4
+2.39360E+1	+5.98307E-4
+2.39384E+1	+6.06408E-4
+2.40091E+1	+6.01779E-4
+2.43532E+1	+8.81837E-4
+2.44663E+1	+1.14454E-3
+2.44652E+1	+1.00451E-3
+2.45943E+1	+1.07510E-3
+2.47813E+1	+1.25563E-3
+2.47870E+1	+1.26489E-3
+2.49066E+1	+1.44543E-3
+2.51659E+1	+1.67919E-3
+2.52386E+1	+1.59240E-3
+2.52405E+1	+1.87709E-3
+2.54223E+1	+1.89213E-3
+2.57706E+1	+1.98240E-3
+2.58166E+1	+2.10160E-3
+2.58310E+1	+2.22774E-3
+2.61677E+1	+2.36661E-3
+2.63319E+1	+2.37587E-3
+2.63313E+1	+2.50548E-3
+2.63333E+1	+2.46845E-3
+2.66237E+1	+2.52400E-3
+2.68065E+1	+2.51011E-3
+2.68141E+1	+2.56450E-3
+2.68177E+1	+2.71726E-3
+2.68798E+1	+2.63741E-3
+2.68825E+1	+2.59922E-3
+2.68811E+1	+2.60269E-3
+2.69568E+1	+2.66519E-3
+2.70401E+1	+2.69990E-3
+2.71942E+1	+2.71842E-3
+2.72698E+1	+2.71842E-3
+2.72709E+1	+2.67560E-3
+2.73634E+1	+2.75429E-3
+2.75688E+1	+2.69065E-3
+2.76680E+1	+2.59922E-3
+2.76783E+1	+2.65477E-3
+2.76833E+1	+2.73925E-3
+2.78957E+1	+2.55293E-3
+2.80380E+1	+2.69065E-3
+2.80512E+1	+2.61889E-3
+2.80628E+1	+2.48812E-3
+2.80676E+1	+2.51590E-3
+2.82491E+1	+2.49507E-3
+2.83520E+1	+2.46729E-3
+2.83770E+1	+2.40480E-3
+2.83777E+1	+2.53789E-3
+2.83785E+1	+2.40133E-3
+2.85022E+1	+2.44530E-3
+2.87309E+1	+2.29486E-3
+2.88093E+1	+2.30643E-3
+2.88091E+1	+2.41406E-3
+2.89663E+1	+2.25088E-3
+2.90560E+1	+2.19765E-3
+2.91160E+1	+2.16756E-3
+2.91154E+1	+2.27287E-3
+2.91168E+1	+2.18145E-3
+2.91174E+1	+2.22542E-3
+2.91188E+1	+2.21154E-3
+2.91178E+1	+2.16756E-3
+2.91159E+1	+2.21154E-3
+2.91173E+1	+2.17103E-3
+2.91197E+1	+2.12474E-3
+2.91168E+1	+2.18145E-3
+2.91179E+1	+2.18261E-3
+2.91189E+1	+2.20228E-3
+2.91181E+1	+2.16177E-3
+2.91157E+1	+2.11085E-3
+2.93099E+1	+2.08077E-3
+2.95156E+1	+1.84584E-3
+2.95774E+1	+1.89445E-3
+2.95777E+1	+1.88287E-3
+2.98225E+1	+1.66994E-3
+2.99849E+1	+1.50792E-3
+2.99953E+1	+1.47899E-3
+3.00669E+1	+1.47089E-3
+3.02948E+1	+1.34822E-3
+3.04403E+1	+1.33201E-3
+3.04450E+1	+1.17578E-3
+3.04967E+1	+1.09825E-3
+3.05835E+1	+1.11792E-3
+3.06554E+1	+1.15148E-3
+3.06569E+1	+1.12602E-3
+3.06575E+1	+9.67475E-4
+3.08967E+1	+9.21184E-4
+3.10308E+1	+9.66318E-4
+3.10381E+1	+9.74419E-4
+3.10371E+1	+7.96200E-4
+3.12027E+1	+7.51066E-4
+3.13558E+1	+6.37654E-4
+3.14190E+1	+5.90206E-4
+3.14179E+1	+5.64746E-4
+3.16018E+1	+5.85577E-4
+3.18288E+1	+3.89999E-4
+3.18976E+1	+3.28664E-4
+3.19004E+1	+3.02047E-4
+3.20372E+1	+3.08990E-4
+3.21916E+1	+2.24510E-4
+3.21998E+1	+2.56913E-4
+3.22018E+1	+3.49495E-4
+3.23624E+1	+1.41187E-4
+3.24312E+1	+2.53441E-4
+3.24315E+1	+2.08308E-4
+3.25183E+1	+9.14241E-5
+3.27259E+1	+1.59703E-4
+3.28137E+1	+1.08783E-4
+3.28105E+1	+1.12255E-4
+3.28199E+1	+6.94360E-5
+3.30422E+1	+3.35607E-5
+3.31053E+1	+3.12462E-5
+3.31217E+1	-5.09197E-5
+3.31307E+1	+9.48959E-5
+3.33996E+1	+2.31453E-6
+3.34782E+1	-2.31453E-5
+3.34718E+1	-1.96735E-5
+3.36411E+1	-1.71275E-4
+3.37909E+1	-7.63796E-5
+3.38872E+1	-1.90949E-4
+3.38848E+1	-1.96735E-4
+3.39340E+1	-7.98514E-5
+3.41524E+1	-1.29614E-4
+3.43738E+1	-1.55074E-4
+3.44222E+1	-1.07626E-4
+3.44225E+1	-4.97625E-5
+3.45293E+1	-6.36497E-5
+3.48157E+1	-3.47180E-6
+3.49514E+1	+3.24035E-5
+3.49636E+1	-9.37386E-5
+3.49641E+1	+2.19881E-5
+3.51931E+1	-8.56377E-5
+3.54175E+1	+9.95249E-5
+3.54283E+1	+1.09940E-4
+3.54318E+1	+1.88634E-4
+3.55642E+1	+3.00889E-5
+3.57805E+1	-2.31453E-6
+3.59607E+1	+2.38397E-4
+3.59721E+1	+3.24035E-5
+3.59762E+1	+1.23828E-4
+3.61558E+1	+1.63175E-4
+3.63820E+1	+1.07626E-4
+3.65693E+1	+1.44658E-4
+3.65696E+1	+2.54599E-4
+3.65719E+1	+2.65014E-4
+3.66726E+1	+2.01364E-4
+3.68928E+1	+3.49495E-4
+3.71059E+1	+2.60385E-4
+3.71137E+1	+2.26824E-4
+3.71122E+1	+2.40711E-4
+3.71887E+1	+2.69643E-4
+3.74233E+1	+3.00889E-4
+3.75757E+1	+3.98100E-4
+3.75779E+1	+2.89317E-4
+3.75804E+1	+3.29821E-4
+3.78096E+1	+3.55281E-4
+3.79772E+1	+3.24035E-4
+3.79854E+1	+3.98100E-4
+3.79826E+1	+4.14302E-4
+3.81971E+1	+3.35607E-4
+3.82762E+1	+4.25874E-4
+3.82751E+1	+3.94628E-4
+3.83730E+1	+3.86527E-4
+3.86414E+1	+4.57120E-4
+3.87411E+1	+3.59910E-4
+3.87428E+1	+3.91156E-4
+3.88680E+1	+4.59435E-4
+3.91521E+1	+5.18456E-4
+3.93704E+1	+5.94835E-4
+3.93852E+1	+3.78426E-4
+3.93927E+1	+4.09672E-4
+3.95993E+1	+6.22610E-4
+3.98858E+1	+5.40444E-4
+4.00492E+1	+5.02254E-4
+4.00472E+1	+5.79791E-4
+4.00659E+1	+6.09880E-4
+4.03265E+1	+6.33025E-4
+4.05190E+1	+6.04093E-4
+4.05242E+1	+5.91363E-4
+4.05238E+1	+5.64746E-4
+4.07812E+1	+6.95517E-4
+4.09005E+1	+5.28871E-4
+4.09030E+1	+5.20770E-4
+4.09004E+1	+6.22610E-4
+4.10550E+1	+6.41126E-4
+4.11922E+1	+6.31868E-4
+4.13284E+1	+7.11719E-4
+4.13547E+1	+5.87892E-4
+4.13522E+1	+7.10562E-4
+4.15637E+1	+6.94360E-4
+4.18102E+1	+6.28396E-4
+4.18064E+1	+7.23292E-4
+4.18908E+1	+6.65428E-4
+4.21084E+1	+5.53174E-4
+4.22850E+1	+6.30710E-4
+4.23055E+1	+5.39286E-4
+4.23262E+1	+5.20770E-4
+4.25976E+1	+6.14509E-4
+4.28217E+1	+6.20295E-4
+4.28916E+1	+5.57803E-4
+4.28939E+1	+6.90888E-4
+4.30380E+1	+5.23085E-4
+4.32764E+1	+6.35339E-4
+4.33646E+1	+6.36497E-4
+4.33767E+1	+5.11512E-4
+4.35204E+1	+5.09197E-4
+4.38047E+1	+4.28189E-4
+4.38953E+1	+4.68693E-4
+4.38960E+1	+6.20295E-4
+4.40328E+1	+5.56645E-4
+4.42987E+1	+5.10355E-4
+4.44253E+1	+4.77951E-4
+4.44235E+1	+3.27506E-4
+4.46203E+1	+2.71958E-4
+4.49513E+1	+3.44865E-4
+4.50312E+1	+2.91631E-4
+4.50292E+1	+3.07833E-4
+4.52730E+1	+1.41187E-4
+4.55881E+1	+1.40029E-4
+4.57152E+1	+4.97625E-5
+4.57130E+1	+3.12462E-5
+4.59013E+1	-1.27299E-5
+4.63546E+1	-1.48130E-4
+4.65503E+1	-1.85163E-4
+4.65533E+1	-1.09940E-4
+4.66687E+1	-1.84005E-4
+4.70642E+1	-3.70325E-4
+4.71599E+1	-3.14777E-4
+4.72209E+1	-2.45341E-4
+4.75487E+1	-2.21038E-4
+4.77692E+1	-1.87477E-4
+4.77677E+1	-2.73115E-4
+4.78708E+1	-1.58546E-4
+4.81469E+1	-1.18041E-4
+4.83942E+1	-6.24924E-5
+4.84091E+1	-1.86320E-4
+4.84227E+1	-1.33086E-4
+4.86578E+1	-7.40651E-5
+4.90081E+1	+4.86052E-5
+4.91449E+1	+4.62907E-5
+4.91462E+1	+2.09465E-4
+4.93259E+1	+2.95103E-4
+4.96052E+1	+3.91156E-4
+4.96911E+1	+3.80741E-4
+4.96930E+1	+4.66379E-4
+4.98424E+1	+5.10355E-4
+5.01985E+1	+6.61957E-4
+5.04451E+1	+9.20027E-4
+5.04478E+1	+8.39018E-4
+5.05919E+1	+1.07742E-3
+5.09583E+1	+1.30077E-3
+5.12049E+1	+1.39798E-3
+5.12089E+1	+1.48709E-3
+5.12554E+1	+1.54958E-3
+5.16631E+1	+1.77872E-3
+5.19621E+1	+1.93379E-3
+5.20516E+1	+1.96967E-3
+5.20519E+1	+1.96388E-3
+5.22533E+1	+2.13747E-3
+5.25770E+1	+2.30875E-3
+5.26154E+1	+2.33189E-3
+5.26213E+1	+2.35041E-3
+5.29045E+1	+2.37471E-3
+5.32714E+1	+2.40827E-3
+5.34236E+1	+2.42795E-3
+5.34340E+1	+2.26246E-3
+5.36367E+1	+2.42100E-3
+5.39787E+1	+2.37818E-3
+5.41534E+1	+2.21038E-3
+5.41663E+1	+2.28792E-3
+5.41646E+1	+2.36314E-3
+5.45491E+1	+2.14904E-3
+5.48358E+1	+1.89445E-3
+5.48721E+1	+1.92453E-3
+5.49559E+1	+1.65721E-3
+5.52238E+1	+1.53106E-3
+5.53716E+1	+1.31234E-3
+5.53813E+1	+1.41649E-3
+5.53752E+1	+1.35979E-3
+5.57791E+1	+1.06006E-3
+5.59860E+1	+9.22342E-4
+5.59844E+1	+9.51273E-4
+5.59840E+1	+9.46644E-4
+5.60762E+1	+7.27921E-4
+5.62995E+1	+6.34182E-4
+5.63628E+1	+5.18456E-4
+5.63909E+1	+5.42758E-4
+5.66378E+1	+3.88842E-4
+5.69694E+1	+7.17505E-5
+5.71494E+1	+1.68961E-4
+5.72667E+1	+6.82787E-5
+5.74960E+1	+8.67950E-5
+5.74957E+1	+4.51334E-5
+5.74949E+1	-3.35607E-5
+5.76450E+1	-8.21659E-5
+5.78469E+1	-6.24924E-5
+5.80139E+1	-6.71215E-5
+5.81154E+1	-9.60531E-5
+5.82638E+1	+1.29614E-4
+5.82798E+1	+3.81898E-5
+5.82824E+1	+6.94360E-5
+5.84009E+1	+3.00889E-5
+5.85830E+1	+1.55074E-4
+5.87464E+1	+2.69643E-4
+5.89284E+1	+5.23085E-4
+5.90696E+1	+6.01779E-4
+5.90669E+1	+7.51066E-4
+5.90636E+1	+6.71215E-4
+5.91933E+1	+8.66793E-4
+5.93675E+1	+1.09825E-3
+5.96017E+1	+1.40955E-3
+5.96670E+1	+1.60513E-3
+5.96677E+1	+1.55305E-3
+5.97430E+1	+1.80881E-3
+5.99276E+1	+1.98356E-3
+6.00518E+1	+2.27287E-3
+6.00689E+1	+2.35041E-3
+6.00716E+1	+2.30528E-3
+6.01577E+1	+2.39554E-3
+6.03501E+1	+2.98112E-3
+6.04245E+1	+3.22646E-3
+6.04341E+1	+3.01352E-3
+6.04335E+1	+2.93599E-3
+6.04349E+1	+2.95682E-3
+6.05045E+1	+2.87349E-3
+6.06935E+1	+3.26349E-3
+6.07502E+1	+3.52851E-3
+6.07537E+1	+3.54587E-3
+6.08652E+1	+3.67201E-3
+6.10930E+1	+4.36058E-3
+6.11439E+1	+4.52260E-3
+6.11473E+1	+4.53533E-3
+6.14307E+1	+5.01212E-3
+6.15594E+1	+5.33963E-3
+6.15618E+1	+5.55720E-3
+6.16425E+1	+5.81179E-3
+6.18616E+1	+5.88354E-3
+6.19347E+1	+6.02705E-3
+6.19310E+1	+6.13814E-3
+6.20845E+1	+6.11268E-3
+6.22405E+1	+6.12773E-3
+6.22666E+1	+6.31173E-3
+6.22760E+1	+6.39043E-3
+6.22915E+1	+6.35918E-3
+6.24404E+1	+6.45292E-3
+6.26061E+1	+6.62651E-3
+6.26161E+1	+6.70405E-3
+6.26214E+1	+6.57443E-3
+6.27617E+1	+6.97253E-3
+6.29137E+1	+7.10678E-3
+6.30624E+1	+7.22250E-3
+6.30710E+1	+7.52918E-3
+6.30707E+1	+7.35096E-3
+6.32954E+1	+7.51182E-3
+6.34304E+1	+7.65069E-3
+6.34322E+1	+7.51066E-3
+6.34340E+1	+7.40651E-3
+6.35850E+1	+7.34864E-3
+6.38233E+1	+7.09867E-3
+6.38820E+1	+7.11140E-3
+6.38837E+1	+7.32434E-3
+6.40179E+1	+6.91351E-3
+6.41111E+1	+6.87995E-3
+6.42646E+1	+6.71330E-3
+6.44072E+1	+6.61494E-3
+6.44091E+1	+6.76307E-3
+6.44032E+1	+6.99799E-3
+6.44924E+1	+6.72488E-3
+6.47564E+1	+6.32793E-3
+6.49369E+1	+6.33372E-3
+6.49979E+1	+6.28396E-3
+6.49998E+1	+6.37423E-3
+6.50280E+1	+6.37423E-3
+6.52224E+1	+6.08722E-3
+6.52961E+1	+5.95298E-3
+6.52961E+1	+5.83031E-3
+6.53019E+1	+5.84883E-3
+6.53513E+1	+5.67408E-3
+6.55169E+1	+5.39981E-3
+6.56500E+1	+5.11743E-3
+6.56712E+1	+5.03295E-3
+6.56769E+1	+5.13132E-3
+6.56788E+1	+4.97740E-3
+6.59582E+1	+4.26916E-3
+6.60809E+1	+3.87916E-3
+6.60800E+1	+3.99026E-3
+6.60892E+1	+3.93355E-3
+6.61560E+1	+3.76227E-3
+6.63300E+1	+3.40236E-3
+6.63589E+1	+3.44287E-3
+6.63530E+1	+3.46486E-3
+6.64024E+1	+3.31788E-3
+6.66539E+1	+2.69875E-3
+6.68735E+1	+2.37934E-3
+6.68753E+1	+2.42679E-3
+6.68765E+1	+2.23352E-3
+6.68804E+1	+2.27287E-3
+6.70849E+1	+1.90023E-3
+6.72513E+1	+1.48477E-3
+6.73049E+1	+1.46279E-3
+6.73233E+1	+1.44311E-3
+6.73994E+1	+1.22439E-3
+6.75622E+1	+9.76733E-4
+6.77162E+1	+5.71690E-4
+6.77657E+1	+7.10562E-4
+6.77742E+1	+7.14034E-4
+6.78478E+1	+5.12669E-4
+6.80023E+1	+1.26142E-4
+6.80682E+1	+2.29139E-4
+6.80721E+1	+2.80059E-4
+6.81474E+1	+2.15252E-4
+6.84502E+1	+1.38872E-5
+6.85316E+1	-1.27299E-5
+6.85313E+1	-8.10087E-5
+6.85266E+1	-9.72104E-5
+6.88160E+1	+3.24035E-5
+6.90039E+1	-1.71275E-4
+6.90410E+1	-9.60531E-5
+6.90463E+1	-8.91095E-5
+6.91839E+1	-3.58753E-5
+6.92067E+1	-6.48069E-5
+6.92095E+1	-1.15727E-4
+6.92145E+1	+8.67950E-5
+6.93341E+1	+1.15727E-6
+6.95672E+1	+2.73115E-4
+6.96047E+1	+2.78901E-4
+6.96241E+1	+2.49970E-4
+6.97022E+1	+5.25399E-4
+6.99747E+1	+9.37386E-4
+7.00140E+1	+1.02881E-3
+7.00162E+1	+9.15398E-4
+7.00876E+1	+1.08667E-3
+7.03149E+1	+1.76252E-3
+7.03563E+1	+1.66415E-3
+7.03583E+1	+1.61670E-3
+7.05392E+1	+2.22658E-3
+7.07707E+1	+2.76008E-3
+7.09084E+1	+3.00311E-3
+7.09095E+1	+2.95913E-3
+7.10290E+1	+3.32830E-3
+7.12890E+1	+4.10714E-3
+7.12939E+1	+4.11408E-3
+7.12952E+1	+4.22171E-3
+7.15210E+1	+4.69966E-3
+7.16747E+1	+5.35352E-3
+7.16776E+1	+5.48660E-3
+7.17690E+1	+5.83262E-3
+7.19654E+1	+6.61378E-3
+7.20174E+1	+6.60336E-3
+7.20280E+1	+6.61262E-3
+7.22079E+1	+7.23755E-3
+7.24828E+1	+7.86826E-3
+7.25385E+1	+8.12748E-3
+7.25365E+1	+8.20965E-3
+7.26455E+1	+8.32653E-3
+7.28631E+1	+8.80333E-3
+7.31548E+1	+9.07876E-3
+7.33108E+1	+9.23962E-3
+7.33120E+1	+9.79279E-3
+7.33724E+1	+9.88884E-3
+7.36776E+1	+1.04628E-2
+7.39843E+1	+1.10531E-2
+7.39976E+1	+1.17185E-2
+7.41160E+1	+1.21050E-2
+7.44852E+1	+1.16456E-2
+7.46426E+1	+1.16155E-2
+7.46592E+1	+1.19719E-2
+7.47447E+1	+1.17000E-2
+7.50633E+1	+1.08517E-2
+7.52823E+1	+1.07198E-2
+7.53248E+1	+1.13204E-2
+7.53274E+1	+1.12382E-2
+7.54667E+1	+1.08066E-2
+7.58257E+1	+1.12255E-2
+7.60038E+1	+1.09767E-2
+7.60082E+1	+1.05253E-2
+7.61295E+1	+1.04466E-2
+7.64020E+1	+9.53009E-3
+7.65245E+1	+9.02205E-3
+7.65201E+1	+9.32988E-3
+7.66915E+1	+8.33926E-3
+7.69024E+1	+7.93538E-3
+7.69005E+1	+8.08119E-3
+7.69725E+1	+7.64953E-3
+7.72617E+1	+6.51194E-3
+7.73109E+1	+6.56055E-3
+7.73379E+1	+6.58948E-3
+7.74259E+1	+6.42283E-3
+7.77101E+1	+5.55372E-3
+7.77379E+1	+5.59307E-3
+7.77374E+1	+5.54099E-3
+7.78235E+1	+5.13364E-3
+7.81507E+1	+4.06664E-3
+7.82562E+1	+3.60257E-3
+7.82551E+1	+3.67432E-3
+7.83731E+1	+3.28317E-3
+7.86392E+1	+2.29949E-3
+7.86997E+1	+2.05993E-3
+7.86998E+1	+2.12011E-3
+7.87560E+1	+1.93611E-3
+7.90430E+1	+1.25563E-3
+7.90845E+1	+1.28804E-3
+7.90823E+1	+1.35400E-3
+7.92822E+1	+9.94092E-4
+7.94593E+1	+6.15666E-4
+7.94937E+1	+6.38811E-4
+7.95081E+1	+5.49702E-4
+7.96882E+1	+2.24510E-4
+7.98133E+1	+1.00682E-4
+7.98141E+1	+3.81898E-5
+7.99300E+1	-1.31928E-4
+8.01915E+1	-2.31453E-4
+8.01979E+1	-9.72104E-5
+8.02009E+1	-1.72433E-4
+8.02003E+1	-1.04154E-4
+8.02111E+1	-9.14241E-5
+8.04032E+1	-1.40029E-4
+8.05533E+1	-1.84005E-4
+8.05524E+1	-1.45816E-4
+8.05553E+1	-2.10623E-4
+8.08532E+1	-4.62907E-5
+8.10012E+1	+2.61542E-4
+8.10065E+1	+1.78219E-4
+8.10951E+1	+3.69168E-4
+8.14168E+1	+9.53588E-4
+8.14630E+1	+1.11213E-3
+8.14720E+1	+1.14569E-3
+8.18161E+1	+1.87940E-3
+8.19646E+1	+1.99860E-3
+8.19666E+1	+2.06456E-3
+8.22025E+1	+2.80869E-3
+8.23453E+1	+3.28895E-3
+8.23425E+1	+3.25308E-3
+8.24386E+1	+3.87800E-3
+8.27359E+1	+4.91607E-3
+8.28111E+1	+4.95542E-3
+8.28172E+1	+5.14405E-3
+8.31398E+1	+6.30942E-3
+8.32692E+1	+6.57559E-3
+8.32715E+1	+6.42746E-3
+8.34680E+1	+7.54538E-3
+8.37288E+1	+7.98514E-3
+8.37508E+1	+7.45048E-3
+8.39336E+1	+7.98977E-3
+8.41680E+1	+9.83330E-3
+8.41719E+1	+9.48149E-3
+8.43938E+1	+9.18638E-3
+8.45928E+1	+1.07869E-2
+8.45929E+1	+1.12903E-2
+8.48705E+1	+1.17289E-2
+8.49207E+1	+1.09061E-2
+8.49376E+1	+1.13829E-2
+8.52712E+1	+1.26941E-2
+8.52678E+1	+1.17312E-2
+8.52717E+1	+1.06168E-2
+8.55666E+1	+1.18655E-2
+8.55828E+1	+1.18851E-2
+8.56910E+1	+1.12023E-2
+8.58682E+1	+1.27866E-2
+8.58818E+1	+1.18307E-2
+8.60993E+1	+1.17196E-2
+8.60968E+1	+1.25344E-2
+8.60972E+1	+1.26802E-2
+8.60924E+1	+1.15437E-2
+8.60912E+1	+1.16004E-2
+8.63085E+1	+1.25587E-2
+8.65450E+1	+1.19384E-2
+8.65578E+1	+1.17034E-2
+8.67468E+1	+1.16641E-2
+8.70664E+1	+1.08216E-2
+8.70792E+1	+1.03425E-2
+8.71029E+1	+1.08285E-2
+8.75164E+1	+9.54051E-3
+8.77479E+1	+8.97692E-3
+8.77524E+1	+9.10190E-3
+8.77578E+1	+9.07644E-3
+8.81678E+1	+8.09277E-3
+8.85100E+1	+6.88227E-3
+8.85296E+1	+6.91467E-3
+8.86213E+1	+6.43672E-3
+8.90801E+1	+4.31661E-3
+8.91968E+1	+4.08052E-3
+8.91967E+1	+4.08515E-3
+8.93956E+1	+3.64886E-3
+8.98114E+1	+2.57029E-3
+8.98743E+1	+2.39091E-3
+8.98762E+1	+2.25783E-3
+9.01439E+1	+1.70697E-3
+9.04782E+1	+9.32757E-4
+9.05984E+1	+8.34389E-4
+9.06028E+1	+7.73054E-4
+9.09253E+1	+1.95578E-4
+9.12905E+1	-1.48130E-4
+9.12991E+1	-7.63796E-5
+9.13258E+1	+6.94360E-6
+9.16292E+1	-2.10623E-4
+9.19271E+1	-9.60531E-5
+9.19447E+1	-6.01779E-5
+9.20977E+1	+6.13351E-5
+9.24574E+1	+2.84688E-4
+9.24899E+1	+3.30978E-4
+9.25402E+1	+3.98100E-4
+9.29368E+1	+1.18851E-3
+9.30733E+1	+1.58546E-3
+9.30777E+1	+1.69655E-3
+9.34788E+1	+2.53210E-3
+9.36986E+1	+3.37112E-3
+9.37319E+1	+3.28548E-3
+9.39429E+1	+3.32830E-3
+9.43425E+1	+4.28304E-3
+9.43609E+1	+4.45432E-3
+9.44604E+1	+4.38951E-3
+9.50114E+1	+5.56298E-3
+9.50920E+1	+6.35339E-3
+9.51483E+1	+6.44829E-3
+9.56564E+1	+6.50268E-3
+9.57669E+1	+6.74802E-3
+9.57678E+1	+6.82440E-3
+9.63075E+1	+7.52918E-3
+9.64018E+1	+7.99671E-3
+9.64066E+1	+7.73286E-3
+9.68595E+1	+8.23974E-3
+9.71335E+1	+8.11244E-3
+9.71533E+1	+7.86826E-3
+9.73107E+1	+7.86131E-3
+9.77612E+1	+7.09867E-3
+9.78586E+1	+7.16695E-3
+9.78654E+1	+6.81283E-3
+9.83571E+1	+6.46912E-3
+9.85351E+1	+6.78737E-3
+9.85280E+1	+6.73066E-3
+9.90351E+1	+5.40559E-3
+9.91613E+1	+5.24473E-3
+9.91700E+1	+5.43105E-3
+9.94090E+1	+4.56079E-3
+9.98713E+1	+3.57364E-3
+9.99014E+1	+3.77848E-3
+1.00005E+2	+3.43940E-3
+1.00554E+2	+2.46961E-3
+1.00657E+2	+2.32726E-3
+1.00664E+2	+2.30990E-3
+1.01104E+2	+1.34011E-3
+1.01253E+2	+1.07857E-3
+1.01251E+2	+1.23712E-3
+1.01494E+2	+8.57535E-4
+1.01927E+2	+4.60592E-4
+1.01925E+2	+3.32136E-4
+1.01991E+2	+3.29821E-4
+1.02570E+2	-1.42344E-4
+1.02675E+2	-1.73590E-4
+1.02675E+2	-3.21720E-4
+1.03015E+2	-2.45341E-4
+1.03424E+2	-2.25667E-4
+1.03421E+2	-3.13619E-4
+1.03558E+2	-2.12937E-4
+1.04082E+2	+1.11098E-4
+1.04105E+2	+2.84688E-4
+1.04186E+2	+2.82373E-4
+1.04608E+2	+5.54331E-4
+1.04848E+2	+7.51066E-4
+1.04845E+2	+7.07090E-4
+1.04844E+2	+8.50591E-4
+1.05281E+2	+1.43617E-3
+1.05551E+2	+1.56231E-3
+1.05549E+2	+1.50676E-3
+1.06012E+2	+2.14442E-3
+1.06302E+2	+2.39323E-3
+1.06326E+2	+2.34578E-3
+1.06597E+2	+2.50548E-3
+1.07098E+2	+3.17670E-3
+1.07108E+2	+2.73578E-3
+1.07294E+2	+2.95219E-3
+1.07874E+2	+3.44518E-3
+1.07913E+2	+3.67201E-3
+1.07909E+2	+3.38038E-3
+1.08006E+2	+3.41625E-3
+1.08462E+2	+3.31325E-3
+1.08519E+2	+3.35029E-3
+1.08528E+2	+3.08064E-3
+1.09037E+2	+3.04708E-3
+1.09391E+2	+2.93830E-3
+1.09395E+2	+3.08990E-3
+1.09774E+2	+2.93020E-3
+1.10069E+2	+2.45456E-3
+1.10069E+2	+2.51937E-3
+1.10342E+2	+2.19302E-3
+1.10593E+2	+2.10623E-3
+1.10594E+2	+2.23468E-3
+1.10873E+2	+1.75905E-3
+1.11266E+2	+1.67688E-3
+1.11267E+2	+1.77756E-3
+1.11820E+2	+1.28341E-3
+1.12009E+2	+7.75369E-4
+1.12020E+2	+9.32757E-4
+1.12020E+2	+8.51748E-4
+1.12464E+2	+5.13826E-4
+1.12535E+2	+4.49020E-4
+1.12537E+2	+4.59435E-4
+1.12535E+2	+2.17566E-4
+1.12830E+2	+2.69643E-4
+1.13208E+2	+5.32343E-5
+1.13207E+2	-4.16616E-5
+1.13315E+2	+1.85163E-5
+1.13807E+2	-1.12255E-4
+1.13883E+2	-2.30296E-4
+1.13976E+2	-3.04361E-4
+1.14440E+2	-3.89999E-4
+1.14484E+2	-3.10147E-4
+1.14479E+2	-1.96735E-4
+1.14816E+2	-2.97418E-4
+1.15117E+2	-3.02047E-4
+1.15149E+2	-3.17091E-4
+1.15269E+2	-3.24035E-4
+1.15783E+2	-1.00682E-4
+1.15830E+2	-1.48130E-4
+1.15831E+2	-1.31928E-4
+1.16201E+2	+1.01839E-4
+1.16361E+2	+1.05311E-4
+1.16367E+2	+8.10087E-6
+1.16371E+2	+8.91095E-5
+1.16381E+2	-5.78633E-5
+1.16823E+2	+2.21038E-4
+1.16919E+2	+3.14777E-4
+1.16959E+2	+2.54599E-4
+1.17460E+2	+5.48544E-4
+1.17631E+2	+5.53174E-4
+1.17635E+2	+4.33975E-4
+1.18035E+2	+7.46437E-4
+1.18326E+2	+5.99464E-4
+1.18322E+2	+7.39493E-4
+1.18601E+2	+7.33707E-4
+1.18976E+2	+6.74687E-4
+1.18988E+2	+7.97357E-4
+1.19271E+2	+7.15191E-4
+1.19594E+2	+9.39701E-4
+1.19589E+2	+1.11792E-3
+1.19710E+2	+9.98721E-4
+1.20166E+2	+8.55220E-4
+1.20238E+2	+7.90413E-4
+1.20238E+2	+7.47594E-4
+1.20388E+2	+7.95042E-4
+1.20837E+2	+6.96675E-4
+1.20902E+2	+7.00146E-4
+1.20901E+2	+5.99464E-4
+1.21316E+2	+5.45073E-4
+1.21505E+2	+6.14509E-4
+1.21503E+2	+5.43915E-4
+1.21868E+2	+3.93471E-4
+1.22109E+2	+3.36765E-4
+1.22106E+2	+3.26349E-4
+1.22388E+2	+1.86320E-4
+1.22774E+2	+7.98514E-5
+1.22774E+2	+7.75369E-5
+1.22931E+2	+9.37386E-5
+1.23350E+2	-2.59228E-4
+1.23445E+2	-1.86320E-4
+1.23480E+2	-6.01779E-5
+1.23930E+2	-2.70800E-4
+1.24030E+2	-2.27982E-4
+1.24099E+2	-2.22195E-4
+1.24534E+2	-3.61067E-4
+1.24600E+2	-3.70325E-4
+1.24635E+2	-2.87002E-4
+1.24831E+2	-3.28664E-4
+1.25026E+2	-2.85845E-4
+1.25070E+2	-5.38129E-4
+1.25080E+2	-4.64064E-4
+1.25332E+2	-4.58278E-4
+1.25592E+2	-4.45548E-4
+1.25680E+2	-5.20770E-4
+1.25673E+2	-4.30503E-4
+1.25933E+2	-4.37447E-4
+1.26178E+2	-3.43708E-4
+1.26342E+2	-2.51127E-4
+1.26345E+2	-4.82580E-4
+1.26431E+2	-3.99257E-4
+1.26759E+2	-3.77269E-4
+1.26948E+2	-3.70325E-4
+1.26944E+2	-4.37447E-4
+1.27278E+2	-2.89317E-4
+1.27547E+2	-3.87684E-4
+1.27554E+2	-2.74272E-4
+1.27602E+2	-2.88159E-4
+1.27979E+2	-2.90474E-4
+1.28092E+2	-2.10623E-4
+1.28097E+2	-2.41869E-4
+1.28160E+2	-3.03204E-4
+1.28608E+2	-1.53916E-4
+1.28681E+2	-2.83530E-4
+1.28684E+2	-1.02997E-4
+1.29092E+2	-2.26824E-4
+1.29230E+2	-1.73590E-4
+1.29237E+2	-7.29078E-5
+1.29572E+2	-2.02522E-4
+1.29872E+2	-1.22670E-4
+1.29868E+2	-3.05518E-4
+1.29869E+2	-9.48959E-5
+1.29875E+2	-1.19198E-4
+1.30334E+2	-1.95578E-4
+1.30492E+2	-1.20356E-4
+1.30495E+2	-7.40651E-5
+1.30491E+2	-7.05933E-5
+1.30838E+2	-6.82787E-5
+1.31066E+2	-6.71215E-5
+1.31064E+2	-1.60860E-4
+1.31145E+2	-1.40029E-4
+1.31562E+2	-2.14094E-4
+1.31611E+2	-3.00889E-4
+1.31611E+2	-2.66171E-4
+1.32112E+2	-1.21513E-4
+1.32265E+2	-1.66646E-4
+1.32261E+2	-3.71483E-4
+1.32783E+2	-6.13351E-5
+1.32943E+2	-1.70118E-4
+1.32944E+2	-5.67061E-5
+1.33314E+2	-2.36082E-4
+1.33685E+2	-2.07151E-4
+1.33726E+2	-2.18723E-4
+1.33928E+2	-2.77744E-4
+1.34412E+2	-2.85845E-4
+1.34439E+2	-3.68011E-4
+1.34703E+2	-3.07833E-4
+1.34960E+2	-3.18248E-4
+1.34958E+2	-3.21720E-4
+1.35117E+2	-4.71008E-4
+1.35542E+2	-4.65221E-4
+1.35638E+2	-3.00889E-4
+1.35633E+2	-4.25874E-4
+1.35634E+2	-4.79108E-4
+1.35981E+2	-2.73115E-4
+1.36309E+2	-3.80741E-4
+1.36306E+2	-3.42551E-4
+1.36549E+2	-3.64539E-4
+1.36827E+2	-4.73322E-4
+1.36828E+2	-4.82580E-4
+1.36959E+2	-4.13144E-4
+1.37042E+2	-3.94628E-4
+1.37052E+2	-3.71483E-4
+1.37047E+2	-6.05251E-4
+1.37051E+2	-5.12669E-4
+1.37049E+2	-4.64064E-4
+1.37050E+2	-4.60592E-4
+1.37297E+2	-4.96467E-4
+1.37643E+2	-5.45073E-4
+1.37644E+2	-4.01572E-4
+1.37894E+2	-3.71483E-4
+1.38320E+2	-2.31453E-4
+1.38318E+2	-4.57120E-4
+1.38463E+2	-4.28189E-4
+1.38661E+2	-4.44390E-4
+1.38657E+2	-3.68011E-4
+1.38671E+2	-4.59435E-4
+1.38918E+2	-3.66854E-4
+1.38919E+2	-2.75429E-4
+1.38915E+2	-3.84213E-4
+1.39171E+2	-3.41394E-4
+1.39215E+2	-4.86052E-4
+1.39213E+2	-4.31661E-4
+1.39495E+2	-4.89524E-4
+1.39622E+2	-3.30978E-4
+1.39619E+2	-3.85370E-4
+1.40080E+2	-5.17298E-4
+1.40183E+2	-2.49970E-4
+1.40183E+2	-3.55281E-4
+1.40448E+2	-4.32818E-4
+1.40553E+2	-5.03411E-4
+1.40556E+2	-4.83738E-4
+1.40581E+2	-6.17980E-4
+1.41077E+2	-4.51334E-4
+1.41091E+2	-4.00414E-4
+1.41094E+2	-4.28189E-4
+1.41535E+2	-3.87684E-4
+1.41745E+2	-3.42551E-4
+1.41742E+2	-3.24035E-4
+1.41742E+2	-4.86052E-4
+1.42111E+2	-4.52491E-4
+1.42295E+2	-2.76587E-4
+1.42291E+2	-5.16141E-4
+1.42295E+2	-2.81216E-4
+1.42412E+2	-4.86052E-4
+1.42752E+2	-3.33293E-4
+1.42943E+2	-2.69643E-4
+1.42935E+2	-3.73797E-4
+1.42982E+2	-4.09672E-4
+1.43425E+2	-3.98100E-4
+1.43542E+2	-3.49495E-4
+1.43546E+2	-3.36765E-4
+1.43544E+2	-4.30503E-4
+1.43984E+2	-3.89999E-4
+1.44150E+2	-4.03886E-4
+1.44147E+2	-2.45341E-4
+1.44226E+2	-3.98100E-4
+1.44532E+2	-4.40919E-4
+1.44747E+2	-3.99257E-4
+1.44751E+2	-3.69168E-4
+1.44751E+2	-3.43708E-4
+1.45268E+2	-5.64746E-4
+1.45578E+2	-4.32818E-4
+1.45575E+2	-4.10830E-4
+1.45577E+2	-4.09672E-4
+1.45860E+2	-5.43915E-4
+1.46261E+2	-6.81630E-4
+1.46389E+2	-4.83738E-4
+1.46393E+2	-3.33293E-4
+1.46397E+2	-4.29346E-4
+1.46835E+2	-4.66379E-4
+1.47144E+2	-4.73322E-4
+1.47145E+2	-3.96943E-4
+1.47139E+2	-5.91363E-4
+1.47314E+2	-3.37922E-4
+1.47767E+2	-5.58960E-4
+1.47814E+2	-6.64271E-4
+1.47810E+2	-4.57120E-4
+1.48068E+2	-4.73322E-4
+1.48545E+2	-6.77001E-4
+1.48623E+2	-6.42283E-4
+1.48625E+2	-5.68218E-4
+1.48904E+2	-6.24924E-4
+1.49249E+2	-5.39286E-4
+1.49264E+2	-5.97150E-4
+1.49478E+2	-4.49020E-4
+1.50118E+2	-5.75162E-4
+1.50126E+2	-5.62432E-4
+1.50133E+2	-4.64064E-4
+1.50511E+2	-3.34450E-4
+1.50813E+2	-5.30028E-4
+1.50824E+2	-3.58753E-4
+1.51003E+2	-5.13826E-4
+1.51423E+2	-4.43233E-4
+1.51538E+2	-4.96467E-4
+1.51537E+2	-4.58278E-4
+1.52110E+2	-5.12669E-4
+1.52328E+2	-5.03411E-4
+1.52343E+2	-5.18456E-4
+1.52391E+2	-3.06676E-4
+1.52910E+2	-4.24717E-4
+1.53047E+2	-3.44865E-4
+1.53058E+2	-4.81423E-4
+1.53142E+2	-2.92788E-4
+1.53619E+2	-5.49702E-4
+1.53745E+2	-6.43440E-4
+1.53743E+2	-4.88367E-4
+1.53746E+2	-4.24717E-4
+1.54246E+2	-5.63589E-4
+1.54570E+2	-5.45073E-4
+1.54577E+2	-4.51334E-4
+1.54614E+2	-5.34657E-4
+1.55189E+2	-5.53174E-4
+1.55377E+2	-4.37447E-4
+1.55371E+2	-6.35339E-4
+1.55569E+2	-4.29346E-4
+1.56242E+2	-5.98307E-4
+1.56280E+2	-7.15191E-4
+1.56302E+2	-6.63114E-4
+1.56863E+2	-5.65903E-4
+1.57154E+2	-5.74004E-4
+1.57153E+2	-6.51541E-4
+1.57163E+2	-5.92521E-4
+1.57696E+2	-5.42758E-4
+1.58075E+2	-5.47387E-4
+1.58102E+2	-5.60117E-4
+1.58193E+2	-5.21927E-4
+1.58787E+2	-4.71008E-4
+1.58865E+2	-5.56645E-4
+1.58862E+2	-4.77951E-4
+1.59109E+2	-5.02254E-4
+1.59673E+2	-6.38811E-4
+1.59756E+2	-5.89049E-4
+1.59756E+2	-5.34657E-4
+1.60209E+2	-6.30710E-4
+1.60572E+2	-6.33025E-4
+1.60583E+2	-4.72165E-4
+1.60742E+2	-6.53856E-4
+1.61208E+2	-5.79791E-4
+1.61208E+2	-5.60117E-4
+1.61215E+2	-6.58485E-4
+1.61652E+2	-7.17505E-4
+1.61964E+2	-6.01779E-4
+1.61963E+2	-6.28396E-4
+1.61964E+2	-5.35815E-4
+1.62283E+2	-5.08040E-4
+1.62678E+2	-5.06883E-4
+1.62683E+2	-5.39286E-4
+1.62673E+2	-5.85577E-4
+1.62678E+2	-6.08722E-4
+1.62677E+2	-7.01304E-4
+1.63028E+2	-5.06883E-4
+1.63555E+2	-4.76794E-4
+1.63810E+2	-5.42758E-4
+1.63818E+2	-5.60117E-4
+1.63905E+2	-4.65221E-4
+1.64448E+2	-7.36022E-4
+1.64528E+2	-5.53174E-4
+1.64523E+2	-5.86734E-4
+1.64912E+2	-6.16823E-4
+1.65268E+2	-5.87892E-4
+1.65272E+2	-6.01779E-4
+1.65266E+2	-6.82787E-4
+1.65270E+2	-6.74687E-4
+1.65707E+2	-6.72372E-4
+1.65949E+2	-6.27239E-4
+1.65954E+2	-5.83262E-4
+1.66281E+2	-5.71690E-4
+1.66818E+2	-6.09880E-4
+1.66824E+2	-5.18456E-4
+1.66889E+2	-4.13144E-4
+1.67693E+2	-4.86052E-4
+1.67784E+2	-6.09880E-4
+1.67794E+2	-6.86259E-4
+1.68246E+2	-6.34182E-4
+1.68674E+2	-5.89049E-4
+1.68673E+2	-6.57328E-4
+1.68888E+2	-6.70057E-4
+1.69450E+2	-5.68218E-4
+1.69460E+2	-5.98307E-4
+1.69462E+2	-6.27239E-4
+1.70024E+2	-5.77476E-4
+1.70157E+2	-6.48069E-4
+1.70168E+2	-5.52016E-4
+1.70389E+2	-6.70057E-4
+1.70889E+2	-6.38811E-4
+1.70919E+2	-7.02461E-4
+1.70965E+2	-5.86734E-4
+1.71604E+2	-5.30028E-4
+1.71778E+2	-6.68900E-4
+1.71779E+2	-6.73529E-4
+1.71832E+2	-6.60799E-4
+1.72420E+2	-7.86941E-4
+1.72441E+2	-6.60799E-4
+1.72442E+2	-6.75844E-4
+1.72883E+2	-7.24449E-4
+1.73129E+2	-5.98307E-4
+1.73131E+2	-4.20088E-4
+1.73571E+2	-5.91363E-4
+1.73776E+2	-6.15666E-4
+1.73778E+2	-6.17980E-4
+1.74185E+2	-6.65428E-4
+1.74436E+2	-5.31185E-4
+1.74440E+2	-6.56170E-4
+1.74531E+2	-6.70057E-4
+1.74911E+2	-6.68900E-4
+1.74909E+2	-7.18663E-4
+1.74912E+2	-4.28189E-4
+1.75153E+2	-6.95517E-4
+1.75153E+2	-6.02936E-4
+1.75156E+2	-6.23767E-4
+1.75153E+2	-7.01304E-4
+1.75156E+2	-6.19138E-4
+1.75152E+2	-6.63114E-4
+1.75154E+2	-6.50384E-4
+1.75154E+2	-5.71690E-4
+1.75154E+2	-5.78633E-4
+1.75156E+2	-6.53856E-4
+1.75154E+2	-7.14034E-4
+1.75158E+2	-6.58485E-4
+1.75156E+2	-5.19613E-4
+1.75155E+2	-6.60799E-4
+1.75153E+2	-6.66586E-4
+1.75159E+2	-6.14509E-4
+1.75157E+2	-6.19138E-4
+1.75160E+2	-3.87684E-4
+1.75157E+2	-3.47180E-4
