+7.82593E-4	-3.00889E-4
+1.51183E-3	-3.89999E-4
+1.83198E-3	-3.40236E-4
+1.44068E-3	-3.93471E-4
+9.42669E-4	-5.32343E-4
+1.52961E-3	-4.11987E-4
+1.22725E-3	-3.71483E-4
+8.35952E-4	-4.50177E-4
+1.77862E-5	-4.05043E-4
+3.52167E-3	-3.40236E-4
+1.33397E-3	-3.33293E-4
+2.41893E-3	-4.53649E-4
+1.97427E-3	-3.37922E-4
+2.84579E-4	-4.11987E-4
+1.79641E-3	-3.20563E-4
+1.28061E-3	-3.86527E-4
+7.29235E-4	-4.22402E-4
+1.33397E-3	-4.39761E-4
+9.78242E-4	-3.49495E-4
+4.49991E-3	-4.59435E-4
+2.38335E-3	-4.05043E-4
+7.47021E-4	-3.37922E-4
+8.00380E-4	-3.89999E-4
+1.56519E-3	-3.63382E-4
+7.82593E-4	-4.32818E-4
+2.06320E-3	-4.10830E-4
+1.04939E-3	-3.11305E-4
+6.22518E-4	-4.53649E-4
+6.04731E-4	-4.16616E-4
+1.47626E-3	-3.94628E-4
+2.77465E-3	-3.94628E-4
+8.53738E-4	-4.03886E-4
+1.99206E-3	-3.74954E-4
+2.95251E-3	-4.76794E-4
+2.24106E-3	-4.16616E-4
+1.19168E-3	-4.27031E-4
+3.73511E-4	-3.70325E-4
-4.80228E-4	-4.44390E-4
+9.42669E-4	-4.31661E-4
+2.52564E-3	-4.76794E-4
+3.80447E-2	-4.13144E-4
+3.79914E-2	-3.37922E-4
+2.63432E-1	-3.39079E-4
+3.59228E-1	-4.53649E-4
+3.57485E-1	-4.33975E-4
+6.23158E-1	-4.45548E-4
+8.19411E-1	-3.96943E-4
+8.21634E-1	-4.24717E-4
+8.51533E-1	-4.23560E-4
+1.05465E+0	-3.61067E-4
+1.07343E+0	-3.48337E-4
+1.07813E+0	-2.87002E-4
+1.07865E+0	-4.37447E-4
+1.13720E+0	-2.88159E-4
+1.36143E+0	-3.30978E-4
+1.36105E+0	-3.95785E-4
+1.43396E+0	-2.48812E-4
+1.82503E+0	-1.29614E-4
+1.82721E+0	-9.25813E-5
+2.04451E+0	-1.30771E-4
+2.29446E+0	-2.31453E-6
+2.29570E+0	+5.43915E-5
+2.63236E+0	+2.04836E-4
+2.84919E+0	+1.63175E-4
+2.84613E+0	+1.37715E-4
+3.10007E+0	+1.81691E-4
+3.35523E+0	+2.24510E-4
+3.39197E+0	-1.27299E-5
+3.54152E+0	+8.10087E-5
+3.77964E+0	-5.20770E-5
+3.78485E+0	+8.91095E-5
+3.90068E+0	+1.73590E-5
+4.17825E+0	-1.09940E-4
+4.31481E+0	-1.01839E-4
+4.32548E+0	-1.38872E-4
+4.49490E+0	-2.01364E-4
+4.70972E+0	-1.63175E-4
+4.77702E+0	-2.30296E-4
+4.78945E+0	-1.93264E-4
+5.03711E+0	-2.98575E-4
+5.17954E+0	-2.68486E-4
+5.17992E+0	-1.78219E-4
+5.41322E+0	-5.90206E-5
+5.55373E+0	-3.00889E-4
+5.54916E+0	-1.58546E-4
+5.68101E+0	-1.68961E-4
+5.92978E+0	-3.30978E-4
+5.93665E+0	-1.78219E-4
+5.93713E+0	-2.89317E-4
+6.11264E+0	-3.58753E-4
+6.22439E+0	-3.56438E-4
+6.24639E+0	-3.36765E-4
+6.24696E+0	-2.26824E-4
+6.24406E+0	-2.51127E-4
+6.48356E+0	-2.70800E-4
+6.55173E+0	-2.41869E-4
+6.55034E+0	-3.22877E-4
+6.68399E+0	-3.28664E-4
+6.78007E+0	-3.39079E-4
+6.78023E+0	-2.12937E-4
+6.84760E+0	-3.59910E-4
+6.86415E+0	-2.83530E-4
+6.86402E+0	-2.56913E-4
+6.86153E+0	-3.57595E-4
+6.86804E+0	-2.76587E-4
+7.08144E+0	-2.30296E-4
+7.15993E+0	-3.35607E-4
+7.16726E+0	-4.16616E-4
+7.16971E+0	-3.61067E-4
+7.39956E+0	-2.62700E-4
+7.53956E+0	-2.56913E-4
+7.54342E+0	-2.55756E-4
+7.53979E+0	-2.44183E-4
+7.72349E+0	-3.15934E-4
+7.84986E+0	-2.77744E-4
+7.85601E+0	-2.87002E-4
+7.85715E+0	-2.66171E-4
+7.94089E+0	-2.09465E-4
+8.08359E+0	-3.24035E-4
+8.24064E+0	-3.85370E-4
+8.31602E+0	-3.96943E-4
+8.31883E+0	-2.85845E-4
+8.36388E+0	-2.19881E-4
+8.59631E+0	-2.77744E-4
+8.62338E+0	-4.39761E-4
+8.62386E+0	-2.71958E-4
+8.70454E+0	-3.47180E-4
+8.85625E+0	-3.99257E-4
+8.99995E+0	-3.91156E-4
+8.99785E+0	-4.43233E-4
+9.00055E+0	-4.53649E-4
+9.10309E+0	-4.43233E-4
+9.31889E+0	-5.20770E-4
+9.45903E+0	-4.69850E-4
+9.46629E+0	-4.21245E-4
+9.46636E+0	-2.70800E-4
+9.69215E+0	-4.32818E-4
+9.83795E+0	-3.19406E-4
+9.85563E+0	-3.49495E-4
+9.85408E+0	-4.09672E-4
+9.93979E+0	-3.06676E-4
+1.01410E+1	-3.05518E-4
+1.02365E+1	-3.48337E-4
+1.02407E+1	-3.04361E-4
+1.02501E+1	-4.13144E-4
+1.03936E+1	-4.29346E-4
+1.05321E+1	-3.87684E-4
+1.06090E+1	-2.98575E-4
+1.06092E+1	-3.37922E-4
+1.06098E+1	-2.88159E-4
+1.06104E+1	-2.41869E-4
+1.06114E+1	-3.13619E-4
+1.06133E+1	-3.10147E-4
+1.07653E+1	-1.62017E-4
+1.09200E+1	-2.88159E-4
+1.09861E+1	-3.19406E-4
+1.09897E+1	-2.29139E-4
+1.10658E+1	-2.36082E-4
+1.12919E+1	-4.60592E-4
+1.13721E+1	-2.40711E-4
+1.13683E+1	-2.18723E-4
+1.14594E+1	-3.70325E-4
+1.16350E+1	-1.72433E-4
+1.17493E+1	-2.63857E-4
+1.18249E+1	-3.00889E-4
+1.18247E+1	-2.88159E-4
+1.18248E+1	-1.82848E-4
+1.19370E+1	-1.22670E-4
+1.20594E+1	-1.04154E-5
+1.21275E+1	-4.39761E-5
+1.21263E+1	-5.55488E-5
+1.21272E+1	-5.09197E-5
+1.22026E+1	+3.81898E-5
+1.23484E+1	+1.30771E-4
+1.25157E+1	+1.57388E-4
+1.25769E+1	+3.37922E-4
+1.25771E+1	+3.22877E-4
+1.26567E+1	+4.23560E-4
+1.29001E+1	+6.26081E-4
+1.30306E+1	+7.07090E-4
+1.30299E+1	+7.01304E-4
+1.31129E+1	+8.08929E-4
+1.34050E+1	+1.01839E-3
+1.34861E+1	+1.17000E-3
+1.34895E+1	+1.20934E-3
+1.34915E+1	+1.16537E-3
+1.37063E+1	+1.28572E-3
+1.39039E+1	+1.45584E-3
+1.39359E+1	+1.53338E-3
+1.39373E+1	+1.51255E-3
+1.40699E+1	+1.59008E-3
+1.43314E+1	+1.63869E-3
+1.43659E+1	+1.75557E-3
+1.43723E+1	+1.70581E-3
+1.44859E+1	+1.76252E-3
+1.47077E+1	+1.64563E-3
+1.47103E+1	+1.62943E-3
+1.47109E+1	+1.83195E-3
+1.47937E+1	+1.52991E-3
+1.49449E+1	+1.54958E-3
+1.49462E+1	+1.47783E-3
+1.49455E+1	+1.56810E-3
+1.50912E+1	+1.48709E-3
+1.53091E+1	+1.34590E-3
+1.53471E+1	+1.21050E-3
+1.53504E+1	+1.26952E-3
+1.54703E+1	+1.20124E-3
+1.56271E+1	+9.94092E-4
+1.57305E+1	+8.23974E-4
+1.57796E+1	+9.16555E-4
+1.57801E+1	+9.47801E-4
+1.57791E+1	+8.30918E-4
+1.59775E+1	+5.72847E-4
+1.61820E+1	+5.99464E-4
+1.61906E+1	+5.19613E-4
+1.62070E+1	+5.08040E-4
+1.64642E+1	+2.89317E-4
+1.65606E+1	+3.05518E-4
+1.66103E+1	+2.46498E-4
+1.66124E+1	+2.10623E-4
+1.67098E+1	+2.24510E-4
+1.68763E+1	+1.48130E-4
+1.71451E+1	+1.06469E-4
+1.72270E+1	+2.31453E-6
+1.72246E+1	-5.09197E-5
+1.72354E+1	-2.54599E-5
+1.74876E+1	+7.05933E-5
+1.77752E+1	-1.48130E-4
+1.78363E+1	-5.67061E-5
+1.78346E+1	-1.38872E-4
+1.78353E+1	-1.38872E-4
+1.79885E+1	-5.32343E-5
+1.81534E+1	-1.50445E-5
+1.82935E+1	-1.68961E-4
+1.82922E+1	-1.36557E-4
+1.82942E+1	-9.72104E-5
+1.84489E+1	-1.04154E-4
+1.87241E+1	-1.14569E-4
+1.88255E+1	-9.25813E-6
+1.88268E+1	-6.82787E-5
+1.88287E+1	-1.12255E-4
+1.91160E+1	-6.13351E-5
+1.92086E+1	-1.08783E-4
+1.92112E+1	-1.37715E-4
+1.92123E+1	-1.04154E-5
+1.95482E+1	-5.78633E-5
+1.96862E+1	-1.52759E-4
+1.96881E+1	+4.97625E-5
+1.97920E+1	-9.25813E-5
+2.01197E+1	-4.28189E-5
+2.01474E+1	-1.53916E-4
+2.01485E+1	-1.22670E-4
+2.03885E+1	-1.42344E-4
+2.06607E+1	-7.17505E-5
+2.07541E+1	-2.15252E-4
+2.07528E+1	-1.48130E-4
+2.08687E+1	-1.71275E-4
+2.12023E+1	-2.48812E-4
+2.13544E+1	-1.97893E-4
+2.13751E+1	-1.53916E-4
+2.13737E+1	-2.21038E-4
+2.15954E+1	-2.62700E-4
+2.19426E+1	-8.79523E-5
+2.22087E+1	-1.22670E-4
+2.22238E+1	-1.27299E-4
+2.22238E+1	-1.13412E-4
+2.24227E+1	-9.95249E-5
+2.27187E+1	-7.86941E-5
+2.27659E+1	-8.33232E-5
+2.27658E+1	-1.36557E-4
+2.30493E+1	-1.12255E-4
+2.32754E+1	-5.78633E-6
+2.34698E+1	-4.05043E-5
+2.34709E+1	+1.72433E-4
+2.34952E+1	-4.16616E-5
+2.38201E+1	+1.90949E-4
+2.40313E+1	+4.53649E-4
+2.40821E+1	+3.74954E-4
+2.40801E+1	+4.25874E-4
+2.43787E+1	+6.56170E-4
+2.44750E+1	+8.73736E-4
+2.44743E+1	+8.25131E-4
+2.46059E+1	+1.03691E-3
+2.49271E+1	+1.49519E-3
+2.50247E+1	+1.67572E-3
+2.50242E+1	+1.60050E-3
+2.50999E+1	+1.72664E-3
+2.54056E+1	+2.03679E-3
+2.54770E+1	+2.04720E-3
+2.54749E+1	+2.09581E-3
+2.57403E+1	+2.20112E-3
+2.60035E+1	+2.24857E-3
+2.60312E+1	+2.22311E-3
+2.60293E+1	+2.43836E-3
+2.62838E+1	+2.31106E-3
+2.65926E+1	+2.09697E-3
+2.66713E+1	+1.90023E-3
+2.66698E+1	+2.04605E-3
+2.69282E+1	+1.67919E-3
+2.73598E+1	+1.32276E-3
+2.75010E+1	+1.20587E-3
+2.75039E+1	+1.11908E-3
+2.76521E+1	+9.64003E-4
+2.79195E+1	+6.49227E-4
+2.81913E+1	+4.42076E-4
+2.81940E+1	+4.66379E-4
+2.81915E+1	+3.95785E-4
+2.83517E+1	+3.37922E-4
+2.85544E+1	+1.75905E-4
+2.86706E+1	+1.50445E-4
+2.86766E+1	+1.40029E-4
+2.86763E+1	+2.15252E-4
+2.89755E+1	+5.09197E-5
+2.91462E+1	+1.15727E-6
+2.91955E+1	-5.55488E-5
+2.91943E+1	-1.50445E-5
+2.93776E+1	-1.96735E-5
+2.95818E+1	-3.47180E-6
+2.96568E+1	+4.62907E-5
+2.96546E+1	+9.14241E-5
+2.98245E+1	-8.67950E-5
+3.01489E+1	+1.72433E-4
+3.01933E+1	+2.08308E-5
+3.01915E+1	+1.55074E-4
+3.04353E+1	+8.91095E-5
+3.06503E+1	+2.11780E-4
+3.06502E+1	+1.07626E-4
+3.06779E+1	+8.91095E-5
+3.10280E+1	+1.95578E-4
+3.11270E+1	+2.43026E-5
+3.11333E+1	+1.58546E-4
+3.12682E+1	+2.38397E-4
+3.15679E+1	+1.77062E-4
+3.16567E+1	+1.15727E-6
+3.16570E+1	+3.00889E-5
+3.18053E+1	+4.16616E-5
+3.21260E+1	+8.10087E-6
+3.22567E+1	-1.15727E-5
+3.22685E+1	+4.97625E-5
+3.24494E+1	+5.67061E-5
+3.27389E+1	+4.51334E-5
+3.27481E+1	-2.54599E-5
+3.27488E+1	+4.39761E-5
+3.30023E+1	-5.32343E-5
+3.34011E+1	-1.11098E-4
+3.35259E+1	-7.29078E-5
+3.35253E+1	-1.12255E-4
+3.35273E+1	-1.13412E-4
+3.38201E+1	-1.06469E-4
+3.43160E+1	-1.11098E-4
+3.44358E+1	-1.56231E-4
+3.44341E+1	-2.14094E-4
+3.46076E+1	-8.56377E-5
+3.50515E+1	-4.28189E-5
+3.51892E+1	-8.56377E-5
+3.51908E+1	-9.60531E-5
+3.53237E+1	+3.58753E-5
+3.57266E+1	+1.45816E-4
+3.57279E+1	+2.89317E-5
+3.57272E+1	+1.14569E-4
+3.61489E+1	+2.70800E-4
+3.61952E+1	+3.05518E-4
+3.61948E+1	+3.04361E-4
+3.64683E+1	+3.92313E-4
+3.65163E+1	+4.33975E-4
+3.65172E+1	+3.34450E-4
+3.66808E+1	+3.94628E-4
+3.69588E+1	+5.36972E-4
+3.69543E+1	+5.91363E-4
+3.69560E+1	+5.32343E-4
+3.72014E+1	+5.94835E-4
+3.74350E+1	+5.54331E-4
+3.74403E+1	+5.77476E-4
+3.74422E+1	+6.23767E-4
+3.77188E+1	+6.21452E-4
+3.78219E+1	+7.10562E-4
+3.78236E+1	+6.48069E-4
+3.81099E+1	+6.96675E-4
+3.83405E+1	+5.21927E-4
+3.83737E+1	+5.12669E-4
+3.83710E+1	+4.79108E-4
+3.85998E+1	+4.89524E-4
+3.88929E+1	+4.01572E-4
+3.90504E+1	+2.23352E-4
+3.90534E+1	+3.57595E-4
+3.92359E+1	+3.18248E-4
+3.95700E+1	+7.52223E-5
+3.95985E+1	+1.43501E-4
+3.96147E+1	+2.31453E-5
+3.99937E+1	-2.54599E-5
+4.01422E+1	-9.95249E-5
+4.01470E+1	-1.02997E-4
+4.02144E+1	-1.40029E-4
+4.05759E+1	-1.68961E-4
+4.06038E+1	-1.62017E-4
+4.06063E+1	-1.30771E-4
+4.06075E+1	-9.48959E-5
+4.10252E+1	-2.62700E-4
+4.11231E+1	-1.59703E-4
+4.11229E+1	-1.74747E-4
+4.11237E+1	-2.04836E-4
+4.13751E+1	-1.15727E-4
+4.15976E+1	-2.37240E-4
+4.15974E+1	-5.55488E-5
+4.17367E+1	-2.09465E-4
+4.19913E+1	-7.29078E-5
+4.20422E+1	-9.72104E-5
+4.20410E+1	-7.17505E-5
+4.20402E+1	-2.02522E-4
+4.20411E+1	-2.31453E-4
+4.23621E+1	-9.25813E-5
+4.25737E+1	-5.90206E-5
+4.25737E+1	-2.02522E-4
+4.28118E+1	-9.48959E-5
+4.29690E+1	-1.60860E-4
+4.29703E+1	-1.23828E-4
+4.31480E+1	-1.24985E-4
+4.35492E+1	-1.15727E-4
+4.36525E+1	-1.62017E-4
+4.36490E+1	-5.78633E-6
+4.40114E+1	-2.38397E-4
+4.43563E+1	-1.66646E-4
+4.44362E+1	-1.85163E-4
+4.44362E+1	-2.52284E-4
+4.47135E+1	-2.43026E-4
+4.48812E+1	-1.78219E-4
+4.48795E+1	-3.08990E-4
+4.50358E+1	-3.32136E-4
+4.52815E+1	-3.13619E-4
+4.54083E+1	-3.10147E-4
+4.54113E+1	-3.13619E-4
+4.55673E+1	-2.54599E-4
+4.58836E+1	-3.92313E-4
+4.60659E+1	-2.80059E-4
+4.60997E+1	-2.62700E-4
+4.61645E+1	-2.87002E-4
+4.65263E+1	-2.93946E-4
+4.65663E+1	-3.20563E-4
+4.65657E+1	-3.88842E-4
+4.68053E+1	-3.25192E-4
+4.70545E+1	-3.27506E-4
+4.70799E+1	-2.82373E-4
+4.70883E+1	-2.88159E-4
+4.74243E+1	-3.39079E-4
+4.77287E+1	-2.98575E-4
+4.78329E+1	-2.11780E-4
+4.78448E+1	-3.66854E-4
+4.80095E+1	-3.05518E-4
+4.83090E+1	-1.01839E-4
+4.83828E+1	-2.25667E-4
+4.83849E+1	-1.11098E-4
+4.86938E+1	-7.63796E-5
+4.89744E+1	+1.78219E-4
+4.90077E+1	+5.09197E-5
+4.90044E+1	+1.19198E-4
+4.93494E+1	+2.53441E-4
+4.96151E+1	+4.49020E-4
+4.96726E+1	+3.43708E-4
+4.96779E+1	+4.05043E-4
+5.00906E+1	+5.34657E-4
+5.03814E+1	+4.95310E-4
+5.03844E+1	+4.20088E-4
+5.05160E+1	+4.76794E-4
+5.09622E+1	+2.11780E-4
+5.09965E+1	+2.66171E-4
+5.10818E+1	+2.97418E-4
+5.14564E+1	-9.95249E-5
+5.15974E+1	-6.94360E-5
+5.16014E+1	-9.14241E-5
+5.16027E+1	-1.04154E-5
+5.16074E+1	-1.27299E-5
+5.16017E+1	-6.36497E-5
+5.17420E+1	-6.94360E-5
+5.21833E+1	-9.95249E-5
+5.23079E+1	-2.15252E-4
+5.23081E+1	-1.45816E-4
+5.26306E+1	-1.65489E-4
+5.29720E+1	-1.60860E-4
+5.29821E+1	-1.93264E-4
+5.30435E+1	-1.12255E-4
+5.34136E+1	-2.90474E-4
+5.36973E+1	-9.37386E-5
+5.37450E+1	-1.40029E-4
+5.38245E+1	-1.84005E-4
+5.41360E+1	-2.73115E-4
+5.44568E+1	-1.37715E-4
+5.44883E+1	-8.79523E-5
+5.46248E+1	-1.87477E-4
+5.49858E+1	-1.93264E-4
+5.50595E+1	-1.71275E-4
+5.50556E+1	-2.48812E-4
+5.53571E+1	-3.70325E-4
+5.55219E+1	-3.54124E-4
+5.55182E+1	-2.56913E-4
+5.57175E+1	-2.76587E-4
+5.60067E+1	-2.69643E-4
+5.60365E+1	-3.00889E-4
+5.60430E+1	-2.84688E-4
+5.63442E+1	-2.07151E-4
+5.66622E+1	-2.83530E-4
+5.66908E+1	-2.32611E-4
+5.66956E+1	-2.98575E-4
+5.70244E+1	-1.87477E-4
+5.72706E+1	-2.43026E-4
+5.72635E+1	-1.30771E-4
+5.72954E+1	-2.77744E-5
+5.76273E+1	-7.40651E-5
+5.78482E+1	+1.09940E-4
+5.78702E+1	-2.19881E-5
+5.78926E+1	+0.00000E+0
+5.82552E+1	+7.63796E-5
+5.84956E+1	+1.02997E-4
+5.85394E+1	+1.00682E-4
+5.85970E+1	-3.00889E-5
+5.89173E+1	+2.87002E-4
+5.89907E+1	+2.85845E-4
+5.89939E+1	+3.26349E-4
+5.92754E+1	+7.69582E-4
+5.95140E+1	+9.90620E-4
+5.95188E+1	+9.42015E-4
+5.96496E+1	+1.30540E-3
+5.99769E+1	+2.04836E-3
+6.00069E+1	+2.23931E-3
+6.00274E+1	+2.38628E-3
+6.03684E+1	+3.18480E-3
+6.05502E+1	+3.79236E-3
+6.05758E+1	+3.79583E-3
+6.07557E+1	+4.16732E-3
+6.09689E+1	+4.66841E-3
+6.09755E+1	+4.88367E-3
+6.09718E+1	+4.69619E-3
+6.12299E+1	+4.99245E-3
+6.14827E+1	+5.06999E-3
+6.14843E+1	+5.29334E-3
+6.15342E+1	+5.09313E-3
+6.18342E+1	+4.57120E-3
+6.20058E+1	+4.48441E-3
+6.20096E+1	+4.31661E-3
+6.20118E+1	+4.32471E-3
+6.22217E+1	+3.53429E-3
+6.23852E+1	+3.13851E-3
+6.23817E+1	+3.12346E-3
+6.25397E+1	+2.44993E-3
+6.27569E+1	+1.94652E-3
+6.27717E+1	+1.94768E-3
+6.29035E+1	+1.79724E-3
+6.32203E+1	+1.16884E-3
+6.32860E+1	+1.17925E-3
+6.32897E+1	+1.19546E-3
+6.35940E+1	+7.38336E-4
+6.36600E+1	+7.81155E-4
+6.36660E+1	+7.46437E-4
+6.38872E+1	+4.87209E-4
+6.41049E+1	+5.71690E-4
+6.41103E+1	+5.45073E-4
+6.42634E+1	+5.43915E-4
+6.45554E+1	+3.62224E-4
+6.45732E+1	+4.15459E-4
+6.45758E+1	+4.77951E-4
+6.49169E+1	+4.77951E-4
+6.52253E+1	+3.81898E-4
+6.52248E+1	+4.29346E-4
+6.52677E+1	+3.89999E-4
+6.56346E+1	+2.63857E-4
+6.59019E+1	+2.75429E-4
+6.59054E+1	+3.27506E-4
+6.60209E+1	+3.72640E-4
+6.63816E+1	+4.87209E-4
+6.64309E+1	+4.27031E-4
+6.64381E+1	+4.89524E-4
+6.67619E+1	+4.28189E-4
+6.69767E+1	+5.82105E-4
+6.69909E+1	+5.03411E-4
+6.71414E+1	+5.17298E-4
+6.74360E+1	+4.18931E-4
+6.74747E+1	+5.30028E-4
+6.75486E+1	+4.62907E-4
+6.78603E+1	+5.35815E-4
+6.79950E+1	+2.67329E-4
+6.79975E+1	+4.86052E-4
+6.82549E+1	+5.32343E-4
+6.85140E+1	+5.46230E-4
+6.85194E+1	+4.84895E-4
+6.86536E+1	+6.78158E-4
+6.89417E+1	+9.10769E-4
+6.89758E+1	+8.45962E-4
+6.89826E+1	+8.00829E-4
+6.91786E+1	+8.80680E-4
+6.92870E+1	+9.24656E-4
+6.93437E+1	+9.72104E-4
+6.93428E+1	+1.01955E-3
+6.94869E+1	+9.95249E-4
+6.97247E+1	+9.81362E-4
+6.97411E+1	+9.59374E-4
+6.98204E+1	+1.00335E-3
+7.01054E+1	+1.26026E-3
+7.01653E+1	+1.30424E-3
+7.01663E+1	+1.21744E-3
+7.04877E+1	+1.87130E-3
+7.05395E+1	+2.10160E-3
+7.05357E+1	+2.06225E-3
+7.05668E+1	+2.13863E-3
+7.07163E+1	+2.56450E-3
+7.07960E+1	+2.79827E-3
+7.08395E+1	+2.88507E-3
+7.08367E+1	+2.84688E-3
+7.08350E+1	+2.74735E-3
+7.08352E+1	+2.65014E-3
+7.08400E+1	+3.22762E-3
+7.08351E+1	+4.21939E-3
+7.08432E+1	+4.79108E-3
+7.08368E+1	+4.58278E-3
+7.08375E+1	+4.63485E-3
+7.09159E+1	+4.91954E-3
+7.09558E+1	+5.36972E-3
+7.09708E+1	+4.84085E-3
+7.09874E+1	+4.80497E-3
+7.09918E+1	+4.85705E-3
+7.09899E+1	+4.69387E-3
+7.10155E+1	+5.04915E-3
+7.14390E+1	+8.06615E-3
+7.14460E+1	+7.89256E-3
+7.15188E+1	+8.27909E-3
+7.20572E+1	+9.45140E-3
+7.20594E+1	+9.42710E-3
+7.20612E+1	+9.13315E-3
+7.24168E+1	+1.10947E-2
+7.24175E+1	+1.12602E-2
+7.24174E+1	+1.04316E-2
+7.27655E+1	+1.15831E-2
+7.29263E+1	+1.17902E-2
+7.29281E+1	+1.16398E-2
+7.30667E+1	+1.16664E-2
+7.33827E+1	+1.11410E-2
+7.33898E+1	+1.09720E-2
+7.34428E+1	+1.07684E-2
+7.40008E+1	+7.88909E-3
+7.40712E+1	+7.53844E-3
+7.41984E+1	+6.70520E-3
+7.45749E+1	+4.46589E-3
+7.45851E+1	+4.57699E-3
+7.47886E+1	+3.46717E-3
+7.51175E+1	+2.20459E-3
+7.51186E+1	+2.24510E-3
+7.53276E+1	+1.85626E-3
+7.54774E+1	+2.21269E-3
+7.54802E+1	+2.18261E-3
+7.57964E+1	+1.57620E-3
+7.60404E+1	+1.49982E-3
+7.60690E+1	+1.56000E-3
+7.62631E+1	+1.45121E-3
+7.66027E+1	+1.27531E-3
+7.66006E+1	+1.28688E-3
+7.66845E+1	+9.88306E-4
+7.70516E+1	+1.20471E-3
+7.70545E+1	+1.15379E-3
+7.72633E+1	+1.20471E-3
+7.75001E+1	+1.10750E-3
+7.75005E+1	+1.09130E-3
+7.76378E+1	+1.18736E-3
+7.79539E+1	+1.31581E-3
+7.79650E+1	+1.32391E-3
+7.80356E+1	+1.25216E-3
+7.84195E+1	+1.42460E-3
+7.84199E+1	+1.33201E-3
+7.84367E+1	+1.41071E-3
+7.87124E+1	+1.35632E-3
+7.87129E+1	+1.46510E-3
+7.87127E+1	+1.45237E-3
+7.87161E+1	+1.41881E-3
+7.87197E+1	+1.36326E-3
+7.89174E+1	+1.44311E-3
+7.91846E+1	+1.41534E-3
+7.92195E+1	+1.49982E-3
+7.92376E+1	+1.40955E-3
+7.95806E+1	+1.28109E-3
+7.96016E+1	+1.32160E-3
+7.96014E+1	+1.22555E-3
+7.97261E+1	+1.25563E-3
+7.98893E+1	+1.17463E-3
+7.98905E+1	+1.25563E-3
+8.00155E+1	+1.10866E-3
+8.02651E+1	+1.10635E-3
+8.02703E+1	+1.10750E-3
+8.02729E+1	+1.20240E-3
+8.06595E+1	+1.25795E-3
+8.07832E+1	+1.49172E-3
+8.07827E+1	+1.37252E-3
+8.07845E+1	+1.44427E-3
+8.09173E+1	+1.55537E-3
+8.10773E+1	+1.66646E-3
+8.10778E+1	+1.70002E-3
+8.11665E+1	+1.74169E-3
+8.14144E+1	+1.76946E-3
+8.14610E+1	+1.87130E-3
+8.14601E+1	+1.84931E-3
+8.14602E+1	+1.85394E-3
+8.14590E+1	+1.78913E-3
+8.16667E+1	+2.01480E-3
+8.18449E+1	+2.12358E-3
+8.18504E+1	+2.24973E-3
+8.18977E+1	+2.45341E-3
+8.22001E+1	+3.29127E-3
+8.22715E+1	+3.13388E-3
+8.22714E+1	+3.21026E-3
+8.22705E+1	+3.28201E-3
+8.22715E+1	+3.04361E-3
+8.22711E+1	+3.09222E-3
+8.22746E+1	+3.13504E-3
+8.26656E+1	+5.25515E-3
+8.27232E+1	+5.64515E-3
+8.27268E+1	+5.62779E-3
+8.28733E+1	+6.63461E-3
+8.31931E+1	+9.27086E-3
+8.32443E+1	+9.32063E-3
+8.34620E+1	+1.07070E-2
+8.37767E+1	+1.31581E-2
+8.37877E+1	+1.30794E-2
+8.39875E+1	+1.29440E-2
+8.40726E+1	+1.50317E-2
+8.40736E+1	+1.53095E-2
+8.40740E+1	+1.37865E-2
+8.40746E+1	+1.35724E-2
+8.40737E+1	+1.43814E-2
+8.40743E+1	+1.38490E-2
+8.40727E+1	+1.33618E-2
+8.40733E+1	+1.37148E-2
+8.40740E+1	+1.39671E-2
+8.43820E+1	+1.44404E-2
+8.46304E+1	+1.41001E-2
+8.46367E+1	+1.45110E-2
+8.49156E+1	+1.30725E-2
+8.51346E+1	+1.16317E-2
+8.51365E+1	+1.17983E-2
+8.53407E+1	+1.02846E-2
+8.56458E+1	+7.64143E-3
+8.56546E+1	+7.77105E-3
+8.56568E+1	+7.79188E-3
+8.58106E+1	+6.66354E-3
+8.61934E+1	+4.49251E-3
+8.62686E+1	+4.26106E-3
+8.62641E+1	+4.24138E-3
+8.66772E+1	+2.66634E-3
+8.67708E+1	+2.40249E-3
+8.67709E+1	+2.42795E-3
+8.71292E+1	+1.76715E-3
+8.72354E+1	+1.59819E-3
+8.72340E+1	+1.50560E-3
+8.75125E+1	+1.48825E-3
+8.76643E+1	+1.37715E-3
+8.76696E+1	+1.61670E-3
+8.77479E+1	+1.35400E-3
+8.80442E+1	+1.54495E-3
+8.80536E+1	+1.64911E-3
+8.80804E+1	+1.54611E-3
+8.84261E+1	+1.41302E-3
+8.85830E+1	+1.33780E-3
+8.85823E+1	+1.44890E-3
+8.86693E+1	+1.27299E-3
+8.89368E+1	+1.32160E-3
+8.89557E+1	+1.48014E-3
+8.89560E+1	+1.51833E-3
+8.92363E+1	+1.63522E-3
+8.94115E+1	+1.56578E-3
+8.94164E+1	+1.58546E-3
+8.95304E+1	+1.64563E-3
+8.99480E+1	+1.84005E-3
+8.99501E+1	+1.94652E-3
+8.99509E+1	+1.82964E-3
+9.03427E+1	+1.77988E-3
+9.05439E+1	+1.48940E-3
+9.05435E+1	+1.46626E-3
+9.07128E+1	+1.34937E-3
+9.11352E+1	+1.44311E-3
+9.11489E+1	+1.51602E-3
+9.11586E+1	+1.29730E-3
+9.16579E+1	+1.49287E-3
+9.16866E+1	+1.59124E-3
+9.16835E+1	+1.31813E-3
+9.20673E+1	+1.48940E-3
+9.21127E+1	+1.48940E-3
+9.21121E+1	+1.40608E-3
+9.24652E+1	+1.43038E-3
+9.26195E+1	+1.62017E-3
+9.26192E+1	+1.62365E-3
+9.28038E+1	+1.79029E-3
+9.30721E+1	+2.16988E-3
+9.30811E+1	+2.13053E-3
+9.32719E+1	+2.60501E-3
+9.35998E+1	+3.23109E-3
+9.36706E+1	+3.28317E-3
+9.36809E+1	+3.41394E-3
+9.41092E+1	+5.02485E-3
+9.41967E+1	+5.77823E-3
+9.41969E+1	+5.53984E-3
+9.46189E+1	+8.34621E-3
+9.48109E+1	+9.99763E-3
+9.48139E+1	+9.85644E-3
+9.52516E+1	+1.16259E-2
+9.53232E+1	+1.12243E-2
+9.53281E+1	+1.12660E-2
+9.58471E+1	+1.16548E-2
+9.60683E+1	+1.16143E-2
+9.60697E+1	+1.09952E-2
+9.63769E+1	+9.74071E-3
+9.66719E+1	+8.82763E-3
+9.66695E+1	+8.65520E-3
+9.67874E+1	+7.54075E-3
+9.71188E+1	+5.63126E-3
+9.71163E+1	+5.61969E-3
+9.72004E+1	+5.25052E-3
+9.76649E+1	+2.72884E-3
+9.77833E+1	+2.37587E-3
+9.77808E+1	+2.39323E-3
+9.82931E+1	+1.44195E-3
+9.83487E+1	+1.42575E-3
+9.83787E+1	+1.43038E-3
+9.86752E+1	+1.16884E-3
+9.88375E+1	+1.27184E-3
+9.88388E+1	+1.16190E-3
+9.90475E+1	+9.84834E-4
+9.93826E+1	+8.30918E-4
+9.93935E+1	+9.83677E-4
+9.95372E+1	+8.13559E-4
+9.99106E+1	+1.03112E-3
+9.99148E+1	+8.27446E-4
+1.00033E+2	+8.40176E-4
+1.00437E+2	+1.02765E-3
+1.00488E+2	+1.02534E-3
+1.00504E+2	+1.07857E-3
+1.01008E+2	+1.04154E-3
+1.01115E+2	+1.09362E-3
+1.01114E+2	+1.22207E-3
+1.01597E+2	+1.10866E-3
+1.01641E+2	+1.12255E-3
+1.01645E+2	+1.09593E-3
+1.01643E+2	+1.07047E-3
+1.01832E+2	+1.11098E-3
+1.01926E+2	+1.21860E-3
+1.01929E+2	+1.04501E-3
+1.01926E+2	+1.13644E-3
+1.01921E+2	+9.81362E-4
+1.01922E+2	+1.10982E-3
+1.02071E+2	+1.22902E-3
+1.02372E+2	+9.26971E-4
+1.02378E+2	+9.48959E-4
+1.02512E+2	+7.78841E-4
+1.02675E+2	+8.25131E-4
+1.02676E+2	+8.71422E-4
+1.02702E+2	+8.57535E-4
+1.03170E+2	+7.84627E-4
+1.03218E+2	+7.67268E-4
+1.03218E+2	+7.47594E-4
+1.03650E+2	+8.72579E-4
+1.03722E+2	+9.73261E-4
+1.03722E+2	+9.58217E-4
+1.03986E+2	+9.55902E-4
+1.04256E+2	+1.01029E-3
+1.04275E+2	+1.21976E-3
+1.04277E+2	+1.17115E-3
+1.04668E+2	+1.18851E-3
+1.04921E+2	+1.18273E-3
+1.04923E+2	+1.59124E-3
+1.04952E+2	+1.43617E-3
+1.05403E+2	+1.91296E-3
+1.05540E+2	+2.35272E-3
+1.05546E+2	+2.35967E-3
+1.05781E+2	+3.07254E-3
+1.06120E+2	+3.94049E-3
+1.06125E+2	+3.84675E-3
+1.06144E+2	+3.86527E-3
+1.06520E+2	+4.86631E-3
+1.06725E+2	+5.39865E-3
+1.06723E+2	+5.50512E-3
+1.06952E+2	+5.72847E-3
+1.07232E+2	+6.75728E-3
+1.07242E+2	+6.58485E-3
+1.07501E+2	+6.54782E-3
+1.07820E+2	+6.23188E-3
+1.07913E+2	+5.94719E-3
+1.07916E+2	+5.62663E-3
+1.08267E+2	+4.54922E-3
+1.08506E+2	+3.70673E-3
+1.08509E+2	+3.63150E-3
+1.08701E+2	+3.04245E-3
+1.09109E+2	+2.01712E-3
+1.09174E+2	+1.88750E-3
+1.09215E+2	+1.81228E-3
+1.09688E+2	+8.58692E-4
+1.09692E+2	+8.81837E-4
+1.09707E+2	+8.39018E-4
+1.09993E+2	+4.25874E-4
+1.10023E+2	+4.94153E-4
+1.10028E+2	+4.06201E-4
+1.10527E+2	+2.52284E-4
+1.10593E+2	+2.68486E-4
+1.10592E+2	+4.53649E-4
+1.10943E+2	+2.90474E-4
+1.11140E+2	+2.37240E-4
+1.11139E+2	+2.91631E-4
+1.11383E+2	+1.51602E-4
+1.11729E+2	+1.95578E-4
+1.11739E+2	+2.53441E-4
+1.11803E+2	+8.91095E-5
+1.12303E+2	+3.44865E-4
+1.12315E+2	+3.30978E-4
+1.12316E+2	+2.07151E-4
+1.12440E+2	+1.58546E-4
+1.12943E+2	+3.57595E-4
+1.13003E+2	+3.14777E-4
+1.13009E+2	+4.06201E-4
+1.13409E+2	+3.42551E-4
+1.13434E+2	+3.14777E-4
+1.13434E+2	+3.44865E-4
+1.13886E+2	+1.62017E-4
+1.14104E+2	+5.78633E-5
+1.14106E+2	+1.48130E-4
+1.14480E+2	+1.01839E-4
+1.14705E+2	-4.62907E-5
+1.14703E+2	+1.19198E-4
+1.15033E+2	+9.14241E-5
+1.15227E+2	+1.07626E-4
+1.15224E+2	+7.05933E-5
+1.15492E+2	+2.40711E-4
+1.15697E+2	+2.09465E-4
+1.15696E+2	+2.18723E-4
+1.15694E+2	+1.19198E-4
+1.15914E+2	+3.08990E-4
+1.16220E+2	+4.14302E-4
+1.16225E+2	+3.05518E-4
+1.16290E+2	+3.20563E-4
+1.16677E+2	+6.77001E-4
+1.16741E+2	+5.09197E-4
+1.16746E+2	+5.54331E-4
+1.16876E+2	+5.69375E-4
+1.17260E+2	+8.15873E-4
+1.17259E+2	+8.32075E-4
+1.17257E+2	+7.54538E-4
+1.17377E+2	+7.59167E-4
+1.17719E+2	+1.17925E-3
+1.17723E+2	+1.42575E-3
+1.17813E+2	+1.61554E-3
+1.18230E+2	+1.93958E-3
+1.18231E+2	+2.05183E-3
+1.18437E+2	+2.21154E-3
+1.18825E+2	+2.02753E-3
+1.18829E+2	+2.04836E-3
+1.18827E+2	+1.96620E-3
+1.19179E+2	+2.08771E-3
+1.19358E+2	+1.79261E-3
+1.19361E+2	+1.92685E-3
+1.19686E+2	+1.47899E-3
+1.19868E+2	+1.13759E-3
+1.19877E+2	+1.23017E-3
+1.20044E+2	+9.72104E-4
+1.20471E+2	+2.98575E-4
+1.20480E+2	+2.87002E-4
+1.20594E+2	+3.61067E-4
+1.21053E+2	-1.73590E-5
+1.21052E+2	-5.78633E-6
+1.21058E+2	+5.32343E-5
+1.21528E+2	-1.04154E-4
+1.21658E+2	-1.97893E-4
+1.21683E+2	-1.23828E-4
+1.22040E+2	-6.94360E-5
+1.22095E+2	-7.40651E-5
+1.22156E+2	-1.05311E-4
+1.22556E+2	-2.16409E-4
+1.22565E+2	-1.01839E-4
+1.22797E+2	-2.70800E-4
+1.23221E+2	-2.34925E-4
+1.23223E+2	-2.40711E-4
+1.23515E+2	-2.31453E-5
+1.23888E+2	-2.14094E-4
+1.23895E+2	-5.78633E-5
+1.24109E+2	-2.61542E-4
+1.24508E+2	-3.35607E-4
+1.24557E+2	-1.85163E-4
+1.24721E+2	-2.62700E-4
+1.25008E+2	-3.02047E-4
+1.25010E+2	-2.15252E-4
+1.25105E+2	-3.78426E-4
+1.25533E+2	-3.64539E-4
+1.25599E+2	-1.11098E-4
+1.25616E+2	-2.51127E-4
+1.26113E+2	-1.77062E-4
+1.26213E+2	-2.32611E-4
+1.26256E+2	-2.88159E-4
+1.26776E+2	-4.62907E-5
+1.26822E+2	-1.55074E-4
+1.26825E+2	-3.12462E-5
+1.27206E+2	-3.35607E-5
+1.27482E+2	+7.29078E-5
+1.27479E+2	-1.67804E-4
+1.27842E+2	-1.48130E-4
+1.27938E+2	-4.74479E-5
+1.27939E+2	-1.23828E-4
+1.28374E+2	-1.85163E-5
+1.28476E+2	+1.43501E-4
+1.28473E+2	+5.55488E-5
+1.28770E+2	-1.38872E-5
+1.29264E+2	+1.60860E-4
+1.29275E+2	+2.19881E-4
+1.29516E+2	+1.72433E-4
+1.29876E+2	+3.27506E-4
+1.29873E+2	+1.42344E-4
+1.30042E+2	+2.47655E-4
+1.30343E+2	+2.60385E-4
+1.30351E+2	+1.06469E-4
+1.30583E+2	+2.21038E-4
+1.30931E+2	+8.33232E-5
+1.30944E+2	+1.79376E-4
+1.31136E+2	+5.67061E-5
+1.31516E+2	+3.47180E-5
+1.31533E+2	-9.02668E-5
+1.31745E+2	-1.42344E-4
+1.32127E+2	-1.90949E-4
+1.32141E+2	-2.45341E-4
+1.32143E+2	-2.60385E-4
+1.32603E+2	-2.92788E-4
+1.33020E+2	-1.64332E-4
+1.33019E+2	-3.88842E-4
+1.33240E+2	-4.30503E-4
+1.33775E+2	-2.76587E-4
+1.33810E+2	-3.43708E-4
+1.33820E+2	-2.31453E-4
+1.34348E+2	-2.87002E-4
+1.34380E+2	-4.06201E-4
+1.34381E+2	-3.66854E-4
+1.34603E+2	-3.76112E-4
+1.35042E+2	-3.62224E-4
+1.35060E+2	-3.63382E-4
+1.35160E+2	-3.32136E-4
+1.35535E+2	-2.99732E-4
+1.35591E+2	-4.23560E-4
+1.35593E+2	-3.94628E-4
+1.36021E+2	-3.72640E-4
+1.36179E+2	-3.56438E-4
+1.36183E+2	-4.91838E-4
+1.36492E+2	-5.18456E-4
+1.36751E+2	-4.33975E-4
+1.36751E+2	-2.63857E-4
+1.37044E+2	-4.62907E-4
+1.37420E+2	-3.62224E-4
+1.37419E+2	-3.18248E-4
+1.37455E+2	-5.27714E-4
+1.38023E+2	-3.72640E-4
+1.38051E+2	-3.54124E-4
+1.38163E+2	-3.05518E-4
+1.38788E+2	-4.61749E-4
+1.38915E+2	-4.27031E-4
+1.38976E+2	-4.37447E-4
+1.39588E+2	-4.35132E-4
+1.39664E+2	-4.00414E-4
+1.39890E+2	-5.21927E-4
+1.40346E+2	-4.25874E-4
+1.40400E+2	-5.06883E-4
+1.40429E+2	-4.61749E-4
+1.40816E+2	-4.69850E-4
+1.41264E+2	-3.25192E-4
+1.41370E+2	-4.57120E-4
+1.41378E+2	-3.62224E-4
+1.41928E+2	-4.00414E-4
+1.42037E+2	-5.08040E-4
+1.42039E+2	-4.75637E-4
+1.42418E+2	-3.51809E-4
+1.42809E+2	-3.18248E-4
+1.42811E+2	-5.48544E-4
+1.43146E+2	-4.27031E-4
+1.43613E+2	-2.93946E-4
+1.43618E+2	-3.12462E-4
+1.43885E+2	-2.74272E-4
+1.44146E+2	-4.21245E-4
+1.44147E+2	-3.95785E-4
+1.44148E+2	-4.39761E-4
+1.44147E+2	-4.20088E-4
+1.44536E+2	-4.53649E-4
+1.45068E+2	-4.11987E-4
+1.45276E+2	-4.01572E-4
+1.45300E+2	-4.45548E-4
+1.45728E+2	-5.18456E-4
+1.45804E+2	-5.31185E-4
+1.46010E+2	-4.16616E-4
+1.46317E+2	-2.80059E-4
+1.46319E+2	-4.33975E-4
+1.46571E+2	-4.24717E-4
+1.46776E+2	-2.99732E-4
+1.46859E+2	-4.30503E-4
+1.47163E+2	-3.26349E-4
+1.47169E+2	-3.77269E-4
+1.47289E+2	-5.13826E-4
+1.47668E+2	-5.06883E-4
+1.47669E+2	-4.24717E-4
+1.48040E+2	-4.55963E-4
+1.48154E+2	-4.08515E-4
+1.48250E+2	-3.34450E-4
+1.48407E+2	-4.08515E-4
+1.48403E+2	-3.55281E-4
+1.48684E+2	-2.85845E-4
+1.48859E+2	-5.74004E-4
+1.48880E+2	-4.67536E-4
+1.49224E+2	-5.16141E-4
+1.49261E+2	-5.10355E-4
+1.49427E+2	-3.42551E-4
+1.49768E+2	-3.96943E-4
+1.49779E+2	-3.32136E-4
+1.49774E+2	-4.35132E-4
+1.49774E+2	-3.64539E-4
+1.50027E+2	-4.40919E-4
+1.50271E+2	-3.70325E-4
+1.50281E+2	-3.24035E-4
+1.50492E+2	-3.10147E-4
+1.50805E+2	-3.27506E-4
+1.50806E+2	-2.51127E-4
+1.51032E+2	-5.23085E-4
+1.51290E+2	-5.46230E-4
+1.51304E+2	-5.61274E-4
+1.51496E+2	-4.29346E-4
+1.51779E+2	-4.54806E-4
+1.51783E+2	-3.17091E-4
+1.51980E+2	-4.73322E-4
+1.52406E+2	-4.46705E-4
+1.52450E+2	-5.17298E-4
+1.52508E+2	-5.25399E-4
+1.52851E+2	-6.11037E-4
+1.52965E+2	-3.28664E-4
+1.52969E+2	-4.75637E-4
+1.53170E+2	-3.12462E-4
+1.53478E+2	-5.25399E-4
+1.53527E+2	-4.36290E-4
+1.53590E+2	-3.84213E-4
+1.53921E+2	-4.38604E-4
+1.53992E+2	-4.35132E-4
+1.53991E+2	-3.84213E-4
+1.54379E+2	-3.51809E-4
+1.54490E+2	-5.72847E-4
+1.54496E+2	-4.68693E-4
+1.54677E+2	-5.53174E-4
+1.54938E+2	-4.72165E-4
+1.54954E+2	-4.75637E-4
+1.55239E+2	-3.95785E-4
+1.55420E+2	-5.10355E-4
+1.55429E+2	-5.82105E-4
+1.55736E+2	-4.91838E-4
+1.55967E+2	-4.29346E-4
+1.55974E+2	-3.88842E-4
+1.56269E+2	-5.03411E-4
+1.56375E+2	-4.44390E-4
+1.56383E+2	-3.96943E-4
+1.56643E+2	-4.95310E-4
+1.56867E+2	-2.67329E-4
+1.56864E+2	-5.97150E-4
+1.57118E+2	-4.83738E-4
+1.57318E+2	-3.86527E-4
+1.57326E+2	-4.07358E-4
+1.57532E+2	-3.28664E-4
+1.57753E+2	-4.52491E-4
+1.57751E+2	-4.66379E-4
+1.57830E+2	-3.59910E-4
+1.58155E+2	-4.66379E-4
+1.58271E+2	-4.92996E-4
+1.58275E+2	-3.71483E-4
+1.58590E+2	-5.06883E-4
+1.58671E+2	-5.32343E-4
+1.58666E+2	-4.76794E-4
+1.58843E+2	-3.43708E-4
+1.59163E+2	-4.18931E-4
+1.59163E+2	-2.81216E-4
+1.59283E+2	-4.71008E-4
+1.59639E+2	-6.06408E-4
+1.59818E+2	-5.82105E-4
+1.59835E+2	-4.88367E-4
+1.60261E+2	-4.35132E-4
+1.60309E+2	-4.21245E-4
+1.60339E+2	-4.16616E-4
+1.60785E+2	-3.84213E-4
+1.60837E+2	-4.32818E-4
+1.60912E+2	-4.16616E-4
+1.61257E+2	-5.42758E-4
+1.61614E+2	-3.98100E-4
+1.61664E+2	-4.22402E-4
+1.61664E+2	-4.94153E-4
+1.62137E+2	-2.12937E-4
+1.62318E+2	-2.17566E-4
+1.62327E+2	-3.96943E-4
+1.62783E+2	-4.10830E-4
+1.62856E+2	-4.75637E-4
+1.62998E+2	-5.18456E-4
+1.63404E+2	-3.47180E-4
+1.63420E+2	-4.15459E-4
+1.63509E+2	-4.10830E-4
+1.63991E+2	-4.17773E-4
+1.64026E+2	-4.22402E-4
+1.64088E+2	-3.68011E-4
+1.64448E+2	-3.92313E-4
+1.64478E+2	-4.45548E-4
+1.64473E+2	-3.51809E-4
+1.64781E+2	-3.93471E-4
+1.64921E+2	-3.81898E-4
+1.64921E+2	-3.95785E-4
+1.65177E+2	-3.71483E-4
+1.65359E+2	-3.04361E-4
+1.65361E+2	-2.55756E-4
+1.65552E+2	-2.34925E-4
+1.65956E+2	-2.27982E-4
+1.65974E+2	-4.43233E-4
+1.66181E+2	-2.55756E-4
+1.66580E+2	-3.68011E-4
+1.66615E+2	-3.83055E-4
+1.66696E+2	-4.08515E-4
+1.67064E+2	-6.35339E-4
+1.67108E+2	-3.95785E-4
+1.67135E+2	-4.42076E-4
+1.67372E+2	-1.77062E-4
+1.67424E+2	-3.70325E-4
+1.67431E+2	-3.25192E-4
+1.67797E+2	-4.84895E-4
+1.67870E+2	-3.49495E-4
+1.67871E+2	-3.62224E-4
+1.68109E+2	-3.22877E-4
+1.68310E+2	-5.32343E-4
+1.68304E+2	-4.59435E-4
+1.68596E+2	-4.72165E-4
+1.68994E+2	-5.50859E-4
+1.68999E+2	-5.53174E-4
+1.69210E+2	-2.85845E-4
+1.69557E+2	-5.24242E-4
+1.69564E+2	-2.18723E-4
+1.69824E+2	-3.54124E-4
+1.70037E+2	-3.30978E-4
+1.70040E+2	-4.46705E-4
+1.70290E+2	-4.87209E-4
+1.70590E+2	-5.02254E-4
+1.70591E+2	-5.19613E-4
+1.70899E+2	-4.21245E-4
+1.71030E+2	-3.27506E-4
+1.71034E+2	-4.76794E-4
+1.71368E+2	-3.79583E-4
+1.71507E+2	-3.71483E-4
+1.71507E+2	-3.43708E-4
+1.71806E+2	-2.91631E-4
+1.72011E+2	-5.23085E-4
+1.72002E+2	-3.20563E-4
+1.72013E+2	-5.04568E-4
+1.72387E+2	-5.58960E-4
+1.72679E+2	-4.43233E-4
+1.72685E+2	-5.54331E-4
+1.72825E+2	-6.04093E-4
+1.73260E+2	-4.82580E-4
+1.73332E+2	-5.77476E-4
+1.73467E+2	-3.68011E-4
+1.73794E+2	-3.61067E-4
+1.73796E+2	-5.34657E-4
+1.74091E+2	-5.86734E-4
+1.74435E+2	-5.42758E-4
+1.74446E+2	-4.86052E-4
+1.74765E+2	-4.45548E-4
+1.74941E+2	-3.86527E-4
+1.74937E+2	-2.85845E-4
+1.75056E+2	-4.16616E-4
+1.75055E+2	-3.70325E-4
+1.75064E+2	-3.08990E-4
+1.75069E+2	-4.17773E-4
+1.75077E+2	-3.00889E-4
+1.75076E+2	-5.70533E-4
+1.75073E+2	-3.86527E-4
+1.75078E+2	-2.78901E-4
+1.75080E+2	-2.40711E-4
+1.75076E+2	-3.32136E-4
+1.75083E+2	-2.56913E-4
+1.75079E+2	-2.55756E-4
+1.75076E+2	-4.40919E-4
+1.75081E+2	-4.10830E-4
+1.75077E+2	-4.33975E-4
