+3.00000E+6	+1.83518E-1
+3.10000E+6	+1.75893E-1
+3.20000E+6	+1.69030E-1
+3.30000E+6	+1.63189E-1
+3.40000E+6	+1.56618E-1
+3.50000E+6	+1.50962E-1
+3.60000E+6	+1.45079E-1
+3.70000E+6	+1.39132E-1
+3.80000E+6	+1.33405E-1
+3.90000E+6	+1.28582E-1
+4.00000E+6	+1.21820E-1
+4.10000E+6	+1.16969E-1
+4.20000E+6	+1.12455E-1
+4.30000E+6	+1.08041E-1
+4.40000E+6	+1.03757E-1
+4.50000E+6	+9.93620E-2
+4.60000E+6	+9.57590E-2
+4.70000E+6	+9.14917E-2
+4.80000E+6	+8.75624E-2
+4.90000E+6	+8.41332E-2
+5.00000E+6	+8.05311E-2
+5.10000E+6	+7.65897E-2
+5.20000E+6	+7.37518E-2
+5.30000E+6	+7.05308E-2
+5.40000E+6	+6.74150E-2
+5.50000E+6	+6.38526E-2
+5.60000E+6	+6.11264E-2
+5.70000E+6	+5.82461E-2
+5.80000E+6	+5.59958E-2
+5.90000E+6	+5.37235E-2
+6.00000E+6	+5.09573E-2
+6.10000E+6	+4.92002E-2
+6.20000E+6	+4.67348E-2
+6.30000E+6	+4.53845E-2
+6.40000E+6	+4.37207E-2
+6.50000E+6	+4.24733E-2
+6.60000E+6	+4.14906E-2
+6.70000E+6	+4.09773E-2
+6.80000E+6	+4.00018E-2
+6.90000E+6	+3.96523E-2
+7.00000E+6	+4.04818E-2
+7.10000E+6	+3.99864E-2
+7.20000E+6	+4.01864E-2
+7.30000E+6	+4.13423E-2
+7.40000E+6	+4.29378E-2
+7.50000E+6	+4.42633E-2
+7.60000E+6	+4.59509E-2
+7.70000E+6	+4.75257E-2
+7.80000E+6	+4.94746E-2
+7.90000E+6	+5.19008E-2
+8.00000E+6	+5.42396E-2
+8.10000E+6	+5.70541E-2
+8.20000E+6	+5.92748E-2
+8.30000E+6	+6.09135E-2
+8.40000E+6	+6.56006E-2
+8.50000E+6	+6.81945E-2
+8.60000E+6	+7.11179E-2
+8.70000E+6	+7.48309E-2
+8.80000E+6	+7.81305E-2
+8.90000E+6	+8.20155E-2
+9.00000E+6	+8.54755E-2
+9.10000E+6	+8.92481E-2
+9.20000E+6	+9.31480E-2
+9.30000E+6	+9.69953E-2
+9.40000E+6	+1.01590E-1
+9.50000E+6	+1.05206E-1
+9.60000E+6	+1.10232E-1
+9.70000E+6	+1.15234E-1
+9.80000E+6	+1.18891E-1
+9.90000E+6	+1.23546E-1
+1.00000E+7	+1.30427E-1
+1.01000E+7	+1.36107E-1
+1.02000E+7	+1.41505E-1
+1.03000E+7	+1.47397E-1
+1.04000E+7	+1.52718E-1
+1.05000E+7	+1.58697E-1
+1.06000E+7	+1.64992E-1
+1.07000E+7	+1.71878E-1
+1.08000E+7	+1.79640E-1
+1.09000E+7	+1.85554E-1
+1.10000E+7	+1.92815E-1
+1.11000E+7	+2.01144E-1
+1.12000E+7	+2.09074E-1
+1.13000E+7	+2.16858E-1
+1.14000E+7	+2.25832E-1
+1.15000E+7	+2.36180E-1
+1.16000E+7	+2.43924E-1
+1.17000E+7	+2.53593E-1
+1.18000E+7	+2.65412E-1
+1.19000E+7	+2.76551E-1
+1.20000E+7	+2.87226E-1
+1.21000E+7	+2.99959E-1
+1.22000E+7	+3.11558E-1
+1.23000E+7	+3.22846E-1
+1.24000E+7	+3.37060E-1
+1.25000E+7	+3.49747E-1
+1.26000E+7	+3.63969E-1
+1.27000E+7	+3.77623E-1
+1.28000E+7	+3.92505E-1
+1.29000E+7	+4.06375E-1
+1.30000E+7	+4.19604E-1
+1.31000E+7	+4.33915E-1
+1.32000E+7	+4.45950E-1
+1.33000E+7	+4.59371E-1
+1.34000E+7	+4.69712E-1
+1.35000E+7	+4.78431E-1
+1.36000E+7	+4.86967E-1
+1.37000E+7	+4.91477E-1
+1.38000E+7	+4.93407E-1
+1.39000E+7	+4.94028E-1
+1.40000E+7	+4.92760E-1
+1.41000E+7	+4.87622E-1
+1.42000E+7	+4.81534E-1
+1.43000E+7	+4.73277E-1
+1.44000E+7	+4.63978E-1
+1.45000E+7	+4.52797E-1
+1.46000E+7	+4.40702E-1
+1.47000E+7	+4.26815E-1
+1.48000E+7	+4.13874E-1
+1.49000E+7	+4.00238E-1
+1.50000E+7	+3.86193E-1
+1.51000E+7	+3.73012E-1
+1.52000E+7	+3.59405E-1
+1.53000E+7	+3.46354E-1
+1.54000E+7	+3.33735E-1
+1.55000E+7	+3.22214E-1
+1.56000E+7	+3.08800E-1
+1.57000E+7	+2.98759E-1
+1.58000E+7	+2.87302E-1
+1.59000E+7	+2.77335E-1
+1.60000E+7	+2.66455E-1
+1.61000E+7	+2.56396E-1
+1.62000E+7	+2.45696E-1
+1.63000E+7	+2.37010E-1
+1.64000E+7	+2.29250E-1
+1.65000E+7	+2.20220E-1
+1.66000E+7	+2.13005E-1
+1.67000E+7	+2.04063E-1
+1.68000E+7	+1.97186E-1
+1.69000E+7	+1.91127E-1
+1.70000E+7	+1.84105E-1
+1.71000E+7	+1.77542E-1
+1.72000E+7	+1.71137E-1
+1.73000E+7	+1.65983E-1
+1.74000E+7	+1.59795E-1
+1.75000E+7	+1.53568E-1
+1.76000E+7	+1.48713E-1
+1.77000E+7	+1.43205E-1
+1.78000E+7	+1.38068E-1
+1.79000E+7	+1.32983E-1
+1.80000E+7	+1.27826E-1
+1.81000E+7	+1.22042E-1
+1.82000E+7	+1.18993E-1
+1.83000E+7	+1.14062E-1
+1.84000E+7	+1.10055E-1
+1.85000E+7	+1.05851E-1
+1.86000E+7	+1.03028E-1
+1.87000E+7	+9.82874E-2
+1.88000E+7	+9.45670E-2
+1.89000E+7	+9.00894E-2
+1.90000E+7	+8.77455E-2
+1.91000E+7	+8.40364E-2
+1.92000E+7	+8.03295E-2
+1.93000E+7	+7.71109E-2
+1.94000E+7	+7.53893E-2
+1.95000E+7	+7.18040E-2
+1.96000E+7	+6.90217E-2
+1.97000E+7	+6.65599E-2
+1.98000E+7	+6.35072E-2
+1.99000E+7	+6.25180E-2
+2.00000E+7	+5.87371E-2
+NaN	+NaN
