+3.00000E+6	+1.47761E-1
+3.10000E+6	+1.54479E-1
+3.20000E+6	+1.61972E-1
+3.30000E+6	+1.69998E-1
+3.40000E+6	+1.78037E-1
+3.50000E+6	+1.86176E-1
+3.60000E+6	+1.95198E-1
+3.70000E+6	+2.04472E-1
+3.80000E+6	+2.14617E-1
+3.90000E+6	+2.26532E-1
+4.00000E+6	+2.37270E-1
+4.10000E+6	+2.49889E-1
+4.20000E+6	+2.64485E-1
+4.30000E+6	+2.79446E-1
+4.40000E+6	+2.93142E-1
+4.50000E+6	+3.10726E-1
+4.60000E+6	+3.29869E-1
+4.70000E+6	+3.48077E-1
+4.80000E+6	+3.70724E-1
+4.90000E+6	+3.94124E-1
+5.00000E+6	+4.19444E-1
+5.10000E+6	+4.48022E-1
+5.20000E+6	+4.78699E-1
+5.30000E+6	+5.13590E-1
+5.40000E+6	+5.50480E-1
+5.50000E+6	+5.89437E-1
+5.60000E+6	+6.32275E-1
+5.70000E+6	+6.79264E-1
+5.80000E+6	+7.23315E-1
+5.90000E+6	+7.66172E-1
+6.00000E+6	+8.04944E-1
+6.10000E+6	+8.34598E-1
+6.20000E+6	+8.49643E-1
+6.30000E+6	+8.51889E-1
+6.40000E+6	+8.35481E-1
+6.50000E+6	+8.09716E-1
+6.60000E+6	+7.73164E-1
+6.70000E+6	+7.31095E-1
+6.80000E+6	+6.88376E-1
+6.90000E+6	+6.41943E-1
+7.00000E+6	+5.99036E-1
+7.10000E+6	+5.58597E-1
+7.20000E+6	+5.23710E-1
+7.30000E+6	+4.87407E-1
+7.40000E+6	+4.56788E-1
+7.50000E+6	+4.29319E-1
+7.60000E+6	+4.02930E-1
+7.70000E+6	+3.78071E-1
+7.80000E+6	+3.57841E-1
+7.90000E+6	+3.37567E-1
+8.00000E+6	+3.19586E-1
+8.10000E+6	+3.02424E-1
+8.20000E+6	+2.86888E-1
+8.30000E+6	+2.73004E-1
+8.40000E+6	+2.58308E-1
+8.50000E+6	+2.45327E-1
+8.60000E+6	+2.32705E-1
+8.70000E+6	+2.22693E-1
+8.80000E+6	+2.12311E-1
+8.90000E+6	+2.03234E-1
+9.00000E+6	+1.93071E-1
+9.10000E+6	+1.84809E-1
+9.20000E+6	+1.76962E-1
+9.30000E+6	+1.68581E-1
+9.40000E+6	+1.62203E-1
+9.50000E+6	+1.54721E-1
+9.60000E+6	+1.46771E-1
+9.70000E+6	+1.40666E-1
+9.80000E+6	+1.34537E-1
+9.90000E+6	+1.28556E-1
+1.00000E+7	+1.21404E-1
+1.01000E+7	+1.15705E-1
+1.02000E+7	+1.10452E-1
+1.03000E+7	+1.05678E-1
+1.04000E+7	+1.00167E-1
+1.05000E+7	+9.48708E-2
+1.06000E+7	+9.04936E-2
+1.07000E+7	+8.71701E-2
+1.08000E+7	+8.12354E-2
+1.09000E+7	+7.77059E-2
+1.10000E+7	+7.24818E-2
+1.11000E+7	+6.83581E-2
+1.12000E+7	+6.40196E-2
+1.13000E+7	+6.03914E-2
+1.14000E+7	+5.65986E-2
+1.15000E+7	+5.27546E-2
+1.16000E+7	+4.87349E-2
+1.17000E+7	+4.66833E-2
+1.18000E+7	+4.12733E-2
+1.19000E+7	+3.95895E-2
+1.20000E+7	+3.64217E-2
+1.21000E+7	+3.29803E-2
+1.22000E+7	+3.01734E-2
+1.23000E+7	+2.78148E-2
+1.24000E+7	+2.61826E-2
+1.25000E+7	+2.46814E-2
+1.26000E+7	+2.23154E-2
+1.27000E+7	+2.29175E-2
+1.28000E+7	+2.22876E-2
+1.29000E+7	+2.30729E-2
+1.30000E+7	+2.41648E-2
+1.31000E+7	+2.74885E-2
+1.32000E+7	+2.92951E-2
+1.33000E+7	+3.05732E-2
+1.34000E+7	+3.42374E-2
+1.35000E+7	+3.80779E-2
+1.36000E+7	+4.08747E-2
+1.37000E+7	+4.47363E-2
+1.38000E+7	+4.78560E-2
+1.39000E+7	+5.16852E-2
+1.40000E+7	+5.54910E-2
+1.41000E+7	+5.99618E-2
+1.42000E+7	+6.32505E-2
+1.43000E+7	+6.64008E-2
+1.44000E+7	+7.12568E-2
+1.45000E+7	+7.67469E-2
+1.46000E+7	+8.09781E-2
+1.47000E+7	+8.54972E-2
+1.48000E+7	+9.05789E-2
+1.49000E+7	+9.54087E-2
+1.50000E+7	+1.00325E-1
+1.51000E+7	+1.05306E-1
+1.52000E+7	+1.10733E-1
+1.53000E+7	+1.16789E-1
+1.54000E+7	+1.23131E-1
+1.55000E+7	+1.30202E-1
+1.56000E+7	+1.37580E-1
+1.57000E+7	+1.43045E-1
+1.58000E+7	+1.50796E-1
+1.59000E+7	+1.57855E-1
+1.60000E+7	+1.65583E-1
+1.61000E+7	+1.73167E-1
+1.62000E+7	+1.81871E-1
+1.63000E+7	+1.90747E-1
+1.64000E+7	+2.00105E-1
+1.65000E+7	+2.10359E-1
+1.66000E+7	+2.21762E-1
+1.67000E+7	+2.32117E-1
+1.68000E+7	+2.43581E-1
+1.69000E+7	+2.56125E-1
+1.70000E+7	+2.71297E-1
+1.71000E+7	+2.85075E-1
+1.72000E+7	+3.00874E-1
+1.73000E+7	+3.18257E-1
+1.74000E+7	+3.35185E-1
+1.75000E+7	+3.56552E-1
+1.76000E+7	+3.76352E-1
+1.77000E+7	+3.99558E-1
+1.78000E+7	+4.25422E-1
+1.79000E+7	+4.50020E-1
+1.80000E+7	+4.80000E-1
+1.81000E+7	+5.10160E-1
+1.82000E+7	+5.44315E-1
+1.83000E+7	+5.80027E-1
+1.84000E+7	+6.16145E-1
+1.85000E+7	+6.53597E-1
+1.86000E+7	+6.91278E-1
+1.87000E+7	+7.23003E-1
+1.88000E+7	+7.51657E-1
+1.89000E+7	+7.73406E-1
+1.90000E+7	+7.84607E-1
+1.91000E+7	+7.85611E-1
+1.92000E+7	+7.78320E-1
+1.93000E+7	+7.59283E-1
+1.94000E+7	+7.31225E-1
+1.95000E+7	+6.98393E-1
+1.96000E+7	+6.66754E-1
+1.97000E+7	+6.31705E-1
+1.98000E+7	+5.94719E-1
+1.99000E+7	+5.60707E-1
+2.00000E+7	+5.28743E-1
+NaN	+NaN
