+3.00000E+6	+1.87631E-1
+3.10000E+6	+1.79645E-1
+3.20000E+6	+1.71533E-1
+3.30000E+6	+1.63900E-1
+3.40000E+6	+1.56827E-1
+3.50000E+6	+1.50174E-1
+3.60000E+6	+1.41954E-1
+3.70000E+6	+1.36879E-1
+3.80000E+6	+1.30685E-1
+3.90000E+6	+1.24247E-1
+4.00000E+6	+1.17151E-1
+4.10000E+6	+1.11423E-1
+4.20000E+6	+1.06667E-1
+4.30000E+6	+1.01954E-1
+4.40000E+6	+9.66780E-2
+4.50000E+6	+9.19185E-2
+4.60000E+6	+8.77643E-2
+4.70000E+6	+8.35310E-2
+4.80000E+6	+7.78139E-2
+4.90000E+6	+7.33897E-2
+5.00000E+6	+7.00814E-2
+5.10000E+6	+6.61832E-2
+5.20000E+6	+6.16425E-2
+5.30000E+6	+5.86365E-2
+5.40000E+6	+5.45709E-2
+5.50000E+6	+5.03190E-2
+5.60000E+6	+4.68367E-2
+5.70000E+6	+4.32141E-2
+5.80000E+6	+3.90055E-2
+5.90000E+6	+3.56485E-2
+6.00000E+6	+3.24363E-2
+6.10000E+6	+2.84320E-2
+6.20000E+6	+2.50720E-2
+6.30000E+6	+1.63636E-2
+6.40000E+6	+1.36810E-2
+6.50000E+6	+1.58829E-2
+6.60000E+6	+1.42632E-2
+6.70000E+6	+1.07092E-2
+6.80000E+6	+9.46537E-3
+6.90000E+6	+6.44817E-3
+7.00000E+6	+9.92845E-3
+7.10000E+6	+5.72170E-3
+7.20000E+6	+1.39419E-2
+7.30000E+6	+1.66510E-2
+7.40000E+6	+1.92193E-2
+7.50000E+6	+1.80094E-2
+7.60000E+6	+2.44303E-2
+7.70000E+6	+2.70363E-2
+7.80000E+6	+3.24719E-2
+7.90000E+6	+3.57124E-2
+8.00000E+6	+3.96806E-2
+8.10000E+6	+4.36016E-2
+8.20000E+6	+4.67439E-2
+8.30000E+6	+5.14015E-2
+8.40000E+6	+5.53266E-2
+8.50000E+6	+5.86616E-2
+8.60000E+6	+6.30699E-2
+8.70000E+6	+6.64699E-2
+8.80000E+6	+7.06668E-2
+8.90000E+6	+7.56842E-2
+9.00000E+6	+8.03715E-2
+9.10000E+6	+8.50961E-2
+9.20000E+6	+9.01621E-2
+9.30000E+6	+9.47948E-2
+9.40000E+6	+9.92624E-2
+9.50000E+6	+1.04447E-1
+9.60000E+6	+1.09751E-1
+9.70000E+6	+1.15317E-1
+9.80000E+6	+1.21389E-1
+9.90000E+6	+1.26518E-1
+1.00000E+7	+1.34873E-1
+1.01000E+7	+1.40533E-1
+1.02000E+7	+1.47276E-1
+1.03000E+7	+1.53894E-1
+1.04000E+7	+1.60811E-1
+1.05000E+7	+1.68904E-1
+1.06000E+7	+1.77034E-1
+1.07000E+7	+1.84572E-1
+1.08000E+7	+1.94725E-1
+1.09000E+7	+2.03335E-1
+1.10000E+7	+2.12486E-1
+1.11000E+7	+2.23487E-1
+1.12000E+7	+2.33787E-1
+1.13000E+7	+2.45884E-1
+1.14000E+7	+2.59661E-1
+1.15000E+7	+2.73732E-1
+1.16000E+7	+2.89176E-1
+1.17000E+7	+3.05597E-1
+1.18000E+7	+3.23064E-1
+1.19000E+7	+3.41366E-1
+1.20000E+7	+3.62100E-1
+1.21000E+7	+3.85144E-1
+1.22000E+7	+4.11170E-1
+1.23000E+7	+4.38485E-1
+1.24000E+7	+4.70356E-1
+1.25000E+7	+5.07193E-1
+1.26000E+7	+5.48180E-1
+1.27000E+7	+5.94480E-1
+1.28000E+7	+6.46383E-1
+1.29000E+7	+7.10554E-1
+1.30000E+7	+7.82994E-1
+1.31000E+7	+8.70918E-1
+1.32000E+7	+9.69865E-1
+1.33000E+7	+1.08937E+0
+1.34000E+7	+1.22441E+0
+1.35000E+7	+1.37315E+0
+1.36000E+7	+1.50303E+0
+1.37000E+7	+1.59797E+0
+1.38000E+7	+1.61716E+0
+1.39000E+7	+1.55437E+0
+1.40000E+7	+1.43256E+0
+1.41000E+7	+1.29394E+0
+1.42000E+7	+1.15054E+0
+1.43000E+7	+1.02893E+0
+1.44000E+7	+9.19595E-1
+1.45000E+7	+8.28806E-1
+1.46000E+7	+7.50507E-1
+1.47000E+7	+6.83008E-1
+1.48000E+7	+6.26709E-1
+1.49000E+7	+5.77055E-1
+1.50000E+7	+5.34312E-1
+1.51000E+7	+4.95602E-1
+1.52000E+7	+4.62477E-1
+1.53000E+7	+4.32896E-1
+1.54000E+7	+4.06431E-1
+1.55000E+7	+3.83231E-1
+1.56000E+7	+3.61163E-1
+1.57000E+7	+3.41639E-1
+1.58000E+7	+3.22803E-1
+1.59000E+7	+3.06004E-1
+1.60000E+7	+2.91553E-1
+1.61000E+7	+2.78668E-1
+1.62000E+7	+2.65069E-1
+1.63000E+7	+2.50651E-1
+1.64000E+7	+2.39112E-1
+1.65000E+7	+2.29142E-1
+1.66000E+7	+2.19128E-1
+1.67000E+7	+2.09718E-1
+1.68000E+7	+2.01756E-1
+1.69000E+7	+1.92881E-1
+1.70000E+7	+1.85977E-1
+1.71000E+7	+1.76033E-1
+1.72000E+7	+1.69320E-1
+1.73000E+7	+1.62503E-1
+1.74000E+7	+1.56195E-1
+1.75000E+7	+1.49034E-1
+1.76000E+7	+1.42564E-1
+1.77000E+7	+1.37002E-1
+1.78000E+7	+1.30626E-1
+1.79000E+7	+1.23825E-1
+1.80000E+7	+1.18653E-1
+1.81000E+7	+1.12709E-1
+1.82000E+7	+1.09287E-1
+1.83000E+7	+1.03399E-1
+1.84000E+7	+9.89311E-2
+1.85000E+7	+9.47682E-2
+1.86000E+7	+8.95176E-2
+1.87000E+7	+8.52280E-2
+1.88000E+7	+8.12605E-2
+1.89000E+7	+7.70009E-2
+1.90000E+7	+7.29978E-2
+1.91000E+7	+6.86563E-2
+1.92000E+7	+6.48890E-2
+1.93000E+7	+6.09140E-2
+1.94000E+7	+5.73737E-2
+1.95000E+7	+5.27631E-2
+1.96000E+7	+4.93542E-2
+1.97000E+7	+4.45607E-2
+1.98000E+7	+4.19261E-2
+1.99000E+7	+3.82573E-2
+2.00000E+7	+3.49258E-2
+NaN	+NaN
