+0.00000E+0	+0.00000E+0	-4.84323E-3	-2.42162E-7
+1.47000E-2	+1.40930E-2	+9.63988E-2	+7.74696E-4
+2.95000E-2	+2.82790E-2	+1.47516E-1	+2.61346E-3
+4.42000E-2	+4.23635E-2	+1.83069E-1	+5.09718E-3
+5.90000E-2	+5.65354E-2	+2.27777E-1	+8.16588E-3
+7.37000E-2	+7.06002E-2	+2.45630E-1	+1.16618E-2
+8.85000E-2	+8.47465E-2	+2.56769E-1	+1.54048E-2
+1.03200E-1	+9.87804E-2	+2.71570E-1	+1.92796E-2
+1.18000E-1	+1.12890E-1	+2.67679E-1	+2.32174E-2
+1.32700E-1	+1.26882E-1	+2.58905E-1	+2.71247E-2
+1.47500E-1	+1.40943E-1	+2.60126E-1	+3.09976E-2
+1.62200E-1	+1.54881E-1	+2.56311E-1	+3.47898E-2
+1.76900E-1	+1.68789E-1	+2.44180E-1	+3.84810E-2
+1.91700E-1	+1.82757E-1	+2.40060E-1	+4.20905E-2
+2.06400E-1	+1.96595E-1	+2.35025E-1	+4.55567E-2
+2.21200E-1	+2.10487E-1	+2.19919E-1	+4.88888E-2
+2.35900E-1	+2.24243E-1	+2.08704E-1	+5.20626E-2
+2.50700E-1	+2.38048E-1	+2.05499E-1	+5.51362E-2
+2.65400E-1	+2.51712E-1	+1.92987E-1	+5.80593E-2
+2.80200E-1	+2.65419E-1	+1.82306E-1	+6.08426E-2
+2.94900E-1	+2.78980E-1	+1.70709E-1	+6.34527E-2
+3.09700E-1	+2.92577E-1	+1.65369E-1	+6.59383E-2
+3.24400E-1	+3.06025E-1	+1.58197E-1	+6.82743E-2
+3.39100E-1	+3.19411E-1	+1.46142E-1	+7.04835E-2
+3.53900E-1	+3.32825E-1	+1.32562E-1	+7.25621E-2
+3.68600E-1	+3.46081E-1	+1.23178E-1	+7.44906E-2
+3.83400E-1	+3.59358E-1	+1.20050E-1	+7.62903E-2
+3.98100E-1	+3.72474E-1	+1.11276E-1	+7.79590E-2
+4.12900E-1	+3.85605E-1	+1.02655E-1	+7.95271E-2
+4.27600E-1	+3.98569E-1	+9.41100E-2	+8.09831E-2
+4.42400E-1	+4.11542E-1	+8.90746E-2	+8.23406E-2
+4.57100E-1	+4.24346E-1	+8.19793E-2	+8.35911E-2
+4.71900E-1	+4.37151E-1	+7.62572E-2	+8.47591E-2
+4.86600E-1	+4.49783E-1	+6.86278E-2	+8.58366E-2
+5.01400E-1	+4.62410E-1	+6.50420E-2	+8.68434E-2
+5.16100E-1	+4.74860E-1	+6.06170E-2	+8.77813E-2
+5.30800E-1	+4.87215E-1	+5.84807E-2	+8.86649E-2
+5.45600E-1	+4.99557E-1	+5.54290E-2	+8.95012E-2
+5.60300E-1	+5.11716E-1	+5.36742E-2	+9.02866E-2
+5.75100E-1	+5.23855E-1	+4.84862E-2	+9.10306E-2
+5.89800E-1	+5.35807E-1	+4.71129E-2	+9.17271E-2
+6.04600E-1	+5.47734E-1	+4.33745E-2	+9.23855E-2
+6.19300E-1	+5.59470E-1	+4.02465E-2	+9.29989E-2
+6.34100E-1	+5.71174E-1	+3.73473E-2	+9.35827E-2
+6.48800E-1	+5.82685E-1	+3.64318E-2	+9.41282E-2
+6.63600E-1	+5.94158E-1	+3.34563E-2	+9.46402E-2
+6.78300E-1	+6.05435E-1	+3.04809E-2	+9.51186E-2
+6.93000E-1	+6.16591E-1	+3.07097E-2	+9.55695E-2
+7.07800E-1	+6.27700E-1	+2.96416E-2	+9.59948E-2
+7.22500E-1	+6.38608E-1	+2.57506E-2	+9.63989E-2
+7.37300E-1	+6.49463E-1	+2.49877E-2	+9.67804E-2
+7.52000E-1	+6.60114E-1	+2.34618E-2	+9.71398E-2
+7.66800E-1	+6.70706E-1	+2.43773E-2	+9.74786E-2
+7.81500E-1	+6.81093E-1	+1.72057E-2	+9.77984E-2
+7.96300E-1	+6.91413E-1	+2.04101E-2	+9.81053E-2
+8.11000E-1	+7.01526E-1	+1.97234E-2	+9.83932E-2
+8.25800E-1	+7.11567E-1	+1.58324E-2	+9.86679E-2
+8.40500E-1	+7.21398E-1	+1.64428E-2	+9.89296E-2
+8.55200E-1	+7.31086E-1	+1.65954E-2	+9.91761E-2
+8.70000E-1	+7.40694E-1	+1.62902E-2	+9.94149E-2
+8.84700E-1	+7.50088E-1	+1.65954E-2	+9.96387E-2
+8.99500E-1	+7.59396E-1	+1.50695E-2	+9.98557E-2
+9.14200E-1	+7.68490E-1	+1.32384E-2	+1.00058E-1
+9.29000E-1	+7.77492E-1	+1.43065E-2	+1.00256E-1
+9.43700E-1	+7.86278E-1	+1.32384E-2	+1.00440E-1
+9.58500E-1	+7.94965E-1	+1.27807E-2	+1.00617E-1
+9.73200E-1	+8.03436E-1	+1.09496E-2	+1.00781E-1
+9.88000E-1	+8.11803E-1	+8.96597E-3	+1.00944E-1
+1.00270E+0	+8.19952E-1	+1.06444E-2	+1.01099E-1
+1.01740E+0	+8.27938E-1	+9.80520E-3	+1.01243E-1
+1.03220E+0	+8.35812E-1	+8.50821E-3	+1.01386E-1
+1.04690E+0	+8.43466E-1	+6.98233E-3	+1.01521E-1
+1.06170E+0	+8.51003E-1	+9.95779E-3	+1.01651E-1
+1.07640E+0	+8.58320E-1	+9.72891E-3	+1.01771E-1
+1.09120E+0	+8.65514E-1	+6.21939E-3	+1.01892E-1
+1.10590E+0	+8.72487E-1	+7.36380E-3	+1.02006E-1
+1.12070E+0	+8.79332E-1	+6.37198E-3	+1.02116E-1
+1.13540E+0	+8.85956E-1	+8.12674E-3	+1.02218E-1
+1.15020E+0	+8.92447E-1	+6.75345E-3	+1.02316E-1
+1.16490E+0	+8.98717E-1	+6.14309E-3	+1.02410E-1
+1.17960E+0	+9.04807E-1	+4.38833E-3	+1.02500E-1
+1.19440E+0	+9.10758E-1	+5.07498E-3	+1.02584E-1
+1.20910E+0	+9.16487E-1	+6.29568E-3	+1.02666E-1
+1.22390E+0	+9.22072E-1	+4.84610E-3	+1.02742E-1
+1.23860E+0	+9.27434E-1	+2.40469E-3	+1.02816E-1
+1.25340E+0	+9.32647E-1	+4.15945E-3	+1.02886E-1
+1.26810E+0	+9.37639E-1	+6.98233E-3	+1.02951E-1
+1.28290E+0	+9.42477E-1	+2.93875E-3	+1.03016E-1
+1.29760E+0	+9.47094E-1	+3.01504E-3	+1.03073E-1
+1.31240E+0	+9.51553E-1	+4.69351E-3	+1.03129E-1
+1.32710E+0	+9.55792E-1	+4.38833E-3	+1.03179E-1
+1.34180E+0	+9.59841E-1	+4.99869E-3	+1.03230E-1
+1.35660E+0	+9.63725E-1	+3.09134E-3	+1.03277E-1
+1.37130E+0	+9.67391E-1	+5.30386E-3	+1.03317E-1
+1.38610E+0	+9.70887E-1	-3.67147E-5	+1.03354E-1
+1.40080E+0	+9.74166E-1	+8.05044E-3	+1.03393E-1
+1.41560E+0	+9.77273E-1	+4.54092E-3	+1.03433E-1
+1.43030E+0	+9.80163E-1	+6.14309E-3	+1.03459E-1
+1.44510E+0	+9.82877E-1	+4.21049E-4	+1.03484E-1
+1.45980E+0	+9.85376E-1	+2.63357E-3	+1.03510E-1
+1.47460E+0	+9.87694E-1	+3.01504E-3	+1.03531E-1
+1.48930E+0	+9.89800E-1	+1.03140E-3	+1.03551E-1
+1.50410E+0	+9.91722E-1	+8.78813E-4	+1.03569E-1
+1.51880E+0	+9.93433E-1	-1.13009E-4	+1.03581E-1
+1.53350E+0	+9.94947E-1	+1.79434E-3	+1.03595E-1
+1.54830E+0	+9.96271E-1	-6.47066E-4	+1.03605E-1
+1.56300E+0	+9.97388E-1	+4.21049E-4	+1.03611E-1
+1.57780E+0	+9.98313E-1	-9.52242E-4	+1.03614E-1
+1.59250E+0	+9.99032E-1	-1.10483E-3	+1.03617E-1
+1.60730E+0	+9.99556E-1	+6.49931E-4	+1.03618E-1
+1.62200E+0	+9.99876E-1	-3.24106E-3	+1.03620E-1
+1.63680E+0	+9.99999E-1	+9.55107E-4	+1.03615E-1
+1.65150E+0	+9.99921E-1	+1.15873E-4	+1.03611E-1
+1.66630E+0	+9.99642E-1	-3.41890E-4	+1.03599E-1
+1.68100E+0	+9.99166E-1	-6.47066E-4	+1.03591E-1
+1.69570E+0	+9.98491E-1	-1.56259E-3	+1.03579E-1
+1.71050E+0	+9.97612E-1	-1.18112E-3	+1.03567E-1
+1.72520E+0	+9.96539E-1	+1.48916E-3	+1.03552E-1
+1.74000E+0	+9.95260E-1	-1.79148E-3	+1.03538E-1
+1.75470E+0	+9.93790E-1	-1.56259E-3	+1.03522E-1
+1.76950E+0	+9.92111E-1	-4.84323E-3	+1.03503E-1
+1.78420E+0	+9.90246E-1	+5.73637E-4	+1.03484E-1
+1.79900E+0	+9.88170E-1	-3.85141E-3	+1.03462E-1
+1.81370E+0	+9.85910E-1	-3.08847E-3	+1.03440E-1
+1.82850E+0	+9.83437E-1	-3.67147E-5	+1.03418E-1
+1.84320E+0	+9.80785E-1	-2.47812E-3	+1.03396E-1
+1.85790E+0	+9.77938E-1	+1.71805E-3	+1.03369E-1
+1.87270E+0	+9.74876E-1	+4.00686E-3	+1.03340E-1
+1.88740E+0	+9.71640E-1	+6.49931E-4	+1.03314E-1
+1.90220E+0	+9.68187E-1	-7.20835E-3	+1.03279E-1
+1.91690E+0	+9.64565E-1	-2.09665E-3	+1.03251E-1
+1.93170E+0	+9.60724E-1	-1.25742E-3	+1.03217E-1
+1.94640E+0	+9.56717E-1	-5.68247E-3	+1.03181E-1
+1.96120E+0	+9.52492E-1	+7.26225E-4	+1.03146E-1
+1.97590E+0	+9.48105E-1	-1.79148E-3	+1.03107E-1
+1.99070E+0	+9.43498E-1	-2.63071E-3	+1.03068E-1
+2.00540E+0	+9.38734E-1	-1.79148E-3	+1.03028E-1
+2.02010E+0	+9.33784E-1	-4.61435E-3	+1.02986E-1
+2.03490E+0	+9.28613E-1	-2.93588E-3	+1.02945E-1
+2.04960E+0	+9.23291E-1	-4.76694E-3	+1.02897E-1
+2.06440E+0	+9.17749E-1	-3.08847E-3	+1.02850E-1
+2.07910E+0	+9.12060E-1	-1.25742E-3	+1.02800E-1
+2.09390E+0	+9.06150E-1	-3.39365E-3	+1.02749E-1
+2.10860E+0	+9.00099E-1	-4.99582E-3	+1.02695E-1
+2.12340E+0	+8.93827E-1	-3.24106E-3	+1.02641E-1
+2.13810E+0	+8.87419E-1	-9.52242E-4	+1.02585E-1
+2.15290E+0	+8.80789E-1	-1.86777E-3	+1.02530E-1
+2.16760E+0	+8.74028E-1	-6.52170E-3	+1.02466E-1
+2.18230E+0	+8.67094E-1	-2.47812E-3	+1.02404E-1
+2.19710E+0	+8.59939E-1	-4.91953E-3	+1.02339E-1
+2.21180E+0	+8.52660E-1	-4.30918E-3	+1.02272E-1
+2.22660E+0	+8.45161E-1	-6.44541E-3	+1.02201E-1
+2.24130E+0	+8.37544E-1	-6.29282E-3	+1.02130E-1
+2.25610E+0	+8.29708E-1	-3.92771E-3	+1.02058E-1
+2.27080E+0	+8.21759E-1	-5.22470E-3	+1.01979E-1
+2.28560E+0	+8.13591E-1	-3.31735E-3	+1.01901E-1
+2.30030E+0	+8.05316E-1	-4.91953E-3	+1.01821E-1
+2.31510E+0	+7.96823E-1	-3.46994E-3	+1.01733E-1
+2.32980E+0	+7.88228E-1	-7.43723E-3	+1.01647E-1
+2.34460E+0	+7.79418E-1	-6.67429E-3	+1.01555E-1
+2.35930E+0	+7.70511E-1	-6.90317E-3	+1.01464E-1
+2.37400E+0	+7.61451E-1	-7.20835E-3	+1.01367E-1
+2.38880E+0	+7.52177E-1	-7.28464E-3	+1.01266E-1
+2.40350E+0	+7.42815E-1	-8.88681E-3	+1.01161E-1
+2.41830E+0	+7.33241E-1	-7.66611E-3	+1.01057E-1
+2.43300E+0	+7.23586E-1	-5.45358E-3	+1.00942E-1
+2.44780E+0	+7.13719E-1	-6.52170E-3	+1.00828E-1
+2.46250E+0	+7.03777E-1	-7.13205E-3	+1.00712E-1
+2.47730E+0	+6.93626E-1	-1.03364E-2	+1.00588E-1
+2.49200E+0	+6.83406E-1	-9.64975E-3	+1.00464E-1
+2.50680E+0	+6.72978E-1	-8.50534E-3	+1.00332E-1
+2.52150E+0	+6.62488E-1	-9.03940E-3	+1.00193E-1
+2.53620E+0	+6.51865E-1	-7.89499E-3	+1.00054E-1
+2.55100E+0	+6.41040E-1	-1.13282E-2	+9.99079E-2
+2.56570E+0	+6.30159E-1	-9.49716E-3	+9.97593E-2
+2.58050E+0	+6.19079E-1	-1.08705E-2	+9.95985E-2
+2.59520E+0	+6.07950E-1	-1.17860E-2	+9.94373E-2
+2.61000E+0	+5.96623E-1	-1.21675E-2	+9.92709E-2
+2.62470E+0	+5.85254E-1	-1.17097E-2	+9.91018E-2
+2.63950E+0	+5.73690E-1	-1.59059E-2	+9.89172E-2
+2.65420E+0	+5.62090E-1	-1.33119E-2	+9.87314E-2
+2.66900E+0	+5.50298E-1	-1.22437E-2	+9.85332E-2
+2.68370E+0	+5.38476E-1	-1.14045E-2	+9.83324E-2
+2.69840E+0	+5.26547E-1	-1.27778E-2	+9.81196E-2
+2.71320E+0	+5.14432E-1	-1.34644E-2	+9.78997E-2
+2.72790E+0	+5.02295E-1	-1.36933E-2	+9.76711E-2
+2.74270E+0	+4.89976E-1	-1.43800E-2	+9.74376E-2
+2.75740E+0	+4.77642E-1	-1.62873E-2	+9.71899E-2
+2.77220E+0	+4.65128E-1	-1.63636E-2	+9.69316E-2
+2.78690E+0	+4.52606E-1	-1.66688E-2	+9.66619E-2
+2.80170E+0	+4.39908E-1	-1.91102E-2	+9.63849E-2
+2.81640E+0	+4.27208E-1	-2.03309E-2	+9.60917E-2
+2.83120E+0	+4.14336E-1	-2.27723E-2	+9.57852E-2
+2.84590E+0	+4.01469E-1	-2.29249E-2	+9.54640E-2
+2.86060E+0	+3.88522E-1	-2.67396E-2	+9.51319E-2
+2.87540E+0	+3.75408E-1	-2.68922E-2	+9.47722E-2
+2.89010E+0	+3.62309E-1	-2.36878E-2	+9.44020E-2
+2.90490E+0	+3.49048E-1	-2.30775E-2	+9.40152E-2
+2.91960E+0	+3.35806E-1	-2.81129E-2	+9.36096E-2
+2.93440E+0	+3.22408E-1	-3.06306E-2	+9.31737E-2
+2.94910E+0	+3.09035E-1	-3.20039E-2	+9.27189E-2
+2.96390E+0	+2.95510E-1	-3.21565E-2	+9.22425E-2
+2.97860E+0	+2.82017E-1	-3.26142E-2	+9.17412E-2
+2.99340E+0	+2.68376E-1	-3.72682E-2	+9.12087E-2
+3.00810E+0	+2.54773E-1	-4.13880E-2	+9.06401E-2
+3.02280E+0	+2.41120E-1	-4.66523E-2	+9.00357E-2
+3.03760E+0	+2.27325E-1	-4.19984E-2	+8.93921E-2
+3.05230E+0	+2.13579E-1	-4.52027E-2	+8.87176E-2
+3.06710E+0	+1.99696E-1	-5.29847E-2	+8.79878E-2
+3.08180E+0	+1.85867E-1	-5.80201E-2	+8.72029E-2
+3.09660E+0	+1.71906E-1	-5.74861E-2	+8.63571E-2
+3.11130E+0	+1.58006E-1	-6.27503E-2	+8.54419E-2
+3.12610E+0	+1.43980E-1	-8.06031E-2	+8.44369E-2
+3.14080E+0	+1.30019E-1	-8.03742E-2	+8.33179E-2
+3.15560E+0	+1.15938E-1	-8.36549E-2	+8.21007E-2
+3.17030E+0	+1.01928E-1	-9.32679E-2	+8.07887E-2
+3.18500E+0	+8.78986E-2	-1.06238E-1	+7.93446E-2
+3.19980E+0	+7.37558E-2	-1.07459E-1	+7.77572E-2
+3.21450E+0	+5.96939E-2	-1.24930E-1	+7.60248E-2
+3.22930E+0	+4.55243E-2	-1.44995E-1	+7.41210E-2
+3.24400E+0	+3.14414E-2	-1.44690E-1	+7.20324E-2
+3.25880E+0	+1.72564E-2	-1.61246E-1	+6.97584E-2
+3.27350E+0	+3.16383E-3	-1.76123E-1	+6.72761E-2
+3.28830E+0	-1.10253E-2	-1.91458E-1	+6.45343E-2
+3.30300E+0	-2.51163E-2	-2.04886E-1	+6.15616E-2
+3.31780E+0	-3.92981E-2	-2.32123E-1	+5.83015E-2
+3.33250E+0	-5.33763E-2	-2.46314E-1	+5.48243E-2
+3.34730E+0	-6.75396E-2	-2.58215E-1	+5.10745E-2
+3.36200E+0	-8.15937E-2	-2.79425E-1	+4.71046E-2
+3.37670E+0	-9.56316E-2	-2.90869E-1	+4.29045E-2
+3.39150E+0	-1.09746E-1	-3.00940E-1	+3.84912E-2
+3.40620E+0	-1.23743E-1	-3.16199E-1	+3.39623E-2
+3.42100E+0	-1.37810E-1	-3.20700E-1	+2.92890E-2
+3.43570E+0	-1.51755E-1	-3.17038E-1	+2.46138E-2
+3.45050E+0	-1.65764E-1	-3.20319E-1	+1.98770E-2
+3.46520E+0	-1.79646E-1	-3.22302E-1	+1.51697E-2
+3.48000E+0	-1.93586E-1	-3.12994E-1	+1.04586E-2
+3.49470E+0	-2.07393E-1	-3.12079E-1	+5.82296E-3
+3.50950E+0	-2.21252E-1	-3.16885E-1	+1.19350E-3
+3.52420E+0	-2.34974E-1	-3.07349E-1	-3.34007E-3
+3.53890E+0	-2.48649E-1	-2.95218E-1	-7.77524E-3
+3.55370E+0	-2.62367E-1	-2.90640E-1	-1.21366E-2
+3.56840E+0	-2.75940E-1	-2.83240E-1	-1.63541E-2
+3.58320E+0	-2.89551E-1	-2.72940E-1	-2.04618E-2
+3.59790E+0	-3.03011E-1	-2.61496E-1	-2.44004E-2
+3.61270E+0	-3.16502E-1	-2.50128E-1	-2.82129E-2
+3.62740E+0	-3.29839E-1	-2.41736E-1	-3.18532E-2
+3.64220E+0	-3.43201E-1	-2.34564E-1	-3.53578E-2
+3.65690E+0	-3.56404E-1	-2.23731E-1	-3.86965E-2
+3.67170E+0	-3.69625E-1	-2.11829E-1	-4.18912E-2
+3.68640E+0	-3.82683E-1	-1.95807E-1	-4.49066E-2
+3.70110E+0	-3.95666E-1	-1.86804E-1	-4.77560E-2
+3.71590E+0	-4.08657E-1	-1.78870E-1	-5.04730E-2
+3.73060E+0	-4.21479E-1	-1.69257E-1	-5.30099E-2
+3.74540E+0	-4.34303E-1	-1.56439E-1	-5.54031E-2
+3.76010E+0	-4.46955E-1	-1.46521E-1	-5.76205E-2
+3.77490E+0	-4.59602E-1	-1.34467E-1	-5.96968E-2
+3.78960E+0	-4.72073E-1	-1.24625E-1	-6.16083E-2
+3.80440E+0	-4.84534E-1	-1.16156E-1	-6.33829E-2
+3.81910E+0	-4.96814E-1	-1.07001E-1	-6.50100E-2
+3.83390E+0	-5.09078E-1	-9.73878E-2	-6.65142E-2
+3.84860E+0	-5.21157E-1	-8.94532E-2	-6.78832E-2
+3.86330E+0	-5.33133E-1	-8.22816E-2	-6.91324E-2
+3.87810E+0	-5.45084E-1	-7.38130E-2	-7.02843E-2
+3.89280E+0	-5.56845E-1	-6.67176E-2	-7.13293E-2
+3.90760E+0	-5.68574E-1	-6.13770E-2	-7.22891E-2
+3.92230E+0	-5.80111E-1	-5.80201E-2	-7.31581E-2
+3.93710E+0	-5.91610E-1	-5.19166E-2	-7.39589E-2
+3.95180E+0	-6.02914E-1	-4.58131E-2	-7.46904E-2
+3.96660E+0	-6.14173E-1	-4.35243E-2	-7.53701E-2
+3.98130E+0	-6.25234E-1	-3.89466E-2	-7.59892E-2
+3.99610E+0	-6.36244E-1	-3.81074E-2	-7.65610E-2
+4.01080E+0	-6.47054E-1	-3.68867E-2	-7.70909E-2
+4.02550E+0	-6.57734E-1	-3.14698E-2	-7.75807E-2
+4.04030E+0	-6.68356E-1	-3.14698E-2	-7.80430E-2
+4.05500E+0	-6.78773E-1	-2.54426E-2	-7.84644E-2
+4.06980E+0	-6.89124E-1	-2.80366E-2	-7.88658E-2
+4.08450E+0	-6.99268E-1	-2.26960E-2	-7.92406E-2
+4.09930E+0	-7.09340E-1	-2.26197E-2	-7.95891E-2
+4.11400E+0	-7.19204E-1	-2.13990E-2	-7.99187E-2
+4.12880E+0	-7.28990E-1	-2.03309E-2	-8.02343E-2
+4.14350E+0	-7.38564E-1	-1.92628E-2	-8.05263E-2
+4.15830E+0	-7.48056E-1	-1.81184E-2	-8.08083E-2
+4.17300E+0	-7.57334E-1	-1.64399E-2	-8.10693E-2
+4.18780E+0	-7.66524E-1	-1.56007E-2	-8.13233E-2
+4.20250E+0	-7.75498E-1	-1.48377E-2	-8.15615E-2
+4.21720E+0	-7.84319E-1	-1.40748E-2	-8.17871E-2
+4.23200E+0	-7.93042E-1	-1.37696E-2	-8.20054E-2
+4.24670E+0	-8.01548E-1	-1.38459E-2	-8.22136E-2
+4.26150E+0	-8.09951E-1	-1.07179E-2	-8.24126E-2
+4.27620E+0	-8.18136E-1	-1.25489E-2	-8.26017E-2
+4.29100E+0	-8.26213E-1	-1.31593E-2	-8.27866E-2
+4.30570E+0	-8.34070E-1	-1.04127E-2	-8.29599E-2
+4.32050E+0	-8.41814E-1	-1.06416E-2	-8.31266E-2
+4.33520E+0	-8.49337E-1	-1.08705E-2	-8.32871E-2
+4.35000E+0	-8.56741E-1	-9.95493E-3	-8.34421E-2
+4.36470E+0	-8.63925E-1	-1.04127E-2	-8.35899E-2
+4.37940E+0	-8.70936E-1	-6.82688E-3	-8.37287E-2
+4.39420E+0	-8.77821E-1	-1.02601E-2	-8.38658E-2
+4.40890E+0	-8.84484E-1	-8.04758E-3	-8.39973E-2
+4.42370E+0	-8.91015E-1	-9.19199E-3	-8.41224E-2
+4.43840E+0	-8.97325E-1	-9.87863E-3	-8.42462E-2
+4.45320E+0	-9.03497E-1	-9.42087E-3	-8.43623E-2
+4.46790E+0	-9.09447E-1	-1.01075E-2	-8.44766E-2
+4.48270E+0	-9.15256E-1	-6.90317E-3	-8.45828E-2
+4.49740E+0	-9.20842E-1	-6.29282E-3	-8.46878E-2
+4.51220E+0	-9.26283E-1	-9.42087E-3	-8.47874E-2
+4.52690E+0	-9.31501E-1	-4.38547E-3	-8.48845E-2
+4.54160E+0	-9.36535E-1	-5.37729E-3	-8.49778E-2
+4.55640E+0	-9.41415E-1	-7.36093E-3	-8.50663E-2
+4.57110E+0	-9.46074E-1	-6.59799E-3	-8.51511E-2
+4.58590E+0	-9.50575E-1	-8.12387E-3	-8.52323E-2
+4.60060E+0	-9.54857E-1	-3.39365E-3	-8.53124E-2
+4.61540E+0	-9.58976E-1	-7.81870E-3	-8.53859E-2
+4.63010E+0	-9.62876E-1	-6.75058E-3	-8.54598E-2
+4.64490E+0	-9.66609E-1	-7.66611E-3	-8.55287E-2
+4.65960E+0	-9.70124E-1	-1.71518E-3	-8.55923E-2
+4.67440E+0	-9.73469E-1	-1.01075E-2	-8.56589E-2
+4.68910E+0	-9.76597E-1	-1.71518E-3	-8.57184E-2
+4.70380E+0	-9.79531E-1	-4.15659E-3	-8.57782E-2
+4.71860E+0	-9.82289E-1	-4.23288E-3	-8.58263E-2
+4.73330E+0	-9.84832E-1	-4.46176E-3	-8.58829E-2
+4.74810E+0	-9.87195E-1	-2.02036E-3	-8.59304E-2
+4.76280E+0	-9.89345E-1	-5.83505E-3	-8.59763E-2
+4.77760E+0	-9.91311E-1	-3.16477E-3	-8.60202E-2
+4.79230E+0	-9.93066E-1	-6.67429E-3	-8.60592E-2
+4.80710E+0	-9.94634E-1	-5.60617E-3	-8.61009E-2
+4.82180E+0	-9.95993E-1	-4.00400E-3	-8.61322E-2
+4.83660E+0	-9.97162E-1	-2.78330E-3	-8.61671E-2
+4.85130E+0	-9.98124E-1	-1.10483E-3	-8.61970E-2
+4.86600E+0	-9.98888E-1	-9.52242E-4	-8.62215E-2
+4.88080E+0	-9.99456E-1	-1.48630E-3	-8.62491E-2
+4.89550E+0	-9.99822E-1	-1.25742E-3	-8.62693E-2
+4.91030E+0	-9.99989E-1	-9.52242E-4	-8.62937E-2
+4.92500E+0	-9.99956E-1	-8.75948E-4	-8.63114E-2
+4.93980E+0	-9.99722E-1	-7.99654E-4	-8.63237E-2
+4.95450E+0	-9.99290E-1	-1.79148E-3	-8.63405E-2
+4.96930E+0	-9.98655E-1	-4.94478E-4	-8.63513E-2
+4.98400E+0	-9.97825E-1	-6.47066E-4	-8.63630E-2
+4.99880E+0	-9.96790E-1	-4.94478E-4	-8.63733E-2
+5.01350E+0	-9.95562E-1	-1.89303E-4	-8.63771E-2
+5.02820E+0	-9.94137E-1	-1.63889E-3	-8.63851E-2
+5.04300E+0	-9.92503E-1	+2.09952E-3	-8.63899E-2
+5.05770E+0	-9.90682E-1	-1.79148E-3	-8.63942E-2
+5.07250E+0	-9.88650E-1	-7.23360E-4	-8.63969E-2
+5.08720E+0	-9.86434E-1	-2.17295E-3	-8.63953E-2
+5.10200E+0	-9.84006E-1	-1.02854E-3	-8.63982E-2
+5.11670E+0	-9.81398E-1	+3.09134E-3	-8.63944E-2
+5.13150E+0	-9.78575E-1	-1.25742E-3	-8.63942E-2
+5.14620E+0	-9.75576E-1	-4.61435E-3	-8.63871E-2
+5.16100E+0	-9.72361E-1	-1.02854E-3	-8.63848E-2
+5.17570E+0	-9.68974E-1	+6.82974E-3	-8.63730E-2
+5.19050E+0	-9.65369E-1	-5.70772E-4	-8.63686E-2
+5.20520E+0	-9.61597E-1	-2.02036E-3	-8.63580E-2
+5.21990E+0	-9.57633E-1	+1.64175E-3	-8.63461E-2
+5.23470E+0	-9.53451E-1	+1.18399E-3	-8.63314E-2
+5.24940E+0	-9.49106E-1	+4.21049E-4	-8.63161E-2
+5.26420E+0	-9.44542E-1	+1.56546E-3	-8.62990E-2
+5.27890E+0	-9.39820E-1	+2.09952E-3	-8.62802E-2
+5.29370E+0	-9.34878E-1	+1.03140E-3	-8.62621E-2
+5.30840E+0	-9.29782E-1	+1.48916E-3	-8.62411E-2
+5.32320E+0	-9.24465E-1	+4.97343E-4	-8.62184E-2
+5.33790E+0	-9.19000E-1	-4.94478E-4	-8.61931E-2
+5.35270E+0	-9.13314E-1	+3.47281E-3	-8.61679E-2
+5.36740E+0	-9.07484E-1	+2.17581E-3	-8.61408E-2
+5.38210E+0	-9.01473E-1	+2.70987E-3	-8.61093E-2
+5.39690E+0	-8.95241E-1	+1.56546E-3	-8.60773E-2
+5.41160E+0	-8.88873E-1	+2.40469E-3	-8.60439E-2
+5.42640E+0	-8.82283E-1	+1.87063E-3	-8.60067E-2
+5.44110E+0	-8.75561E-1	+1.03140E-3	-8.59697E-2
+5.45590E+0	-8.68618E-1	+3.62539E-3	-8.59295E-2
+5.47060E+0	-8.61549E-1	+1.71805E-3	-8.58892E-2
+5.48540E+0	-8.54259E-1	+4.46463E-3	-8.58437E-2
+5.50010E+0	-8.46848E-1	+3.77798E-3	-8.57981E-2
+5.51490E+0	-8.39217E-1	+2.55728E-3	-8.57482E-2
+5.52960E+0	-8.31470E-1	+3.77798E-3	-8.56971E-2
+5.54430E+0	-8.23557E-1	+2.40469E-3	-8.56424E-2
+5.55910E+0	-8.15426E-1	+5.30386E-3	-8.55858E-2
+5.57380E+0	-8.07187E-1	+5.91421E-3	-8.55284E-2
+5.58860E+0	-7.98730E-1	+5.60904E-3	-8.54657E-2
+5.60330E+0	-7.90171E-1	+2.48099E-3	-8.54010E-2
+5.61810E+0	-7.81396E-1	+4.31204E-3	-8.53320E-2
+5.63280E+0	-7.72524E-1	+4.69351E-3	-8.52635E-2
+5.64760E+0	-7.63436E-1	+4.99869E-3	-8.51910E-2
+5.66230E+0	-7.54258E-1	+7.13492E-3	-8.51144E-2
+5.67710E+0	-7.44866E-1	+6.98233E-3	-8.50354E-2
+5.69180E+0	-7.35389E-1	+4.69351E-3	-8.49514E-2
+5.70650E+0	-7.25766E-1	+4.54092E-3	-8.48646E-2
+5.72130E+0	-7.15932E-1	+6.21939E-3	-8.47751E-2
+5.73600E+0	-7.06021E-1	+7.28750E-3	-8.46781E-2
+5.75080E+0	-6.95902E-1	+7.89786E-3	-8.45784E-2
+5.76550E+0	-6.85712E-1	+6.82974E-3	-8.44778E-2
+5.78030E+0	-6.75315E-1	+6.98233E-3	-8.43692E-2
+5.79500E+0	-6.64854E-1	+7.05862E-3	-8.42588E-2
+5.80980E+0	-6.54189E-1	+8.12674E-3	-8.41426E-2
+5.82450E+0	-6.43465E-1	+7.89786E-3	-8.40202E-2
+5.83930E+0	-6.32539E-1	+8.50821E-3	-8.38915E-2
+5.85400E+0	-6.21560E-1	+8.73709E-3	-8.37591E-2
+5.86870E+0	-6.10459E-1	+1.02630E-2	-8.36234E-2
+5.88350E+0	-5.99159E-1	+1.04918E-2	-8.34798E-2
+5.89820E+0	-5.87816E-1	+1.00341E-2	-8.33275E-2
+5.91300E+0	-5.76278E-1	+8.35562E-3	-8.31705E-2
+5.92770E+0	-5.64704E-1	+1.14074E-2	-8.30092E-2
+5.94250E+0	-5.52937E-1	+1.32384E-2	-8.28389E-2
+5.95720E+0	-5.41139E-1	+1.24755E-2	-8.26612E-2
+5.97200E+0	-5.29153E-1	+1.14074E-2	-8.24736E-2
+5.98670E+0	-5.17142E-1	+1.30858E-2	-8.22811E-2
+6.00150E+0	-5.04946E-1	+1.49169E-2	-8.20772E-2
+6.01620E+0	-4.92731E-1	+1.48406E-2	-8.18625E-2
+6.03100E+0	-4.80335E-1	+1.44591E-2	-8.16428E-2
+6.04570E+0	-4.67926E-1	+1.40014E-2	-8.14130E-2
+6.06040E+0	-4.55425E-1	+1.84264E-2	-8.11714E-2
+6.07520E+0	-4.42747E-1	+1.75109E-2	-8.09158E-2
+6.08990E+0	-4.30067E-1	+1.94182E-2	-8.06492E-2
+6.10470E+0	-4.17214E-1	+1.90368E-2	-8.03674E-2
+6.11940E+0	-4.04365E-1	+2.09441E-2	-8.00743E-2
+6.13420E+0	-3.91347E-1	+2.30041E-2	-7.97596E-2
+6.14890E+0	-3.78339E-1	+2.61321E-2	-7.94379E-2
+6.16370E+0	-3.65167E-1	+2.76580E-2	-7.90931E-2
+6.17840E+0	-3.52011E-1	+2.39959E-2	-7.87381E-2
+6.19320E+0	-3.38695E-1	+2.40722E-2	-7.83558E-2
+6.20790E+0	-3.25401E-1	+2.43773E-2	-7.79658E-2
+6.22260E+0	-3.12043E-1	+3.14727E-2	-7.75465E-2
+6.23740E+0	-2.98531E-1	+3.49822E-2	-7.70946E-2
+6.25210E+0	-2.85051E-1	+3.36089E-2	-7.66213E-2
+6.26690E+0	-2.71422E-1	+3.46007E-2	-7.61224E-2
+6.28160E+0	-2.57831E-1	+3.52874E-2	-7.55979E-2
+6.29640E+0	-2.44096E-1	+4.26879E-2	-7.50261E-2
+6.31110E+0	-2.30405E-1	+4.61974E-2	-7.44190E-2
+6.32590E+0	-2.16575E-1	+4.32982E-2	-7.37673E-2
+6.34060E+0	-2.02795E-1	+4.39086E-2	-7.30856E-2
+6.35540E+0	-1.88880E-1	+5.41320E-2	-7.23390E-2
+6.37010E+0	-1.75022E-1	+5.61156E-2	-7.15447E-2
+6.38480E+0	-1.61129E-1	+5.87096E-2	-7.06793E-2
+6.39960E+0	-1.47110E-1	+6.77123E-2	-6.97276E-2
+6.41430E+0	-1.33156E-1	+7.91564E-2	-6.86842E-2
+6.42910E+0	-1.19080E-1	+8.26659E-2	-6.75135E-2
+6.44380E+0	-1.05075E-1	+8.28185E-2	-6.62617E-2
+6.45860E+0	-9.09542E-2	+9.63988E-2	-6.48780E-2
+6.47330E+0	-7.69106E-2	+1.10513E-1	-6.33797E-2
+6.48810E+0	-6.27561E-2	+1.14480E-1	-6.17191E-2
+6.50280E+0	-4.86846E-2	+1.31952E-1	-5.98951E-2
+6.51760E+0	-3.45077E-2	+1.47516E-1	-5.78797E-2
+6.53230E+0	-2.04197E-2	+1.53162E-1	-5.56845E-2
+6.54700E+0	-6.32763E-3	+1.68497E-1	-5.32784E-2
+6.56180E+0	+7.86157E-3	+1.87494E-1	-5.06151E-2
+6.57650E+0	+2.19533E-2	+2.03516E-1	-4.77391E-2
+6.59130E+0	+3.61366E-2	+2.21368E-1	-4.45814E-2
+6.60600E+0	+5.02167E-2	+2.48071E-1	-4.11551E-2
+6.62080E+0	+6.43826E-2	+2.57532E-1	-3.74565E-2
+6.63550E+0	+7.84400E-2	+2.72943E-1	-3.35205E-2
+6.65030E+0	+9.25772E-2	+2.97662E-1	-2.92840E-2
+6.66500E+0	+1.06600E-1	+3.09488E-1	-2.48349E-2
+6.67980E+0	+1.20698E-1	+3.15515E-1	-2.01931E-2
+6.69450E+0	+1.34676E-1	+3.29172E-1	-1.54417E-2
+6.70920E+0	+1.48627E-1	+3.36267E-1	-1.05912E-2
+6.72400E+0	+1.62643E-1	+3.28638E-1	-5.67851E-3
+6.73870E+0	+1.76532E-1	+3.34436E-1	-7.77601E-4
+6.75350E+0	+1.90481E-1	+3.36267E-1	+4.16106E-3
+6.76820E+0	+2.04297E-1	+3.28943E-1	+9.03804E-3
+6.78300E+0	+2.18166E-1	+3.24213E-1	+1.38882E-2
+6.79770E+0	+2.31898E-1	+3.22534E-1	+1.86531E-2
+6.81250E+0	+2.45676E-1	+3.20245E-1	+2.33803E-2
+6.82720E+0	+2.59313E-1	+3.06436E-1	+2.79619E-2
+6.84200E+0	+2.72990E-1	+2.95831E-1	+3.24554E-2
+6.85670E+0	+2.86521E-1	+2.92474E-1	+3.67933E-2
+6.87140E+0	+2.99995E-1	+2.80725E-1	+4.09915E-2
+6.88620E+0	+3.13500E-1	+2.68899E-1	+4.50535E-2
+6.90090E+0	+3.26851E-1	+2.55853E-1	+4.89318E-2
+6.91570E+0	+3.40228E-1	+2.46469E-1	+5.26723E-2
+6.93040E+0	+3.53446E-1	+2.37466E-1	+5.62269E-2
+6.94520E+0	+3.66684E-1	+2.28693E-1	+5.96407E-2
+6.95990E+0	+3.79759E-1	+2.14502E-1	+6.28632E-2
+6.97470E+0	+3.92846E-1	+2.00159E-1	+6.59375E-2
+6.98940E+0	+4.05767E-1	+1.87723E-1	+6.88044E-2
+7.00420E+0	+4.18695E-1	+1.75668E-1	+7.15153E-2
+7.01890E+0	+4.31451E-1	+1.63538E-1	+7.40286E-2
+7.03370E+0	+4.44208E-1	+1.53848E-1	+7.63930E-2
+7.04840E+0	+4.56790E-1	+1.44998E-1	+7.85660E-2
+7.06310E+0	+4.69282E-1	+1.33935E-1	+8.05800E-2
+7.07790E+0	+4.81764E-1	+1.22644E-1	+8.24464E-2
+7.09260E+0	+4.94066E-1	+1.10513E-1	+8.41487E-2
+7.10740E+0	+5.06352E-1	+1.01205E-1	+8.57151E-2
+7.12210E+0	+5.18454E-1	+9.18212E-2	+8.71368E-2
+7.13690E+0	+5.30535E-1	+8.55651E-2	+8.84404E-2
+7.15160E+0	+5.42429E-1	+7.90038E-2	+8.96216E-2
+7.16640E+0	+5.54294E-1	+6.92382E-2	+9.07020E-2
+7.18110E+0	+5.65969E-1	+6.35161E-2	+9.16792E-2
+7.19590E+0	+5.77610E-1	+5.63445E-2	+9.25762E-2
+7.21060E+0	+5.89057E-1	+5.31402E-2	+9.33892E-2
+7.22530E+0	+6.00386E-1	+4.74181E-2	+9.41257E-2
+7.24010E+0	+6.11673E-1	+4.23827E-2	+9.48072E-2
+7.25480E+0	+6.22761E-1	+4.14672E-2	+9.54224E-2
+7.26960E+0	+6.33800E-1	+3.96361E-2	+9.59934E-2
+7.28430E+0	+6.44638E-1	+3.20067E-2	+9.65180E-2
+7.29910E+0	+6.55420E-1	+3.35326E-2	+9.70057E-2
+7.31380E+0	+6.65999E-1	+2.94127E-2	+9.74537E-2
+7.32860E+0	+6.76516E-1	+2.75817E-2	+9.78713E-2
+7.34330E+0	+6.86828E-1	+2.44536E-2	+9.82615E-2
+7.35810E+0	+6.97071E-1	+2.22411E-2	+9.86210E-2
+7.37280E+0	+7.07107E-1	+2.39959E-2	+9.89543E-2
+7.38750E+0	+7.17002E-1	+2.09441E-2	+9.92701E-2
+7.40230E+0	+7.26820E-1	+1.85790E-2	+9.95685E-2
+7.41700E+0	+7.36428E-1	+1.81212E-2	+9.98468E-2
+7.43180E+0	+7.45952E-1	+1.78161E-2	+1.00112E-1
+7.44650E+0	+7.55264E-1	+1.74346E-2	+1.00358E-1
+7.46130E+0	+7.64488E-1	+1.65191E-2	+1.00596E-1
+7.47600E+0	+7.73497E-1	+1.59850E-2	+1.00817E-1
+7.49080E+0	+7.82412E-1	+1.36962E-2	+1.01032E-1
+7.50550E+0	+7.91111E-1	+1.28570E-2	+1.01224E-1
+7.52030E+0	+7.99710E-1	+1.27044E-2	+1.01414E-1
+7.53500E+0	+8.08092E-1	+1.30858E-2	+1.01593E-1
+7.54970E+0	+8.16313E-1	+1.24755E-2	+1.01760E-1
+7.56450E+0	+8.24427E-1	+1.04918E-2	+1.01923E-1
+7.57920E+0	+8.32321E-1	+1.15600E-2	+1.02078E-1
+7.59400E+0	+8.40102E-1	+1.14837E-2	+1.02223E-1
+7.60870E+0	+8.47663E-1	+9.72891E-3	+1.02364E-1
+7.62350E+0	+8.55105E-1	+9.65262E-3	+1.02498E-1
+7.63820E+0	+8.62327E-1	+9.04226E-3	+1.02625E-1
+7.65300E+0	+8.69425E-1	+7.36380E-3	+1.02749E-1
+7.66770E+0	+8.76301E-1	+6.82974E-3	+1.02861E-1
+7.68250E+0	+8.83049E-1	+9.11856E-3	+1.02973E-1
+7.69720E+0	+8.89574E-1	+6.90603E-3	+1.03077E-1
+7.71190E+0	+8.95924E-1	+4.08316E-3	+1.03176E-1
+7.72670E+0	+9.02136E-1	+4.23575E-3	+1.03270E-1
+7.74140E+0	+9.08127E-1	+4.92239E-3	+1.03362E-1
+7.75620E+0	+9.13976E-1	+5.07498E-3	+1.03449E-1
+7.77090E+0	+9.19604E-1	+6.06680E-3	+1.03533E-1
+7.78570E+0	+9.25086E-1	+4.23575E-3	+1.03609E-1
+7.80040E+0	+9.30346E-1	+4.31204E-3	+1.03689E-1
+7.81520E+0	+9.35455E-1	+6.60086E-3	+1.03757E-1
+7.82990E+0	+9.40343E-1	+3.77798E-3	+1.03826E-1
+7.84470E+0	+9.45076E-1	+5.15127E-3	+1.03888E-1
+7.85940E+0	+9.49588E-1	+3.24392E-3	+1.03947E-1
+7.87420E+0	+9.53941E-1	+2.93875E-3	+1.04009E-1
+7.88890E+0	+9.58074E-1	+3.32022E-3	+1.04059E-1
+7.90360E+0	+9.62017E-1	+4.69351E-3	+1.04111E-1
+7.91840E+0	+9.65793E-1	+5.45645E-3	+1.04159E-1
+7.93310E+0	+9.69352E-1	+2.68461E-4	+1.04202E-1
+7.94790E+0	+9.72740E-1	+6.75345E-3	+1.04251E-1
+7.96260E+0	+9.75912E-1	-2.02036E-3	+1.04290E-1
+7.97740E+0	+9.78909E-1	-1.56259E-3	+1.04327E-1
+7.99210E+0	+9.81691E-1	+7.66897E-3	+1.04356E-1
+8.00690E+0	+9.84295E-1	-1.02854E-3	+1.04385E-1
+8.02160E+0	+9.86685E-1	+6.49931E-4	+1.04409E-1
+8.03640E+0	+9.88893E-1	+3.44755E-4	+1.04435E-1
+8.05110E+0	+9.90890E-1	+3.93057E-3	+1.04460E-1
+8.06580E+0	+9.92689E-1	+1.87063E-3	+1.04475E-1
+8.08060E+0	+9.94302E-1	+4.21049E-4	+1.04493E-1
+8.09530E+0	+9.95706E-1	+1.64175E-3	+1.04507E-1
+8.11010E+0	+9.96919E-1	+3.70169E-3	+1.04520E-1
+8.12480E+0	+9.97925E-1	-5.70772E-4	+1.04526E-1
+8.13960E+0	+9.98738E-1	+1.33658E-3	+1.04532E-1
+8.15430E+0	+9.99347E-1	-3.67147E-5	+1.04536E-1
+8.16910E+0	+9.99759E-1	-1.89303E-4	+1.04535E-1
+8.18380E+0	+9.99969E-1	-7.99654E-4	+1.04538E-1
+8.19860E+0	+9.99980E-1	-3.41890E-4	+1.04534E-1
+8.21330E+0	+9.99791E-1	+1.03140E-3	+1.04523E-1
+8.22800E+0	+9.99404E-1	-6.47066E-4	+1.04516E-1
+8.24280E+0	+9.98814E-1	+1.15873E-4	+1.04504E-1
+8.25750E+0	+9.98029E-1	-1.71518E-3	+1.04493E-1
+8.27230E+0	+9.97038E-1	-1.41001E-3	+1.04482E-1
+8.28700E+0	+9.95855E-1	-2.02036E-3	+1.04465E-1
+8.30180E+0	+9.94464E-1	-2.70700E-3	+1.04452E-1
+8.31650E+0	+9.92885E-1	-5.45358E-3	+1.04434E-1
+8.33130E+0	+9.91095E-1	+1.03140E-3	+1.04414E-1
+8.34600E+0	+9.89120E-1	-2.17295E-3	+1.04397E-1
+8.36080E+0	+9.86933E-1	-1.94406E-3	+1.04375E-1
+8.37550E+0	+9.84564E-1	-3.41890E-4	+1.04355E-1
+8.39020E+0	+9.82000E-1	-2.32553E-3	+1.04328E-1
+8.40500E+0	+9.79221E-1	-3.24106E-3	+1.04305E-1
+8.41970E+0	+9.76266E-1	-4.94478E-4	+1.04282E-1
+8.43450E+0	+9.73095E-1	-1.25742E-3	+1.04252E-1
+8.44920E+0	+9.69751E-1	-7.89499E-3	+1.04217E-1
+8.46400E+0	+9.66190E-1	+2.40469E-3	+1.04191E-1
+8.47870E+0	+9.62460E-1	+1.71805E-3	+1.04155E-1
+8.49350E+0	+9.58512E-1	-7.99654E-4	+1.04122E-1
+8.50820E+0	+9.54400E-1	-3.01218E-3	+1.04086E-1
+8.52300E+0	+9.50068E-1	-2.02036E-3	+1.04049E-1
+8.53770E+0	+9.45576E-1	-6.47066E-4	+1.04011E-1
+8.55240E+0	+9.40896E-1	-1.94406E-3	+1.03972E-1
+8.56720E+0	+9.35996E-1	-3.31735E-3	+1.03929E-1
+8.58190E+0	+9.30942E-1	-4.15659E-3	+1.03886E-1
+8.59670E+0	+9.25667E-1	-2.78330E-3	+1.03841E-1
+8.61140E+0	+9.20243E-1	-4.38547E-3	+1.03793E-1
+8.62620E+0	+9.14598E-1	-4.84323E-3	+1.03745E-1
+8.64090E+0	+9.08808E-1	-3.08847E-3	+1.03693E-1
+8.65570E+0	+9.02797E-1	-2.93588E-3	+1.03642E-1
+8.67040E+0	+8.96646E-1	-2.17295E-3	+1.03586E-1
+8.68520E+0	+8.90274E-1	-3.39365E-3	+1.03530E-1
+8.69990E+0	+8.83767E-1	-3.54624E-3	+1.03472E-1
+8.71460E+0	+8.77085E-1	-5.07212E-3	+1.03410E-1
+8.72940E+0	+8.70181E-1	-1.86777E-3	+1.03348E-1
+8.74410E+0	+8.63151E-1	-3.24106E-3	+1.03283E-1
+8.75890E+0	+8.55900E-1	-5.60617E-3	+1.03217E-1
+8.77360E+0	+8.48526E-1	-3.69882E-3	+1.03148E-1
+8.78840E+0	+8.40933E-1	-6.29282E-3	+1.03075E-1
+8.80310E+0	+8.33223E-1	-5.98764E-3	+1.03002E-1
+8.81790E+0	+8.25294E-1	-5.98764E-3	+1.02926E-1
+8.83260E+0	+8.17253E-1	-5.07212E-3	+1.02849E-1
+8.84740E+0	+8.08994E-1	-5.14841E-3	+1.02768E-1
+8.86210E+0	+8.00630E-1	-6.21652E-3	+1.02684E-1
+8.87690E+0	+7.92048E-1	-8.42905E-3	+1.02597E-1
+8.89160E+0	+7.83366E-1	-5.30100E-3	+1.02509E-1
+8.90630E+0	+7.74529E-1	-5.37729E-3	+1.02416E-1
+8.92110E+0	+7.65476E-1	-7.05576E-3	+1.02318E-1
+8.93580E+0	+7.56331E-1	-5.22470E-3	+1.02222E-1
+8.95060E+0	+7.46973E-1	-6.90317E-3	+1.02117E-1
+8.96530E+0	+7.37529E-1	-6.44541E-3	+1.02012E-1
+8.98010E+0	+7.27873E-1	-7.66611E-3	+1.01901E-1
+8.99480E+0	+7.18137E-1	-8.73422E-3	+1.01785E-1
+9.00960E+0	+7.08191E-1	-8.50534E-3	+1.01670E-1
+9.02430E+0	+6.98170E-1	-6.90317E-3	+1.01549E-1
+9.03910E+0	+6.87942E-1	-1.01075E-2	+1.01425E-1
+9.05380E+0	+6.77645E-1	-1.01838E-2	+1.01295E-1
+9.06850E+0	+6.67214E-1	-7.51352E-3	+1.01162E-1
+9.08330E+0	+6.56578E-1	-8.73422E-3	+1.01020E-1
+9.09800E+0	+6.45883E-1	-8.65793E-3	+1.00879E-1
+9.11280E+0	+6.34986E-1	-1.13282E-2	+1.00731E-1
+9.12750E+0	+6.24036E-1	-9.72605E-3	+1.00576E-1
+9.14230E+0	+6.12886E-1	-1.02601E-2	+1.00415E-1
+9.15700E+0	+6.01689E-1	-1.17860E-2	+1.00250E-1
+9.17180E+0	+5.90295E-1	-1.21675E-2	+1.00080E-1
+9.18650E+0	+5.78861E-1	-1.01075E-2	+9.99027E-2
+9.20130E+0	+5.67233E-1	-1.33119E-2	+9.97158E-2
+9.21600E+0	+5.55570E-1	-1.39222E-2	+9.95238E-2
+9.23070E+0	+5.43797E-1	-1.33882E-2	+9.93241E-2
+9.24550E+0	+5.31835E-1	-1.39222E-2	+9.91158E-2
+9.26020E+0	+5.19847E-1	-1.40748E-2	+9.88992E-2
+9.27500E+0	+5.07674E-1	-1.34644E-2	+9.86740E-2
+9.28970E+0	+4.95482E-1	-1.52955E-2	+9.84417E-2
+9.30450E+0	+4.83107E-1	-1.73554E-2	+9.81992E-2
+9.31920E+0	+4.70720E-1	-1.70503E-2	+9.79446E-2
+9.33400E+0	+4.58154E-1	-1.81947E-2	+9.76789E-2
+9.34870E+0	+4.45582E-1	-2.20094E-2	+9.74031E-2
+9.36350E+0	+4.32835E-1	-2.03309E-2	+9.71127E-2
+9.37820E+0	+4.20087E-1	-1.97206E-2	+9.68135E-2
+9.39290E+0	+4.07256E-1	-2.33064E-2	+9.64996E-2
+9.40770E+0	+3.94256E-1	-2.26960E-2	+9.61713E-2
+9.42240E+0	+3.81266E-1	-2.42982E-2	+9.58251E-2
+9.43720E+0	+3.68110E-1	-2.28486E-2	+9.54624E-2
+9.45190E+0	+3.54970E-1	-2.41456E-2	+9.50841E-2
+9.46670E+0	+3.41670E-1	-2.82655E-2	+9.46856E-2
+9.48140E+0	+3.28391E-1	-3.20802E-2	+9.42603E-2
+9.49620E+0	+3.14956E-1	-3.69630E-2	+9.38129E-2
+9.51090E+0	+3.01549E-1	-3.23091E-2	+9.33444E-2
+9.52570E+0	+2.87990E-1	-3.11646E-2	+9.28565E-2
+9.54040E+0	+2.74466E-1	-3.72682E-2	+9.23368E-2
+9.55510E+0	+2.60887E-1	-4.12354E-2	+9.17820E-2
+9.56990E+0	+2.47163E-1	-4.27613E-2	+9.11948E-2
+9.58460E+0	+2.33483E-1	-3.94044E-2	+9.05704E-2
+9.59940E+0	+2.19662E-1	-4.37531E-2	+8.99135E-2
+9.61410E+0	+2.05892E-1	-5.45869E-2	+8.92052E-2
+9.62890E+0	+1.91986E-1	-5.85542E-2	+8.84423E-2
+9.64360E+0	+1.78136E-1	-5.40528E-2	+8.76171E-2
+9.65840E+0	+1.64157E-1	-6.10719E-2	+8.67338E-2
+9.67310E+0	+1.50238E-1	-7.13716E-2	+8.57675E-2
+9.68790E+0	+1.36196E-1	-7.41181E-2	+8.46898E-2
+9.70260E+0	+1.22220E-1	-7.83906E-2	+8.35334E-2
+9.71740E+0	+1.08126E-1	-9.23524E-2	+8.22570E-2
+9.73210E+0	+9.41045E-2	-1.04712E-1	+8.08804E-2
+9.74680E+0	+8.00647E-2	-1.04788E-1	+7.93578E-2
+9.76160E+0	+6.59134E-2	-1.13638E-1	+7.76976E-2
+9.77630E+0	+5.18445E-2	-1.29660E-1	+7.58892E-2
+9.79110E+0	+3.76695E-2	-1.36908E-1	+7.38932E-2
+9.80580E+0	+2.35828E-2	-1.50031E-1	+7.17345E-2
+9.82060E+0	+9.39549E-3	-1.72461E-1	+6.93379E-2
+9.83530E+0	-4.69780E-3	-1.82913E-1	+6.67472E-2
+9.85010E+0	-1.88860E-2	-2.00156E-1	+6.38769E-2
+9.86480E+0	-3.29746E-2	-2.20908E-1	+6.07675E-2
+9.87960E+0	-4.71524E-2	-2.34869E-1	+5.73918E-2
+9.89430E+0	-6.12250E-2	-2.49671E-1	+5.37914E-2
+9.90900E+0	-7.52855E-2	-2.75458E-1	+4.99346E-2
+9.92380E+0	-8.94265E-2	-2.88580E-1	+4.57851E-2
+9.93850E+0	-1.03454E-1	-2.95294E-1	+4.14761E-2
+9.95330E+0	-1.17556E-1	-3.11316E-1	+3.69550E-2
+9.96800E+0	-1.31540E-1	-3.20166E-1	+3.23356E-2
+9.98280E+0	-1.45592E-1	-3.14749E-1	+2.76235E-2
+9.99750E+0	-1.59521E-1	-3.22302E-1	+2.28997E-2
+1.00123E+1	-1.73512E-1	-3.28330E-1	+1.81220E-2
+1.00270E+1	-1.87374E-1	-3.17267E-1	+1.33885E-2
+1.00418E+1	-2.01292E-1	-3.15588E-1	+8.67358E-3
+1.00565E+1	-2.15077E-1	-3.18411E-1	+4.01343E-3
+1.00712E+1	-2.28819E-1	-3.12537E-1	-5.88795E-4
+1.00860E+1	-2.42608E-1	-3.01093E-1	-5.13304E-3
+1.01007E+1	-2.56256E-1	-2.96515E-1	-9.54913E-3
+1.01155E+1	-2.69945E-1	-2.90640E-1	-1.38796E-2
+1.01302E+1	-2.83488E-1	-2.80951E-1	-1.80608E-2
+1.01450E+1	-2.97066E-1	-2.68439E-1	-2.21172E-2
+1.01597E+1	-3.10494E-1	-2.57071E-1	-2.60009E-2
+1.01745E+1	-3.23950E-1	-2.49594E-1	-2.97590E-2
+1.01892E+1	-3.37251E-1	-2.39142E-1	-3.33366E-2
+1.02040E+1	-3.50575E-1	-2.27545E-1	-3.67818E-2
+1.02187E+1	-3.63738E-1	-2.15643E-1	-4.00421E-2
+1.02334E+1	-3.76830E-1	-2.03436E-1	-4.31427E-2
+1.02482E+1	-3.89935E-1	-1.93594E-1	-4.60941E-2
+1.02629E+1	-4.02873E-1	-1.83295E-1	-4.88702E-2
+1.02777E+1	-4.15819E-1	-1.73682E-1	-5.14993E-2
+1.02924E+1	-4.28595E-1	-1.63153E-1	-5.39464E-2
+1.03072E+1	-4.41371E-1	-1.53235E-1	-5.62436E-2
+1.03219E+1	-4.53973E-1	-1.40952E-1	-5.83698E-2
+1.03367E+1	-4.66570E-1	-1.30194E-1	-6.03510E-2
+1.03514E+1	-4.78989E-1	-1.18369E-1	-6.21654E-2
+1.03662E+1	-4.91396E-1	-1.10663E-1	-6.38469E-2
+1.03809E+1	-5.03621E-1	-1.00897E-1	-6.53820E-2
+1.03956E+1	-5.15746E-1	-9.24287E-2	-6.67879E-2
+1.04104E+1	-5.27851E-1	-8.28156E-2	-6.80817E-2
+1.04251E+1	-5.39768E-1	-7.70173E-2	-6.92541E-2
+1.04399E+1	-5.51658E-1	-7.02271E-2	-7.03313E-2
+1.04546E+1	-5.63358E-1	-6.56495E-2	-7.13074E-2
+1.04694E+1	-5.75024E-1	-5.84779E-2	-7.22034E-2
+1.04841E+1	-5.86497E-1	-5.45869E-2	-7.30142E-2
+1.04989E+1	-5.97930E-1	-5.03907E-2	-7.37667E-2
+1.05136E+1	-6.09167E-1	-4.30665E-2	-7.44521E-2
+1.05284E+1	-6.20358E-1	-3.96333E-2	-7.50894E-2
+1.05431E+1	-6.31350E-1	-3.92518E-2	-7.56683E-2
+1.05578E+1	-6.42216E-1	-3.33009E-2	-7.62070E-2
+1.05726E+1	-6.53028E-1	-3.61238E-2	-7.67098E-2
+1.05873E+1	-6.63636E-1	-2.93336E-2	-7.71721E-2
+1.06021E+1	-6.74183E-1	-2.75025E-2	-7.76089E-2
+1.06168E+1	-6.84525E-1	-2.49085E-2	-7.80073E-2
+1.06316E+1	-6.94799E-1	-2.49085E-2	-7.83898E-2
+1.06463E+1	-7.04866E-1	-2.51374E-2	-7.87463E-2
+1.06611E+1	-7.14860E-1	-2.10938E-2	-7.90807E-2
+1.06758E+1	-7.24644E-1	-1.98731E-2	-7.93936E-2
+1.06906E+1	-7.34349E-1	-2.18568E-2	-7.96944E-2
+1.07053E+1	-7.43842E-1	-2.13990E-2	-7.99741E-2
+1.07201E+1	-7.53250E-1	-1.78132E-2	-8.02455E-2
+1.07348E+1	-7.62444E-1	-1.62110E-2	-8.04986E-2
+1.07495E+1	-7.71488E-1	-1.57533E-2	-8.07400E-2
+1.07643E+1	-7.80438E-1	-1.69740E-2	-8.09674E-2
+1.07790E+1	-7.89172E-1	-1.53718E-2	-8.11899E-2
+1.07938E+1	-7.97806E-1	-1.25489E-2	-8.13995E-2
+1.08085E+1	-8.06224E-1	-1.30067E-2	-8.15975E-2
+1.08233E+1	-8.14537E-1	-1.10230E-2	-8.17945E-2
+1.08380E+1	-8.22632E-1	-1.25489E-2	-8.19768E-2
+1.08528E+1	-8.30616E-1	-1.15571E-2	-8.21501E-2
+1.08675E+1	-8.38382E-1	-1.10230E-2	-8.23229E-2
+1.08823E+1	-8.46031E-1	-1.10230E-2	-8.24872E-2
+1.08970E+1	-8.53461E-1	-1.05653E-2	-8.26392E-2
+1.09117E+1	-8.60721E-1	-1.07179E-2	-8.27901E-2
+1.09265E+1	-8.67857E-1	-8.73422E-3	-8.29336E-2
+1.09412E+1	-8.74773E-1	-8.88681E-3	-8.30708E-2
+1.09560E+1	-8.81559E-1	-7.89499E-3	-8.32027E-2
+1.09707E+1	-8.88125E-1	-1.03364E-2	-8.33326E-2
+1.09855E+1	-8.94557E-1	-6.90317E-3	-8.34590E-2
+1.10002E+1	-9.00767E-1	-4.84323E-3	-8.35743E-2
+1.10150E+1	-9.06838E-1	-6.36911E-3	-8.36887E-2
+1.10297E+1	-9.12688E-1	-7.89499E-3	-8.37982E-2
+1.10445E+1	-9.18395E-1	-7.81870E-3	-8.39020E-2
+1.10592E+1	-9.23880E-1	-6.97946E-3	-8.40013E-2
+1.10739E+1	-9.29181E-1	-8.12387E-3	-8.40983E-2
+1.10887E+1	-9.34332E-1	-5.37729E-3	-8.41911E-2
+1.11034E+1	-9.39262E-1	-6.44541E-3	-8.42796E-2
+1.11182E+1	-9.44037E-1	-5.07212E-3	-8.43673E-2
+1.11329E+1	-9.48592E-1	-5.60617E-3	-8.44518E-2
+1.11477E+1	-9.52987E-1	-7.51352E-3	-8.45299E-2
+1.11624E+1	-9.57163E-1	-2.02036E-3	-8.46060E-2
+1.11772E+1	-9.61175E-1	-6.36911E-3	-8.46805E-2
+1.11919E+1	-9.64968E-1	-7.05576E-3	-8.47476E-2
+1.12067E+1	-9.68594E-1	-4.94478E-4	-8.48147E-2
+1.12214E+1	-9.72002E-1	-6.82688E-3	-8.48816E-2
+1.12361E+1	-9.75217E-1	+8.78813E-4	-8.49402E-2
+1.12509E+1	-9.78258E-1	+1.48916E-3	-8.49977E-2
+1.12656E+1	-9.81083E-1	-3.39365E-3	-8.50553E-2
+1.12804E+1	-9.83731E-1	-3.69882E-3	-8.51034E-2
+1.12951E+1	-9.86165E-1	-4.69065E-3	-8.51554E-2
+1.13099E+1	-9.88418E-1	-3.69882E-3	-8.51998E-2
+1.13246E+1	-9.90459E-1	-3.08847E-3	-8.52462E-2
+1.13394E+1	-9.92314E-1	-4.23288E-3	-8.52882E-2
+1.13541E+1	-9.93960E-1	-3.16477E-3	-8.53299E-2
+1.13689E+1	-9.95417E-1	-3.54624E-3	-8.53650E-2
+1.13836E+1	-9.96666E-1	-2.85959E-3	-8.53949E-2
+1.13983E+1	-9.97717E-1	+1.18399E-3	-8.54289E-2
+1.14131E+1	-9.98574E-1	-3.08847E-3	-8.54551E-2
+1.14278E+1	-9.99228E-1	-2.63071E-3	-8.54800E-2
+1.14426E+1	-9.99685E-1	-1.94406E-3	-8.55007E-2
+1.14573E+1	-9.99939E-1	-1.86777E-3	-8.55252E-2
+1.14721E+1	-9.99995E-1	-1.48630E-3	-8.55438E-2
+1.14868E+1	-9.99851E-1	-1.56259E-3	-8.55618E-2
+1.15016E+1	-9.99506E-1	-1.10483E-3	-8.55742E-2
+1.15163E+1	-9.98963E-1	-3.39365E-3	-8.55833E-2
+1.15311E+1	-9.98217E-1	+2.68461E-4	-8.55970E-2
+1.15458E+1	-9.97276E-1	-1.13009E-4	-8.56068E-2
+1.15606E+1	-9.96129E-1	+5.73637E-4	-8.56150E-2
+1.15753E+1	-9.94792E-1	+3.44755E-4	-8.56203E-2
+1.15900E+1	-9.93256E-1	+1.03140E-3	-8.56263E-2
+1.16048E+1	-9.91511E-1	-1.25742E-3	-8.56316E-2
+1.16195E+1	-9.89581E-1	-1.86777E-3	-8.56332E-2
+1.16343E+1	-9.87438E-1	+1.64175E-3	-8.56353E-2
+1.16490E+1	-9.85113E-1	+1.79434E-3	-8.56358E-2
+1.16638E+1	-9.82575E-1	-3.01218E-3	-8.56351E-2
+1.16785E+1	-9.79858E-1	+2.78616E-3	-8.56322E-2
+1.16933E+1	-9.76926E-1	+1.03140E-3	-8.56297E-2
+1.17080E+1	-9.73819E-1	+2.40469E-3	-8.56244E-2
+1.17228E+1	-9.70495E-1	+5.30386E-3	-8.56142E-2
+1.17375E+1	-9.67001E-1	-3.24106E-3	-8.56113E-2
+1.17522E+1	-9.63314E-1	-1.86777E-3	-8.55970E-2
+1.17670E+1	-9.59409E-1	-2.40183E-3	-8.55882E-2
+1.17817E+1	-9.55340E-1	+8.78813E-4	-8.55773E-2
+1.17965E+1	-9.51051E-1	-4.18184E-4	-8.55593E-2
+1.18112E+1	-9.46601E-1	+1.26028E-3	-8.55436E-2
+1.18260E+1	-9.41931E-1	-4.94478E-4	-8.55284E-2
+1.18407E+1	-9.37105E-1	-4.94478E-4	-8.55098E-2
+1.18555E+1	-9.32058E-1	+8.78813E-4	-8.54879E-2
+1.18702E+1	-9.26859E-1	+2.55728E-3	-8.54644E-2
+1.18850E+1	-9.21440E-1	+2.55728E-3	-8.54422E-2
+1.18997E+1	-9.15873E-1	-6.47066E-4	-8.54165E-2
+1.19144E+1	-9.10124E-1	+4.84610E-3	-8.53884E-2
+1.19292E+1	-9.04153E-1	+4.84610E-3	-8.53597E-2
+1.19439E+1	-8.98043E-1	+4.31204E-3	-8.53283E-2
+1.19587E+1	-8.91711E-1	+5.38016E-3	-8.52947E-2
+1.19734E+1	-8.85243E-1	+2.09952E-3	-8.52591E-2
+1.19882E+1	-8.78555E-1	+1.26028E-3	-8.52213E-2
+1.20029E+1	-8.71736E-1	+2.40469E-3	-8.51839E-2
+1.20177E+1	-8.64696E-1	+1.79434E-3	-8.51431E-2
+1.20324E+1	-8.57531E-1	+2.25210E-3	-8.51000E-2
+1.20472E+1	-8.50146E-1	+3.09134E-3	-8.50534E-2
+1.20619E+1	-8.42641E-1	+3.32022E-3	-8.50067E-2
+1.20766E+1	-8.34968E-1	+3.54910E-3	-8.49555E-2
+1.20914E+1	-8.27076E-1	+1.87063E-3	-8.48996E-2
+1.21061E+1	-8.19073E-1	+3.16763E-3	-8.48464E-2
+1.21209E+1	-8.10850E-1	+5.76163E-3	-8.47879E-2
+1.21356E+1	-8.02522E-1	+3.16763E-3	-8.47258E-2
+1.21504E+1	-7.93975E-1	+4.23575E-3	-8.46630E-2
+1.21651E+1	-7.85329E-1	+4.08316E-3	-8.45959E-2
+1.21799E+1	-7.76466E-1	+5.30386E-3	-8.45272E-2
+1.21946E+1	-7.67508E-1	+5.15127E-3	-8.44564E-2
+1.22094E+1	-7.58335E-1	+7.44009E-3	-8.43829E-2
+1.22241E+1	-7.49073E-1	+4.99869E-3	-8.43033E-2
+1.22388E+1	-7.39662E-1	+4.99869E-3	-8.42228E-2
+1.22536E+1	-7.30039E-1	+7.59268E-3	-8.41348E-2
+1.22683E+1	-7.20335E-1	+6.75345E-3	-8.40474E-2
+1.22831E+1	-7.10421E-1	+4.15945E-3	-8.39564E-2
+1.22978E+1	-7.00432E-1	+6.21939E-3	-8.38588E-2
+1.23126E+1	-6.90235E-1	+8.73709E-3	-8.37567E-2
+1.23273E+1	-6.79969E-1	+4.69351E-3	-8.36522E-2
+1.23421E+1	-6.69496E-1	+6.14309E-3	-8.35421E-2
+1.23568E+1	-6.58961E-1	+7.97415E-3	-8.34295E-2
+1.23716E+1	-6.48222E-1	+9.04226E-3	-8.33118E-2
+1.23863E+1	-6.37427E-1	+7.36380E-3	-8.31866E-2
+1.24010E+1	-6.26505E-1	+9.34744E-3	-8.30571E-2
+1.24158E+1	-6.15383E-1	+8.88968E-3	-8.29210E-2
+1.24305E+1	-6.04213E-1	+1.00341E-2	-8.27794E-2
+1.24453E+1	-5.92846E-1	+1.14074E-2	-8.26326E-2
+1.24600E+1	-5.81438E-1	+1.01867E-2	-8.24793E-2
+1.24748E+1	-5.69836E-1	+8.96597E-3	-8.23191E-2
+1.24895E+1	-5.58198E-1	+1.03393E-2	-8.21510E-2
+1.25043E+1	-5.46369E-1	+1.12548E-2	-8.19772E-2
+1.25190E+1	-5.34512E-1	+1.15600E-2	-8.17925E-2
+1.25338E+1	-5.22466E-1	+1.41540E-2	-8.16023E-2
+1.25485E+1	-5.10397E-1	+1.17126E-2	-8.14024E-2
+1.25633E+1	-4.98145E-1	+1.53747E-2	-8.11950E-2
+1.25780E+1	-4.85875E-1	+1.31621E-2	-8.09761E-2
+1.25927E+1	-4.73509E-1	+1.49932E-2	-8.07526E-2
+1.26075E+1	-4.60964E-1	+1.46117E-2	-8.05136E-2
+1.26222E+1	-4.48412E-1	+1.65954E-2	-8.02667E-2
+1.26370E+1	-4.35684E-1	+1.60613E-2	-8.00025E-2
+1.26517E+1	-4.22956E-1	+1.72820E-2	-7.97312E-2
+1.26665E+1	-4.10056E-1	+1.97997E-2	-7.94402E-2
+1.26812E+1	-3.97162E-1	+2.33092E-2	-7.91374E-2
+1.26960E+1	-3.84100E-1	+2.30804E-2	-7.88147E-2
+1.27107E+1	-3.71050E-1	+2.22411E-2	-7.84848E-2
+1.27255E+1	-3.57837E-1	+2.47588E-2	-7.81345E-2
+1.27402E+1	-3.44641E-1	+2.44536E-2	-7.77674E-2
+1.27549E+1	-3.31378E-1	+2.46825E-2	-7.73830E-2
+1.27697E+1	-3.17957E-1	+3.22356E-2	-7.69714E-2
+1.27844E+1	-3.04564E-1	+3.41430E-2	-7.65358E-2
+1.27992E+1	-2.91019E-1	+3.12438E-2	-7.60649E-2
+1.28139E+1	-2.77507E-1	+3.00994E-2	-7.55869E-2
+1.28287E+1	-2.63847E-1	+3.41430E-2	-7.50727E-2
+1.28434E+1	-2.50227E-1	+4.23064E-2	-7.45269E-2
+1.28582E+1	-2.36465E-1	+4.02465E-2	-7.39310E-2
+1.28729E+1	-2.22748E-1	+4.31457E-2	-7.33106E-2
+1.28877E+1	-2.08893E-1	+4.31457E-2	-7.26395E-2
+1.29024E+1	-1.95090E-1	+5.34453E-2	-7.19170E-2
+1.29171E+1	-1.81249E-1	+5.84807E-2	-7.11500E-2
+1.29319E+1	-1.67277E-1	+5.38268E-2	-7.03066E-2
+1.29466E+1	-1.53366E-1	+6.02355E-2	-6.94155E-2
+1.29614E+1	-1.39329E-1	+7.29003E-2	-6.84012E-2
+1.29761E+1	-1.25360E-1	+8.11400E-2	-6.73081E-2
+1.29909E+1	-1.11270E-1	+8.29711E-2	-6.60916E-2
+1.30056E+1	-9.72538E-2	+9.74669E-2	-6.47599E-2
+1.30204E+1	-8.31224E-2	+1.07004E-1	-6.33082E-2
+1.30351E+1	-6.90700E-2	+1.08377E-1	-6.17228E-2
+1.30499E+1	-5.49081E-2	+1.23483E-1	-5.99799E-2
+1.30646E+1	-4.08309E-2	+1.36835E-1	-5.80578E-2
+1.30793E+1	-2.67456E-2	+1.48889E-1	-5.59630E-2
+1.30941E+1	-1.25591E-2	+1.62317E-1	-5.36391E-2
+1.31088E+1	+1.53398E-3	+1.88562E-1	-5.10676E-2
+1.31236E+1	+1.57227E-2	+1.95505E-1	-4.82962E-2
+1.31383E+1	+2.98123E-2	+2.10382E-1	-4.52726E-2
+1.31531E+1	+4.39919E-2	+2.35330E-1	-4.19629E-2
+1.31678E+1	+5.80668E-2	+2.52115E-1	-3.83992E-2
+1.31826E+1	+7.22259E-2	+2.65695E-1	-3.45570E-2
+1.31973E+1	+8.62749E-2	+2.92551E-1	-3.04609E-2
+1.32121E+1	+1.00402E-1	+3.05902E-1	-2.60603E-2
+1.32268E+1	+1.14414E-1	+3.09106E-1	-2.15228E-2
+1.32415E+1	+1.28403E-1	+3.25052E-1	-1.68258E-2
+1.32563E+1	+1.42461E-1	+3.30850E-1	-1.19816E-2
+1.32710E+1	+1.56397E-1	+3.28638E-1	-7.10371E-3
+1.32858E+1	+1.70395E-1	+3.33902E-1	-2.17785E-3
+1.33005E+1	+1.84265E-1	+3.37793E-1	+2.74185E-3
+1.33153E+1	+1.98192E-1	+3.30926E-1	+7.67689E-3
+1.33300E+1	+2.11986E-1	+3.24060E-1	+1.25172E-2
+1.33448E+1	+2.25831E-1	+3.25510E-1	+1.73443E-2
+1.33595E+1	+2.39538E-1	+3.19711E-1	+2.20703E-2
+1.33743E+1	+2.53289E-1	+3.09946E-1	+2.67345E-2
+1.33890E+1	+2.66898E-1	+3.01019E-1	+3.12484E-2
+1.34038E+1	+2.80545E-1	+2.97204E-1	+3.56759E-2
+1.34185E+1	+2.94044E-1	+2.87515E-1	+3.99413E-2
+1.34332E+1	+3.07485E-1	+2.74240E-1	+4.40450E-2
+1.34480E+1	+3.20955E-1	+2.58218E-1	+4.80170E-2
+1.34627E+1	+3.34271E-1	+2.50513E-1	+5.17985E-2
+1.34775E+1	+3.47610E-1	+2.43341E-1	+5.54524E-2
+1.34922E+1	+3.60789E-1	+2.31134E-1	+5.89103E-2
+1.35070E+1	+3.73986E-1	+2.16333E-1	+6.22259E-2
+1.35217E+1	+3.87019E-1	+2.06872E-1	+6.53482E-2
+1.35365E+1	+4.00064E-1	+1.93292E-1	+6.83162E-2
+1.35512E+1	+4.12940E-1	+1.80475E-1	+7.10828E-2
+1.35660E+1	+4.25821E-1	+1.69641E-1	+7.36925E-2
+1.35807E+1	+4.38530E-1	+1.59341E-1	+7.61121E-2
+1.35954E+1	+4.51152E-1	+1.49347E-1	+7.83611E-2
+1.36102E+1	+4.63770E-1	+1.37750E-1	+8.04568E-2
+1.36249E+1	+4.76209E-1	+1.27832E-1	+8.23805E-2
+1.36397E+1	+4.88638E-1	+1.17303E-1	+8.41608E-2
+1.36544E+1	+5.00885E-1	+1.06851E-1	+8.57793E-2
+1.36692E+1	+5.13116E-1	+9.88402E-2	+8.72700E-2
+1.36839E+1	+5.25161E-1	+8.91509E-2	+8.86196E-2
+1.36987E+1	+5.37183E-1	+8.20556E-2	+8.98591E-2
+1.37134E+1	+5.49016E-1	+7.47314E-2	+9.09779E-2
+1.37282E+1	+5.60820E-1	+6.80938E-2	+9.20029E-2
+1.37429E+1	+5.72433E-1	+5.94726E-2	+9.29310E-2
+1.37576E+1	+5.83931E-1	+5.30639E-2	+9.37787E-2
+1.37724E+1	+5.95391E-1	+4.84862E-2	+9.45536E-2
+1.37871E+1	+6.06655E-1	+4.62737E-2	+9.52532E-2
+1.38019E+1	+6.17873E-1	+4.24590E-2	+9.59007E-2
+1.38166E+1	+6.28893E-1	+3.87206E-2	+9.64923E-2
+1.38314E+1	+6.39862E-1	+3.60503E-2	+9.70383E-2
+1.38461E+1	+6.50628E-1	+3.20830E-2	+9.75384E-2
+1.38609E+1	+6.61338E-1	+2.98705E-2	+9.80056E-2
+1.38756E+1	+6.71843E-1	+2.78106E-2	+9.84341E-2
+1.38904E+1	+6.82285E-1	+2.76580E-2	+9.88348E-2
+1.39051E+1	+6.92520E-1	+2.34618E-2	+9.92066E-2
+1.39198E+1	+7.02618E-1	+2.11730E-2	+9.95499E-2
+1.39346E+1	+7.12644E-1	+2.15545E-2	+9.98749E-2
+1.39493E+1	+7.22460E-1	+2.01812E-2	+1.00181E-1
+1.39641E+1	+7.32197E-1	+1.94182E-2	+1.00471E-1
+1.39788E+1	+7.41723E-1	+1.55273E-2	+1.00740E-1
+1.39936E+1	+7.51165E-1	+1.61376E-2	+1.00995E-1
+1.40083E+1	+7.60394E-1	+1.35436E-2	+1.01238E-1
+1.40231E+1	+7.69532E-1	+1.40014E-2	+1.01466E-1
+1.40378E+1	+7.78456E-1	+1.20177E-2	+1.01681E-1
+1.40526E+1	+7.87284E-1	+1.17888E-2	+1.01884E-1
+1.40673E+1	+7.95895E-1	+1.36962E-2	+1.02076E-1
+1.40820E+1	+8.04348E-1	+1.27807E-2	+1.02256E-1
+1.40968E+1	+8.12698E-1	+1.27807E-2	+1.02431E-1
+1.41115E+1	+8.20829E-1	+1.08733E-2	+1.02597E-1
+1.41263E+1	+8.28850E-1	+1.19414E-2	+1.02755E-1
+1.41410E+1	+8.36653E-1	+9.72891E-3	+1.02905E-1
+1.41558E+1	+8.44340E-1	+8.96597E-3	+1.03048E-1
+1.41705E+1	+8.51808E-1	+5.45645E-3	+1.03182E-1
+1.41853E+1	+8.59155E-1	+9.04226E-3	+1.03315E-1
+1.42000E+1	+8.66281E-1	+7.28750E-3	+1.03439E-1
+1.42148E+1	+8.73282E-1	+6.82974E-3	+1.03557E-1
+1.42295E+1	+8.80061E-1	+6.82974E-3	+1.03673E-1
+1.42442E+1	+8.86666E-1	+6.60086E-3	+1.03778E-1
+1.42590E+1	+8.93138E-1	+5.76163E-3	+1.03881E-1
+1.42737E+1	+8.99388E-1	+8.12674E-3	+1.03977E-1
+1.42885E+1	+9.05500E-1	+7.97415E-3	+1.04072E-1
+1.43032E+1	+9.11391E-1	+5.30386E-3	+1.04160E-1
+1.43180E+1	+9.17138E-1	+6.06680E-3	+1.04245E-1
+1.43327E+1	+9.22664E-1	+5.60904E-3	+1.04327E-1
+1.43475E+1	+9.28043E-1	+5.83792E-3	+1.04405E-1
+1.43622E+1	+9.33200E-1	+5.76163E-3	+1.04477E-1
+1.43770E+1	+9.38205E-1	+2.25210E-3	+1.04543E-1
+1.43917E+1	+9.42989E-1	+3.62539E-3	+1.04607E-1
+1.44065E+1	+9.47616E-1	+6.60086E-3	+1.04670E-1
+1.44212E+1	+9.52024E-1	+4.31204E-3	+1.04728E-1
+1.44359E+1	+9.56242E-1	+1.64175E-3	+1.04784E-1
+1.44507E+1	+9.60297E-1	+3.47281E-3	+1.04835E-1
+1.44654E+1	+9.64133E-1	+2.25210E-3	+1.04884E-1
+1.44802E+1	+9.67802E-1	-1.25742E-3	+1.04931E-1
+1.44949E+1	+9.71253E-1	+4.31204E-3	+1.04977E-1
+1.45097E+1	+9.74533E-1	-2.63071E-3	+1.05015E-1
+1.45244E+1	+9.77597E-1	-1.56259E-3	+1.05052E-1
+1.45392E+1	+9.80485E-1	-1.56259E-3	+1.05087E-1
+1.45539E+1	+9.83158E-1	+4.99869E-3	+1.05115E-1
+1.45687E+1	+9.85652E-1	+1.03140E-3	+1.05144E-1
+1.45834E+1	+9.87933E-1	+2.68461E-4	+1.05170E-1
+1.45981E+1	+9.90018E-1	+3.16763E-3	+1.05190E-1
+1.46129E+1	+9.91918E-1	-7.99654E-4	+1.05209E-1
+1.46276E+1	+9.93608E-1	+7.26225E-4	+1.05227E-1
+1.46424E+1	+9.95109E-1	-2.40183E-3	+1.05242E-1
+1.46571E+1	+9.96403E-1	+1.10769E-3	+1.05255E-1
+1.46719E+1	+9.97505E-1	-1.56259E-3	+1.05263E-1
+1.46866E+1	+9.98401E-1	+1.79434E-3	+1.05273E-1
+1.47014E+1	+9.99102E-1	+3.39651E-3	+1.05275E-1
+1.47161E+1	+9.99600E-1	-2.65597E-4	+1.05276E-1
+1.47309E+1	+9.99901E-1	+2.09952E-3	+1.05279E-1
