+0.00000E+0	+0.00000E+0	-5.99084E-3	-2.99542E-7
+1.47000E-2	+1.40930E-2	+1.17300E-1	+9.23781E-4
+2.95000E-2	+2.82790E-2	+4.74149E-2	+2.08884E-3
+4.42000E-2	+4.23635E-2	+8.00687E-2	+3.25402E-3
+5.90000E-2	+5.65354E-2	+9.64719E-2	+4.62613E-3
+7.37000E-2	+7.06002E-2	+8.98344E-2	+6.01055E-3
+8.85000E-2	+8.47465E-2	+1.13943E-1	+7.44340E-3
+1.03200E-1	+9.87804E-2	+1.14554E-1	+8.95743E-3
+1.18000E-1	+1.12890E-1	+9.07499E-2	+1.03939E-2
+1.32700E-1	+1.26882E-1	+7.90769E-2	+1.18086E-2
+1.47500E-1	+1.40943E-1	+8.60960E-2	+1.32459E-2
+1.62200E-1	+1.54881E-1	+9.83793E-2	+1.47062E-2
+1.76900E-1	+1.68789E-1	+1.03262E-1	+1.61613E-2
+1.91700E-1	+1.82757E-1	+1.08297E-1	+1.75969E-2
+2.06400E-1	+1.96595E-1	+1.02423E-1	+1.90639E-2
+2.21200E-1	+2.10487E-1	+8.78507E-2	+2.04480E-2
+2.35900E-1	+2.24243E-1	+7.88480E-2	+2.18311E-2
+2.50700E-1	+2.38048E-1	+8.73167E-2	+2.32093E-2
+2.65400E-1	+2.51712E-1	+8.46464E-2	+2.45793E-2
+2.80200E-1	+2.65419E-1	+9.96000E-2	+2.59308E-2
+2.94900E-1	+2.78980E-1	+9.83793E-2	+2.72666E-2
+3.09700E-1	+2.92577E-1	+9.31913E-2	+2.86234E-2
+3.24400E-1	+3.06025E-1	+9.13602E-2	+2.98776E-2
+3.39100E-1	+3.19411E-1	+9.24284E-2	+3.11531E-2
+3.53900E-1	+3.32825E-1	+8.24338E-2	+3.24091E-2
+3.68600E-1	+3.46081E-1	+7.27445E-2	+3.36602E-2
+3.83400E-1	+3.59358E-1	+7.13712E-2	+3.48669E-2
+3.98100E-1	+3.72474E-1	+7.54911E-2	+3.60785E-2
+4.12900E-1	+3.85605E-1	+8.14420E-2	+3.72942E-2
+4.27600E-1	+3.98569E-1	+7.35837E-2	+3.84411E-2
+4.42400E-1	+4.11542E-1	+9.18180E-2	+3.95783E-2
+4.57100E-1	+4.24346E-1	+7.87717E-2	+4.06955E-2
+4.71900E-1	+4.37151E-1	+8.18998E-2	+4.17957E-2
+4.86600E-1	+4.49783E-1	+7.80851E-2	+4.28586E-2
+5.01400E-1	+4.62410E-1	+6.50388E-2	+4.39173E-2
+5.16100E-1	+4.74860E-1	+7.15238E-2	+4.49171E-2
+5.30800E-1	+4.87215E-1	+6.27500E-2	+4.59470E-2
+5.45600E-1	+4.99557E-1	+6.07664E-2	+4.68903E-2
+5.60300E-1	+5.11716E-1	+6.06901E-2	+4.78504E-2
+5.75100E-1	+5.23855E-1	+5.73331E-2	+4.87842E-2
+5.89800E-1	+5.35807E-1	+6.08427E-2	+4.97142E-2
+6.04600E-1	+5.47734E-1	+5.73331E-2	+5.06364E-2
+6.19300E-1	+5.59470E-1	+5.99271E-2	+5.15083E-2
+6.34100E-1	+5.71174E-1	+6.58781E-2	+5.24194E-2
+6.48800E-1	+5.82685E-1	+6.64121E-2	+5.32634E-2
+6.63600E-1	+5.94158E-1	+6.64884E-2	+5.41028E-2
+6.78300E-1	+6.05435E-1	+5.48917E-2	+5.48959E-2
+6.93000E-1	+6.16591E-1	+4.45158E-2	+5.56888E-2
+7.07800E-1	+6.27700E-1	+4.20744E-2	+5.64879E-2
+7.22500E-1	+6.38608E-1	+4.40580E-2	+5.72632E-2
+7.37300E-1	+6.49463E-1	+6.17582E-2	+5.79860E-2
+7.52000E-1	+6.60114E-1	+5.90116E-2	+5.86751E-2
+7.66800E-1	+6.70706E-1	+3.15458E-2	+5.93766E-2
+7.81500E-1	+6.81093E-1	+4.83305E-2	+6.00882E-2
+7.96300E-1	+6.91413E-1	+5.93168E-2	+6.07046E-2
+8.11000E-1	+7.01526E-1	+3.65812E-2	+6.13043E-2
+8.25800E-1	+7.11567E-1	+1.62870E-2	+6.19862E-2
+8.40500E-1	+7.21398E-1	+7.09135E-2	+6.25556E-2
+8.55200E-1	+7.31086E-1	+2.04832E-2	+6.30935E-2
+8.70000E-1	+7.40694E-1	+3.63523E-2	+6.37269E-2
+8.84700E-1	+7.50088E-1	+5.51969E-2	+6.41959E-2
+8.99500E-1	+7.59396E-1	+1.15568E-2	+6.47810E-2
+9.14200E-1	+7.68490E-1	+5.10770E-2	+6.52700E-2
+9.29000E-1	+7.77492E-1	+2.39164E-2	+6.57732E-2
+9.43700E-1	+7.86278E-1	+3.48264E-2	+6.62309E-2
+9.58500E-1	+7.94965E-1	+2.63578E-2	+6.67210E-2
+9.73200E-1	+8.03436E-1	+3.13932E-2	+6.71312E-2
+9.88000E-1	+8.11803E-1	+4.03959E-2	+6.75786E-2
+1.00270E+0	+8.19952E-1	+2.39164E-2	+6.79942E-2
+1.01740E+0	+8.27938E-1	+2.39927E-2	+6.83824E-2
+1.03220E+0	+8.35812E-1	+3.13932E-2	+6.87889E-2
+1.04690E+0	+8.43466E-1	+2.49845E-2	+6.91709E-2
+1.06170E+0	+8.51003E-1	+2.57474E-2	+6.95181E-2
+1.07640E+0	+8.58320E-1	+2.26957E-2	+6.98596E-2
+1.09120E+0	+8.65514E-1	+2.08646E-2	+7.02034E-2
+1.10590E+0	+8.72487E-1	+2.55186E-2	+7.05403E-2
+1.12070E+0	+8.79332E-1	+2.10172E-2	+7.08710E-2
+1.13540E+0	+8.85956E-1	+1.75077E-2	+7.11638E-2
+1.15020E+0	+8.92447E-1	+1.56766E-2	+7.14609E-2
+1.16490E+0	+8.98717E-1	+1.55241E-2	+7.17361E-2
+1.17960E+0	+9.04807E-1	+1.23960E-2	+7.20220E-2
+1.19440E+0	+9.10758E-1	+1.33878E-2	+7.22775E-2
+1.20910E+0	+9.16487E-1	+1.67448E-2	+7.25340E-2
+1.22390E+0	+9.22072E-1	+8.19984E-3	+7.27795E-2
+1.23860E+0	+9.27434E-1	+1.51426E-2	+7.30224E-2
+1.25340E+0	+9.32647E-1	+1.93388E-2	+7.32319E-2
+1.26810E+0	+9.37639E-1	+1.49137E-2	+7.34257E-2
+1.28290E+0	+9.42477E-1	+1.48374E-2	+7.36446E-2
+1.29760E+0	+9.47094E-1	+1.33878E-2	+7.38338E-2
+1.31240E+0	+9.51553E-1	+1.23197E-2	+7.40214E-2
+1.32710E+0	+9.55792E-1	+6.36878E-3	+7.41845E-2
+1.34180E+0	+9.59841E-1	+1.09464E-2	+7.43620E-2
+1.35660E+0	+9.63725E-1	+1.55241E-2	+7.45109E-2
+1.37130E+0	+9.67391E-1	-3.99076E-5	+7.46626E-2
+1.38610E+0	+9.70887E-1	+4.17856E-4	+7.47995E-2
+1.40080E+0	+9.74166E-1	+1.81181E-2	+7.49172E-2
+1.41560E+0	+9.77273E-1	+1.33115E-2	+7.50549E-2
+1.43030E+0	+9.80163E-1	+1.30064E-2	+7.51441E-2
+1.44510E+0	+9.82877E-1	+4.38514E-3	+7.52607E-2
+1.45980E+0	+9.85376E-1	-4.00719E-3	+7.53556E-2
+1.47460E+0	+9.87694E-1	+1.33338E-3	+7.54304E-2
+1.48930E+0	+9.89800E-1	-9.04259E-3	+7.55294E-2
+1.50410E+0	+9.91722E-1	+7.28431E-3	+7.56107E-2
+1.51880E+0	+9.93433E-1	-4.00719E-3	+7.56497E-2
+1.53350E+0	+9.94947E-1	-3.39684E-3	+7.57049E-2
+1.54830E+0	+9.96271E-1	+4.23255E-3	+7.57609E-2
+1.56300E+0	+9.97388E-1	+2.40150E-3	+7.57987E-2
+1.57780E+0	+9.98313E-1	+3.92738E-3	+7.58117E-2
+1.59250E+0	+9.99032E-1	-7.26553E-4	+7.58336E-2
+1.60730E+0	+9.99556E-1	-5.53307E-3	+7.58642E-2
+1.62200E+0	+9.99876E-1	+7.81837E-3	+7.58995E-2
+1.63680E+0	+9.99999E-1	+4.17856E-4	+7.58956E-2
+1.65150E+0	+9.99921E-1	-6.50259E-4	+7.58901E-2
+1.66630E+0	+9.99642E-1	+9.11537E-3	+7.58782E-2
+1.68100E+0	+9.99166E-1	+4.07997E-3	+7.58728E-2
+1.69570E+0	+9.98491E-1	+4.91920E-3	+7.58569E-2
+1.71050E+0	+9.97612E-1	-4.31237E-3	+7.58428E-2
+1.72520E+0	+9.96539E-1	+7.89466E-3	+7.58188E-2
+1.74000E+0	+9.95260E-1	+1.33115E-2	+7.58080E-2
+1.75470E+0	+9.93790E-1	+1.40968E-3	+7.57911E-2
+1.76950E+0	+9.92111E-1	-5.38048E-3	+7.57612E-2
+1.78420E+0	+9.90246E-1	+8.42872E-3	+7.57331E-2
+1.79900E+0	+9.88170E-1	-1.23995E-2	+7.56901E-2
+1.81370E+0	+9.85910E-1	-3.25411E-2	+7.56626E-2
+1.82850E+0	+9.83437E-1	-3.00234E-2	+7.56193E-2
+1.84320E+0	+9.80785E-1	+5.70444E-4	+7.55839E-2
+1.85790E+0	+9.77938E-1	-7.28783E-3	+7.55452E-2
+1.87270E+0	+9.74876E-1	-5.07531E-3	+7.54939E-2
+1.88740E+0	+9.71640E-1	+4.38514E-3	+7.54404E-2
+1.90220E+0	+9.68187E-1	-5.07531E-3	+7.53815E-2
+1.91690E+0	+9.64565E-1	-9.50036E-3	+7.53190E-2
+1.93170E+0	+9.60724E-1	+4.17856E-4	+7.52433E-2
+1.94640E+0	+9.56717E-1	-1.49172E-2	+7.51688E-2
+1.96120E+0	+9.52492E-1	+6.46738E-4	+7.50996E-2
+1.97590E+0	+9.48105E-1	+4.94150E-4	+7.50050E-2
+1.99070E+0	+9.43498E-1	-4.15978E-3	+7.49057E-2
+2.00540E+0	+9.38734E-1	-8.02847E-4	+7.48076E-2
+2.02010E+0	+9.33784E-1	-6.67748E-3	+7.47087E-2
+2.03490E+0	+9.28613E-1	-1.18655E-2	+7.45963E-2
+2.04960E+0	+9.23291E-1	-5.22790E-3	+7.44764E-2
+2.06440E+0	+9.17749E-1	-9.27147E-3	+7.43427E-2
+2.07910E+0	+9.12060E-1	-9.42406E-3	+7.41988E-2
+2.09390E+0	+9.06150E-1	-7.05895E-3	+7.40588E-2
+2.10860E+0	+9.00099E-1	-1.01870E-2	+7.39049E-2
+2.12340E+0	+8.93827E-1	-8.89001E-3	+7.37371E-2
+2.13810E+0	+8.87419E-1	-6.83007E-3	+7.35692E-2
+2.15290E+0	+8.80789E-1	-4.61754E-3	+7.33955E-2
+2.16760E+0	+8.74028E-1	-1.80453E-2	+7.32037E-2
+2.18230E+0	+8.67094E-1	-2.44540E-2	+7.29862E-2
+2.19710E+0	+8.59939E-1	-1.78164E-2	+7.27551E-2
+2.21180E+0	+8.52660E-1	-1.34676E-2	+7.25278E-2
+2.22660E+0	+8.45161E-1	-1.96475E-2	+7.22913E-2
+2.24130E+0	+8.37544E-1	-1.76638E-2	+7.20491E-2
+2.25610E+0	+8.29708E-1	-2.51406E-2	+7.17857E-2
+2.27080E+0	+8.21759E-1	-1.88082E-2	+7.14954E-2
+2.28560E+0	+8.13591E-1	-1.46883E-2	+7.12021E-2
+2.30030E+0	+8.05316E-1	-2.15548E-2	+7.08962E-2
+2.31510E+0	+7.96823E-1	-1.60616E-2	+7.05602E-2
+2.32980E+0	+7.88228E-1	-2.00289E-2	+7.02319E-2
+2.34460E+0	+7.79418E-1	-2.96420E-2	+6.98601E-2
+2.35930E+0	+7.70511E-1	-2.20889E-2	+6.94880E-2
+2.37400E+0	+7.61451E-1	-3.31515E-2	+6.90817E-2
+2.38880E+0	+7.52177E-1	-1.90371E-2	+6.86746E-2
+2.40350E+0	+7.42815E-1	-3.55929E-2	+6.82334E-2
+2.41830E+0	+7.33241E-1	-2.97945E-2	+6.78184E-2
+2.43300E+0	+7.23586E-1	-2.79635E-2	+6.73039E-2
+2.44780E+0	+7.13719E-1	-4.52059E-2	+6.68518E-2
+2.46250E+0	+7.03777E-1	-1.49172E-2	+6.63275E-2
+2.47730E+0	+6.93626E-1	-5.17672E-2	+6.58023E-2
+2.49200E+0	+6.83406E-1	-3.95602E-2	+6.53140E-2
+2.50680E+0	+6.72978E-1	-1.80453E-2	+6.46944E-2
+2.52150E+0	+6.62488E-1	-6.63393E-2	+6.41095E-2
+2.53620E+0	+6.51865E-1	-4.10861E-2	+6.35671E-2
+2.55100E+0	+6.41040E-1	-7.74560E-3	+6.28844E-2
+2.56570E+0	+6.30159E-1	-5.19198E-2	+6.22120E-2
+2.58050E+0	+6.19079E-1	-6.64156E-2	+6.15883E-2
+2.59520E+0	+6.07950E-1	-5.46664E-2	+6.09018E-2
+2.61000E+0	+5.96623E-1	-4.73422E-2	+6.01995E-2
+2.62470E+0	+5.85254E-1	-3.50588E-2	+5.94699E-2
+2.63950E+0	+5.73690E-1	-5.09280E-2	+5.86826E-2
+2.65420E+0	+5.62090E-1	-4.94021E-2	+5.79153E-2
+2.66900E+0	+5.50298E-1	-5.63448E-2	+5.70926E-2
+2.68370E+0	+5.38476E-1	-5.55819E-2	+5.62874E-2
+2.69840E+0	+5.26547E-1	-6.82467E-2	+5.54307E-2
+2.71320E+0	+5.14432E-1	-5.90914E-2	+5.45588E-2
+2.72790E+0	+5.02295E-1	-6.51186E-2	+5.36651E-2
+2.74270E+0	+4.89976E-1	-6.42794E-2	+5.27561E-2
+2.75740E+0	+4.77642E-1	-6.99252E-2	+5.18018E-2
+2.77220E+0	+4.65128E-1	-6.50423E-2	+5.08479E-2
+2.78690E+0	+4.52606E-1	-7.48080E-2	+4.98387E-2
+2.80170E+0	+4.39908E-1	-6.05410E-2	+4.88492E-2
+2.81640E+0	+4.27208E-1	-7.65627E-2	+4.78041E-2
+2.83120E+0	+4.14336E-1	-7.00777E-2	+4.67363E-2
+2.84590E+0	+4.01469E-1	-7.28243E-2	+4.56617E-2
+2.86060E+0	+3.88522E-1	-8.51840E-2	+4.45700E-2
+2.87540E+0	+3.75408E-1	-8.86935E-2	+4.33999E-2
+2.89010E+0	+3.62309E-1	-9.35000E-2	+4.22261E-2
+2.90490E+0	+3.49048E-1	-8.35055E-2	+4.10252E-2
+2.91960E+0	+3.35806E-1	-7.89278E-2	+3.98011E-2
+2.93440E+0	+3.22408E-1	-6.96963E-2	+3.85829E-2
+2.94910E+0	+3.09035E-1	-8.05300E-2	+3.73162E-2
+2.96390E+0	+2.95510E-1	-8.33529E-2	+3.60408E-2
+2.97860E+0	+2.82017E-1	-8.87698E-2	+3.47168E-2
+2.99340E+0	+2.68376E-1	-9.57125E-2	+3.33665E-2
+3.00810E+0	+2.54773E-1	-1.00138E-1	+3.19816E-2
+3.02280E+0	+2.41120E-1	-1.11734E-1	+3.05884E-2
+3.03760E+0	+2.27325E-1	-1.05783E-1	+2.91219E-2
+3.05230E+0	+2.13579E-1	-9.61703E-2	+2.76707E-2
+3.06710E+0	+1.99696E-1	-8.58706E-2	+2.62390E-2
+3.08180E+0	+1.85867E-1	-9.69332E-2	+2.47677E-2
+3.09660E+0	+1.71906E-1	-9.13638E-2	+2.32872E-2
+3.11130E+0	+1.58006E-1	-1.07004E-1	+2.17746E-2
+3.12610E+0	+1.43980E-1	-1.21958E-1	+2.02513E-2
+3.14080E+0	+1.30019E-1	-1.18830E-1	+1.86966E-2
+3.15560E+0	+1.15938E-1	-1.05402E-1	+1.71351E-2
+3.17030E+0	+1.01928E-1	-8.54128E-2	+1.56400E-2
+3.18500E+0	+8.78986E-2	-8.96090E-2	+1.41284E-2
+3.19980E+0	+7.37558E-2	-9.51785E-2	+1.26122E-2
+3.21450E+0	+5.96939E-2	-1.15396E-1	+1.10661E-2
+3.22930E+0	+4.55243E-2	-1.35385E-1	+9.48673E-3
+3.24400E+0	+3.14414E-2	-1.12192E-1	+7.87941E-3
+3.25880E+0	+1.72564E-2	-9.38815E-2	+6.34072E-3
+3.27350E+0	+3.16383E-3	-9.02956E-2	+4.84056E-3
+3.28830E+0	-1.10253E-2	-1.05936E-1	+3.29087E-3
+3.30300E+0	-2.51163E-2	-1.03952E-1	+1.73281E-3
+3.31780E+0	-3.92981E-2	-1.20355E-1	+1.63716E-4
+3.33250E+0	-5.33763E-2	-1.33631E-1	-1.43412E-3
+3.34730E+0	-6.75396E-2	-9.78487E-2	-3.03188E-3
+3.36200E+0	-8.15937E-2	-8.15218E-2	-4.51743E-3
+3.37670E+0	-9.56316E-2	-8.55654E-2	-5.96112E-3
+3.39150E+0	-1.09746E-1	-9.89169E-2	-7.47769E-3
+3.40620E+0	-1.23743E-1	-1.16541E-1	-8.97870E-3
+3.42100E+0	-1.37810E-1	-1.23178E-1	-1.05240E-2
+3.43570E+0	-1.51755E-1	-1.08988E-1	-1.20228E-2
+3.45050E+0	-1.65764E-1	-8.14455E-2	-1.34716E-2
+3.46520E+0	-1.79646E-1	-7.31295E-2	-1.48790E-2
+3.48000E+0	-1.93586E-1	-9.33474E-2	-1.62647E-2
+3.49470E+0	-2.07393E-1	-9.38815E-2	-1.76979E-2
+3.50950E+0	-2.21252E-1	-1.03494E-1	-1.91105E-2
+3.52420E+0	-2.34974E-1	-1.11429E-1	-2.05232E-2
+3.53890E+0	-2.48649E-1	-1.13336E-1	-2.19218E-2
+3.55370E+0	-2.62367E-1	-8.15981E-2	-2.32870E-2
+3.56840E+0	-2.75940E-1	-7.27480E-2	-2.46068E-2
+3.58320E+0	-2.89551E-1	-7.70205E-2	-2.58890E-2
+3.59790E+0	-3.03011E-1	-8.54891E-2	-2.72031E-2
+3.61270E+0	-3.16502E-1	-8.57180E-2	-2.84788E-2
+3.62740E+0	-3.29839E-1	-9.13638E-2	-2.97580E-2
+3.64220E+0	-3.43201E-1	-8.48788E-2	-3.09908E-2
+3.65690E+0	-3.56404E-1	-9.35763E-2	-3.22437E-2
+3.67170E+0	-3.69625E-1	-9.31185E-2	-3.34611E-2
+3.68640E+0	-3.82683E-1	-8.04537E-2	-3.46459E-2
+3.70110E+0	-3.95666E-1	-8.48788E-2	-3.58103E-2
+3.71590E+0	-4.08657E-1	-6.71023E-2	-3.69783E-2
+3.73060E+0	-4.21479E-1	-6.88570E-2	-3.81032E-2
+3.74540E+0	-4.34303E-1	-6.87808E-2	-3.92151E-2
+3.76010E+0	-4.46955E-1	-5.80996E-2	-4.03076E-2
+3.77490E+0	-4.59602E-1	-7.11459E-2	-4.13773E-2
+3.78960E+0	-4.72073E-1	-5.90914E-2	-4.24294E-2
+3.80440E+0	-4.84534E-1	-6.99252E-2	-4.34350E-2
+3.81910E+0	-4.96814E-1	-6.07699E-2	-4.44546E-2
+3.83390E+0	-5.09078E-1	-6.54238E-2	-4.54353E-2
+3.84860E+0	-5.21157E-1	-6.13802E-2	-4.64190E-2
+3.86330E+0	-5.33133E-1	-5.90914E-2	-4.73496E-2
+3.87810E+0	-5.45084E-1	-5.64974E-2	-4.82863E-2
+3.89280E+0	-5.56845E-1	-5.45901E-2	-4.92053E-2
+3.90760E+0	-5.68574E-1	-4.40615E-2	-5.00810E-2
+3.92230E+0	-5.80111E-1	-5.78707E-2	-5.09552E-2
+3.93710E+0	-5.91610E-1	-4.84866E-2	-5.18104E-2
+3.95180E+0	-6.02914E-1	-5.80233E-2	-5.26301E-2
+3.96660E+0	-6.14173E-1	-7.12222E-2	-5.34532E-2
+3.98130E+0	-6.25234E-1	-5.71078E-2	-5.42015E-2
+3.99610E+0	-6.36244E-1	-5.28353E-2	-5.49639E-2
+4.01080E+0	-6.47054E-1	-4.02468E-2	-5.57328E-2
+4.02550E+0	-6.57734E-1	-5.12331E-2	-5.64605E-2
+4.04030E+0	-6.68356E-1	-6.59579E-2	-5.71606E-2
+4.05500E+0	-6.78773E-1	-3.13204E-2	-5.78186E-2
+4.06980E+0	-6.89124E-1	-2.96420E-2	-5.85413E-2
+4.08450E+0	-6.99268E-1	-6.65682E-2	-5.91736E-2
+4.09930E+0	-7.09340E-1	-4.00179E-2	-5.97668E-2
+4.11400E+0	-7.19204E-1	-2.05630E-2	-6.04355E-2
+4.12880E+0	-7.28990E-1	-6.22195E-2	-6.10174E-2
+4.14350E+0	-7.38564E-1	-2.12496E-2	-6.15600E-2
+4.15830E+0	-7.48056E-1	-4.16964E-2	-6.22201E-2
+4.17300E+0	-7.57334E-1	-4.35275E-2	-6.26637E-2
+4.18780E+0	-7.66524E-1	-1.89608E-2	-6.32689E-2
+4.20250E+0	-7.75498E-1	-4.67318E-2	-6.37352E-2
+4.21720E+0	-7.84319E-1	-3.16256E-2	-6.42634E-2
+4.23200E+0	-7.93042E-1	-3.50588E-2	-6.47159E-2
+4.24670E+0	-8.01548E-1	-2.88790E-2	-6.52225E-2
+4.26150E+0	-8.09951E-1	-1.65957E-2	-6.56718E-2
+4.27620E+0	-8.18136E-1	-3.81106E-2	-6.61027E-2
+4.29100E+0	-8.26213E-1	-2.61324E-2	-6.65430E-2
+4.30570E+0	-8.34070E-1	-1.86556E-2	-6.69465E-2
+4.32050E+0	-8.41814E-1	-2.73531E-2	-6.73331E-2
+4.33520E+0	-8.49337E-1	-2.64376E-2	-6.77279E-2
+4.35000E+0	-8.56741E-1	-2.85738E-2	-6.81081E-2
+4.36470E+0	-8.63925E-1	-2.47591E-2	-6.84493E-2
+4.37940E+0	-8.70936E-1	-1.23995E-2	-6.87836E-2
+4.39420E+0	-8.77821E-1	-1.61379E-2	-6.90998E-2
+4.40890E+0	-8.84484E-1	-2.63613E-2	-6.94232E-2
+4.42370E+0	-8.91015E-1	-2.62850E-2	-6.97279E-2
+4.43840E+0	-8.97325E-1	-2.90316E-2	-7.00332E-2
+4.45320E+0	-9.03497E-1	-2.58273E-2	-7.03062E-2
+4.46790E+0	-9.09447E-1	-2.01815E-2	-7.05821E-2
+4.48270E+0	-9.15256E-1	-1.91134E-2	-7.08399E-2
+4.49740E+0	-9.20842E-1	-2.38436E-2	-7.10849E-2
+4.51220E+0	-9.26283E-1	-1.77401E-2	-7.13036E-2
+4.52690E+0	-9.31501E-1	-1.16366E-2	-7.15469E-2
+4.54160E+0	-9.36535E-1	-5.07531E-3	-7.17766E-2
+4.55640E+0	-9.41415E-1	-2.15548E-2	-7.19797E-2
+4.57110E+0	-9.46074E-1	-1.52987E-2	-7.21773E-2
+4.58590E+0	-9.50575E-1	-1.78164E-2	-7.23500E-2
+4.60060E+0	-9.54857E-1	-6.44860E-3	-7.25337E-2
+4.61540E+0	-9.58976E-1	-1.36965E-2	-7.27038E-2
+4.63010E+0	-9.62876E-1	-1.60616E-2	-7.28565E-2
+4.64490E+0	-9.66609E-1	-1.13314E-2	-7.30217E-2
+4.65960E+0	-9.70124E-1	-1.71837E-3	-7.31527E-2
+4.67440E+0	-9.73469E-1	-1.35439E-2	-7.32901E-2
+4.68910E+0	-9.76597E-1	-1.80453E-2	-7.34085E-2
+4.70380E+0	-9.79531E-1	-2.01052E-2	-7.35370E-2
+4.71860E+0	-9.82289E-1	-3.99076E-5	-7.36390E-2
+4.73330E+0	-9.84832E-1	-7.66930E-3	-7.37498E-2
+4.74810E+0	-9.87195E-1	-1.84267E-2	-7.38444E-2
+4.76280E+0	-9.89345E-1	-1.80453E-2	-7.39273E-2
+4.77760E+0	-9.91311E-1	+7.36061E-3	-7.40232E-2
+4.79230E+0	-9.93066E-1	-1.18655E-2	-7.40909E-2
+4.80710E+0	-9.94634E-1	-1.63668E-2	-7.41566E-2
+4.82180E+0	-9.95993E-1	-6.50259E-4	-7.41943E-2
+4.83660E+0	-9.97162E-1	+4.53773E-3	-7.42643E-2
+4.85130E+0	-9.98124E-1	+4.69032E-3	-7.43065E-2
+4.86600E+0	-9.98888E-1	-1.26061E-3	-7.43219E-2
+4.88080E+0	-9.99456E-1	-3.54943E-3	-7.43564E-2
+4.89550E+0	-9.99822E-1	-3.01537E-3	-7.43633E-2
+4.91030E+0	-9.99989E-1	+2.63038E-3	-7.43914E-2
+4.92500E+0	-9.99956E-1	+2.09632E-3	-7.43965E-2
+4.93980E+0	-9.99722E-1	+4.69032E-3	-7.43992E-2
+4.95450E+0	-9.99290E-1	+3.77479E-3	-7.44029E-2
+4.96930E+0	-9.98655E-1	-3.16796E-3	-7.43991E-2
+4.98400E+0	-9.97825E-1	-4.15978E-3	-7.43963E-2
+4.99880E+0	-9.96790E-1	+4.07997E-3	-7.43968E-2
+5.01350E+0	-9.95562E-1	+2.32520E-3	-7.43910E-2
+5.02820E+0	-9.94137E-1	-1.41320E-3	-7.43684E-2
+5.04300E+0	-9.92503E-1	-3.77831E-3	-7.43556E-2
+5.05770E+0	-9.90682E-1	+7.13172E-3	-7.43403E-2
+5.07250E+0	-9.88650E-1	-1.23232E-2	-7.43144E-2
+5.08720E+0	-9.86434E-1	-1.66720E-2	-7.42675E-2
+5.10200E+0	-9.84006E-1	-1.98000E-2	-7.42366E-2
+5.11670E+0	-9.81398E-1	-1.49935E-2	-7.42229E-2
+5.13150E+0	-9.78575E-1	-4.92272E-3	-7.41852E-2
+5.14620E+0	-9.75576E-1	+2.24891E-3	-7.41466E-2
+5.16100E+0	-9.72361E-1	-6.83007E-3	-7.41084E-2
+5.17570E+0	-9.68974E-1	+7.28431E-3	-7.40609E-2
+5.19050E+0	-9.65369E-1	+7.58949E-3	-7.40092E-2
+5.20520E+0	-9.61597E-1	-1.10802E-3	-7.39492E-2
+5.21990E+0	-9.57633E-1	+1.33115E-2	-7.38889E-2
+5.23470E+0	-9.53451E-1	-1.92495E-4	-7.38238E-2
+5.24940E+0	-9.49106E-1	+1.63856E-3	-7.37386E-2
+5.26420E+0	-9.44542E-1	+9.26795E-3	-7.36606E-2
+5.27890E+0	-9.39820E-1	+6.97914E-3	-7.35695E-2
+5.29370E+0	-9.34878E-1	-1.03173E-3	-7.34839E-2
+5.30840E+0	-9.29782E-1	+1.20145E-2	-7.33858E-2
+5.32320E+0	-9.24465E-1	-1.48949E-3	-7.32695E-2
+5.33790E+0	-9.19000E-1	+1.12516E-2	-7.31611E-2
+5.35270E+0	-9.13314E-1	+6.75025E-3	-7.30408E-2
+5.36740E+0	-9.07484E-1	+7.43690E-3	-7.29069E-2
+5.38210E+0	-9.01473E-1	+4.69032E-3	-7.27607E-2
+5.39690E+0	-8.95241E-1	+6.29249E-3	-7.26141E-2
+5.41160E+0	-8.88873E-1	+1.11753E-2	-7.24543E-2
+5.42640E+0	-8.82283E-1	+1.07938E-2	-7.22771E-2
+5.44110E+0	-8.75561E-1	+3.77479E-3	-7.20972E-2
+5.45590E+0	-8.68618E-1	+6.82655E-3	-7.19261E-2
+5.47060E+0	-8.61549E-1	+1.75077E-2	-7.17237E-2
+5.48540E+0	-8.54259E-1	+2.15513E-2	-7.14933E-2
+5.50010E+0	-8.46848E-1	+1.81181E-2	-7.12734E-2
+5.51490E+0	-8.39217E-1	+2.03306E-2	-7.10307E-2
+5.52960E+0	-8.31470E-1	+1.78129E-2	-7.07785E-2
+5.54430E+0	-8.23557E-1	+1.25486E-2	-7.05047E-2
+5.55910E+0	-8.15426E-1	+1.22434E-2	-7.02300E-2
+5.57380E+0	-8.07187E-1	+1.67448E-2	-6.99379E-2
+5.58860E+0	-7.98730E-1	+1.70499E-2	-6.96091E-2
+5.60330E+0	-7.90171E-1	+1.37693E-2	-6.92875E-2
+5.61810E+0	-7.81396E-1	+2.51371E-2	-6.89309E-2
+5.63280E+0	-7.72524E-1	+2.11698E-2	-6.85912E-2
+5.64760E+0	-7.63436E-1	+3.15458E-2	-6.82158E-2
+5.66230E+0	-7.54258E-1	+1.90336E-2	-6.78152E-2
+5.67710E+0	-7.44866E-1	+3.56657E-2	-6.74117E-2
+5.69180E+0	-7.35389E-1	+2.10172E-2	-6.69878E-2
+5.70650E+0	-7.25766E-1	+4.22269E-2	-6.65170E-2
+5.72130E+0	-7.15932E-1	+2.57474E-2	-6.60938E-2
+5.73600E+0	-7.06021E-1	+2.55949E-2	-6.55519E-2
+5.75080E+0	-6.95902E-1	+5.66465E-2	-6.50800E-2
+5.76550E+0	-6.85712E-1	+1.61344E-2	-6.45601E-2
+5.78030E+0	-6.75315E-1	+3.44450E-2	-6.39563E-2
+5.79500E+0	-6.64854E-1	+6.54203E-2	-6.34576E-2
+5.80980E+0	-6.54189E-1	+6.90284E-3	-6.28698E-2
+5.82450E+0	-6.43465E-1	+3.04014E-2	-6.21880E-2
+5.83930E+0	-6.32539E-1	+7.51096E-2	-6.15719E-2
+5.85400E+0	-6.21560E-1	+5.13822E-2	-6.09685E-2
+5.86870E+0	-6.10459E-1	+3.82597E-2	-6.02686E-2
+5.88350E+0	-5.99159E-1	+3.81071E-2	-5.95510E-2
+5.89820E+0	-5.87816E-1	+4.76438E-2	-5.88113E-2
+5.91300E+0	-5.76278E-1	+5.22977E-2	-5.80787E-2
+5.92770E+0	-5.64704E-1	+6.25211E-2	-5.73234E-2
+5.94250E+0	-5.52937E-1	+7.18290E-2	-5.65420E-2
+5.95720E+0	-5.41139E-1	+5.99271E-2	-5.57274E-2
+5.97200E+0	-5.29153E-1	+6.58018E-2	-5.48963E-2
+5.98670E+0	-5.17142E-1	+6.23685E-2	-5.40334E-2
+6.00150E+0	-5.04946E-1	+6.92350E-2	-5.31452E-2
+6.01620E+0	-4.92731E-1	+7.15238E-2	-5.22223E-2
+6.03100E+0	-4.80335E-1	+7.09898E-2	-5.12989E-2
+6.04570E+0	-4.67926E-1	+6.76328E-2	-5.03319E-2
+6.06040E+0	-4.55425E-1	+7.68644E-2	-4.93792E-2
+6.07520E+0	-4.42747E-1	+8.25864E-2	-4.83194E-2
+6.08990E+0	-4.30067E-1	+7.52622E-2	-4.73158E-2
+6.10470E+0	-4.17214E-1	+8.37308E-2	-4.62328E-2
+6.11940E+0	-4.04365E-1	+7.59489E-2	-4.51432E-2
+6.13420E+0	-3.91347E-1	+7.72459E-2	-4.40212E-2
+6.14890E+0	-3.78339E-1	+8.07554E-2	-4.28984E-2
+6.16370E+0	-3.65167E-1	+8.30442E-2	-4.17401E-2
+6.17840E+0	-3.52011E-1	+8.23576E-2	-4.05643E-2
+6.19320E+0	-3.38695E-1	+8.46464E-2	-3.93244E-2
+6.20790E+0	-3.25401E-1	+7.27445E-2	-3.81086E-2
+6.22260E+0	-3.12043E-1	+7.23630E-2	-3.68577E-2
+6.23740E+0	-2.98531E-1	+8.63248E-2	-3.55660E-2
+6.25210E+0	-2.85051E-1	+9.09025E-2	-3.42588E-2
+6.26690E+0	-2.71422E-1	+1.02194E-1	-3.29039E-2
+6.28160E+0	-2.57831E-1	+1.03720E-1	-3.15279E-2
+6.29640E+0	-2.44096E-1	+1.04025E-1	-3.00910E-2
+6.31110E+0	-2.30405E-1	+1.06695E-1	-2.86587E-2
+6.32590E+0	-2.16575E-1	+1.01660E-1	-2.71739E-2
+6.34060E+0	-2.02795E-1	+8.80033E-2	-2.57090E-2
+6.35540E+0	-1.88880E-1	+7.90006E-2	-2.42434E-2
+6.37010E+0	-1.75022E-1	+1.00058E-1	-2.27674E-2
+6.38480E+0	-1.61129E-1	+1.09213E-1	-2.12648E-2
+6.39960E+0	-1.47110E-1	+1.27981E-1	-1.96845E-2
+6.41430E+0	-1.33156E-1	+1.16690E-1	-1.81416E-2
+6.42910E+0	-1.19080E-1	+1.11197E-1	-1.65563E-2
+6.44380E+0	-1.05075E-1	+9.16654E-2	-1.50243E-2
+6.45860E+0	-9.09542E-2	+8.70115E-2	-1.35002E-2
+6.47330E+0	-7.69106E-2	+1.08832E-1	-1.19715E-2
+6.48810E+0	-6.27561E-2	+1.15317E-1	-1.03914E-2
+6.50280E+0	-4.86846E-2	+1.26761E-1	-8.77798E-3
+6.51760E+0	-3.45077E-2	+1.28897E-1	-7.15216E-3
+6.53230E+0	-2.04197E-2	+9.44120E-2	-5.55786E-3
+6.54700E+0	-6.32763E-3	+8.14420E-2	-4.02512E-3
+6.56180E+0	+7.86157E-3	+9.63193E-2	-2.51585E-3
+6.57650E+0	+2.19533E-2	+1.28287E-1	-9.17064E-4
+6.59130E+0	+3.61366E-2	+1.20810E-1	+6.78239E-4
+6.60600E+0	+5.02167E-2	+1.28439E-1	+2.29238E-3
+6.62080E+0	+6.43826E-2	+1.15774E-1	+3.89486E-3
+6.63550E+0	+7.84400E-2	+8.23576E-2	+5.45215E-3
+6.65030E+0	+9.25772E-2	+8.72404E-2	+6.95965E-3
+6.66500E+0	+1.06600E-1	+1.06161E-1	+8.46278E-3
+6.67980E+0	+1.20698E-1	+1.18445E-1	+1.00241E-2
+6.69450E+0	+1.34676E-1	+1.17300E-1	+1.15710E-2
+6.70920E+0	+1.48627E-1	+1.12723E-1	+1.31133E-2
+6.72400E+0	+1.62643E-1	+9.79215E-2	+1.45917E-2
+6.73870E+0	+1.76532E-1	+8.38834E-2	+1.60718E-2
+6.75350E+0	+1.90481E-1	+8.29679E-2	+1.75110E-2
+6.76820E+0	+2.04297E-1	+1.05322E-1	+1.89368E-2
+6.78300E+0	+2.18166E-1	+1.11349E-1	+2.04139E-2
+6.79770E+0	+2.31898E-1	+1.02728E-1	+2.18366E-2
+6.81250E+0	+2.45676E-1	+1.04407E-1	+2.32682E-2
+6.82720E+0	+2.59313E-1	+9.83793E-2	+2.46513E-2
+6.84200E+0	+2.72990E-1	+7.53385E-2	+2.60316E-2
+6.85670E+0	+2.86521E-1	+7.85429E-2	+2.73542E-2
+6.87140E+0	+2.99995E-1	+8.25101E-2	+2.86753E-2
+6.88620E+0	+3.13500E-1	+9.71586E-2	+2.99954E-2
+6.90090E+0	+3.26851E-1	+8.64774E-2	+3.12936E-2
+6.91570E+0	+3.40228E-1	+9.12077E-2	+3.25930E-2
+6.93040E+0	+3.53446E-1	+9.02921E-2	+3.38609E-2
+6.94520E+0	+3.66684E-1	+8.60960E-2	+3.51164E-2
+6.95990E+0	+3.79759E-1	+8.78507E-2	+3.63420E-2
+6.97470E+0	+3.92846E-1	+8.04502E-2	+3.75660E-2
+6.98940E+0	+4.05767E-1	+8.35020E-2	+3.87155E-2
+7.00420E+0	+4.18695E-1	+7.21342E-2	+3.98905E-2
+7.01890E+0	+4.31451E-1	+6.41233E-2	+4.10035E-2
+7.03370E+0	+4.44208E-1	+6.38181E-2	+4.21393E-2
+7.04840E+0	+4.56790E-1	+6.67936E-2	+4.31952E-2
+7.06310E+0	+4.69282E-1	+6.17582E-2	+4.42920E-2
+7.07790E+0	+4.81764E-1	+6.09190E-2	+4.53279E-2
+7.09260E+0	+4.94066E-1	+6.40470E-2	+4.63693E-2
+7.10740E+0	+5.06352E-1	+5.51969E-2	+4.73726E-2
+7.12210E+0	+5.18454E-1	+5.56547E-2	+4.83606E-2
+7.13690E+0	+5.30535E-1	+5.65702E-2	+4.93350E-2
+7.15160E+0	+5.42429E-1	+4.98563E-2	+5.02955E-2
+7.16640E+0	+5.54294E-1	+5.57310E-2	+5.12167E-2
+7.18110E+0	+5.65969E-1	+4.68809E-2	+5.21544E-2
+7.19590E+0	+5.77610E-1	+5.83250E-2	+5.30359E-2
+7.21060E+0	+5.89057E-1	+6.08427E-2	+5.39198E-2
+7.22530E+0	+6.00386E-1	+6.28263E-2	+5.47304E-2
+7.24010E+0	+6.11673E-1	+6.66410E-2	+5.55497E-2
+7.25480E+0	+6.22761E-1	+4.53550E-2	+5.63399E-2
+7.26960E+0	+6.33800E-1	+4.56602E-2	+5.71404E-2
+7.28430E+0	+6.44638E-1	+4.89408E-2	+5.79065E-2
+7.29910E+0	+6.55420E-1	+6.64121E-2	+5.86398E-2
+7.31380E+0	+6.65999E-1	+5.36710E-2	+5.93231E-2
+7.32860E+0	+6.76516E-1	+2.91044E-2	+6.00690E-2
+7.34330E+0	+6.86828E-1	+4.74149E-2	+6.07786E-2
+7.35810E+0	+6.97071E-1	+5.38999E-2	+6.14018E-2
+7.37280E+0	+7.07107E-1	+3.03251E-2	+6.20329E-2
+7.38750E+0	+7.17002E-1	+4.19218E-2	+6.27099E-2
+7.40230E+0	+7.26820E-1	+6.58018E-2	+6.32545E-2
+7.41700E+0	+7.36428E-1	+3.08814E-3	+6.38791E-2
+7.43180E+0	+7.45952E-1	+5.88590E-2	+6.44805E-2
+7.44650E+0	+7.55264E-1	+3.11643E-2	+6.49625E-2
+7.46130E+0	+7.64488E-1	+3.13932E-2	+6.55772E-2
+7.47600E+0	+7.73497E-1	+3.77256E-2	+6.60363E-2
+7.49080E+0	+7.82412E-1	+2.74259E-2	+6.66017E-2
+7.50550E+0	+7.91111E-1	+3.09354E-2	+6.70319E-2
+7.52030E+0	+7.99710E-1	+4.11588E-2	+6.75188E-2
+7.53500E+0	+8.08092E-1	+2.55949E-2	+6.79745E-2
+7.54970E+0	+8.16313E-1	+3.26139E-2	+6.83803E-2
+7.56450E+0	+8.24427E-1	+3.12406E-2	+6.88233E-2
+7.57920E+0	+8.32321E-1	+2.04069E-2	+6.92382E-2
+7.59400E+0	+8.40102E-1	+2.73496E-2	+6.96077E-2
+7.60870E+0	+8.47663E-1	+3.39872E-2	+6.99849E-2
+7.62350E+0	+8.55105E-1	+2.94858E-2	+7.03716E-2
+7.63820E+0	+8.62327E-1	+1.96439E-2	+7.07061E-2
+7.65300E+0	+8.69425E-1	+1.82706E-2	+7.10471E-2
+7.66770E+0	+8.76301E-1	+1.58292E-2	+7.13723E-2
+7.68250E+0	+8.83049E-1	+1.85758E-2	+7.16848E-2
+7.69720E+0	+8.89574E-1	+2.30009E-2	+7.19752E-2
+7.71190E+0	+8.95924E-1	+2.06358E-2	+7.22622E-2
+7.72670E+0	+9.02136E-1	+1.87284E-2	+7.25395E-2
+7.74140E+0	+9.08127E-1	+1.93388E-2	+7.28070E-2
+7.75620E+0	+9.13976E-1	+2.05595E-2	+7.30553E-2
+7.77090E+0	+9.19604E-1	+1.45322E-2	+7.33058E-2
+7.78570E+0	+9.25086E-1	+5.70444E-4	+7.35483E-2
+7.80040E+0	+9.30346E-1	+1.64396E-2	+7.37790E-2
+7.81520E+0	+9.35455E-1	+1.85758E-2	+7.39848E-2
+7.82990E+0	+9.40343E-1	+1.14042E-2	+7.41863E-2
+7.84470E+0	+9.45076E-1	+1.53715E-2	+7.43765E-2
+7.85940E+0	+9.49588E-1	+4.53773E-3	+7.45458E-2
+7.87420E+0	+9.53941E-1	+4.38514E-3	+7.47397E-2
+7.88890E+0	+9.58074E-1	+1.00309E-2	+7.49006E-2
+7.90360E+0	+9.62017E-1	+1.59818E-2	+7.50440E-2
+7.91840E+0	+9.65793E-1	+8.73390E-3	+7.52049E-2
+7.93310E+0	+9.69352E-1	+1.33338E-3	+7.53374E-2
+7.94790E+0	+9.72740E-1	+1.67448E-2	+7.54750E-2
+7.96260E+0	+9.75912E-1	+2.13987E-2	+7.56074E-2
+7.97740E+0	+9.78909E-1	+1.88810E-2	+7.57250E-2
+7.99210E+0	+9.81691E-1	+1.35404E-2	+7.58094E-2
+8.00690E+0	+9.84295E-1	+8.19984E-3	+7.59117E-2
+8.02160E+0	+9.86685E-1	+3.85108E-3	+7.60029E-2
+8.03640E+0	+9.88893E-1	+3.01185E-3	+7.60960E-2
+8.05110E+0	+9.90890E-1	+2.54423E-2	+7.61625E-2
+8.06580E+0	+9.92689E-1	-6.14342E-3	+7.62132E-2
+8.08060E+0	+9.94302E-1	-3.85460E-3	+7.62689E-2
+8.09530E+0	+9.95706E-1	-4.23607E-3	+7.63221E-2
+8.11010E+0	+9.96919E-1	+1.86521E-2	+7.63651E-2
+8.12480E+0	+9.97925E-1	+1.79115E-3	+7.63929E-2
+8.13960E+0	+9.98738E-1	-8.79141E-4	+7.64260E-2
+8.15430E+0	+9.99347E-1	+4.84290E-3	+7.64529E-2
+8.16910E+0	+9.99759E-1	+7.23032E-4	+7.64476E-2
+8.18380E+0	+9.99969E-1	+2.09632E-3	+7.64715E-2
+8.19860E+0	+9.99980E-1	+1.33338E-3	+7.64681E-2
+8.21330E+0	+9.99791E-1	-4.77013E-3	+7.64469E-2
+8.22800E+0	+9.99404E-1	-2.48131E-3	+7.64464E-2
+8.24280E+0	+9.98814E-1	-8.05077E-3	+7.64412E-2
+8.25750E+0	+9.98029E-1	-3.01537E-3	+7.64344E-2
+8.27230E+0	+9.97038E-1	-5.15160E-3	+7.64172E-2
+8.28700E+0	+9.95855E-1	-1.80453E-2	+7.63895E-2
+8.30180E+0	+9.94464E-1	-2.63390E-3	+7.63736E-2
+8.31650E+0	+9.92885E-1	-5.38048E-3	+7.63479E-2
+8.33130E+0	+9.91095E-1	+5.75843E-3	+7.63259E-2
+8.34600E+0	+9.89120E-1	-1.07974E-2	+7.63037E-2
+8.36080E+0	+9.86933E-1	+3.46961E-3	+7.62805E-2
+8.37550E+0	+9.84564E-1	+1.42271E-2	+7.62495E-2
+8.39020E+0	+9.82000E-1	-8.89001E-3	+7.62060E-2
+8.40500E+0	+9.79221E-1	+6.21620E-3	+7.61555E-2
+8.41970E+0	+9.76266E-1	+1.02821E-3	+7.61050E-2
+8.43450E+0	+9.73095E-1	+3.46961E-3	+7.60505E-2
+8.44920E+0	+9.69751E-1	-7.51671E-3	+7.59955E-2
+8.46400E+0	+9.66190E-1	-4.77013E-3	+7.59349E-2
+8.47870E+0	+9.62460E-1	+3.41562E-4	+7.58583E-2
+8.49350E+0	+9.58512E-1	-7.82189E-3	+7.57946E-2
+8.50820E+0	+9.54400E-1	+1.48597E-3	+7.57147E-2
+8.52300E+0	+9.50068E-1	-5.45678E-3	+7.56240E-2
+8.53770E+0	+9.45576E-1	-7.44042E-3	+7.55379E-2
+8.55240E+0	+9.40896E-1	-8.12707E-3	+7.54369E-2
+8.56720E+0	+9.35996E-1	-3.99076E-5	+7.53397E-2
+8.58190E+0	+9.30942E-1	-1.04159E-2	+7.52309E-2
+8.59670E+0	+9.25667E-1	-3.70202E-3	+7.51064E-2
+8.61140E+0	+9.20243E-1	-1.70535E-2	+7.49893E-2
+8.62620E+0	+9.14598E-1	-1.16366E-2	+7.48508E-2
+8.64090E+0	+9.08808E-1	-5.53307E-3	+7.47149E-2
+8.65570E+0	+9.02797E-1	-1.03396E-2	+7.45724E-2
+8.67040E+0	+8.96646E-1	-1.01107E-2	+7.44000E-2
+8.68520E+0	+8.90274E-1	-7.66930E-3	+7.42421E-2
+8.69990E+0	+8.83767E-1	-1.14840E-2	+7.40688E-2
+8.71460E+0	+8.77085E-1	-2.10207E-2	+7.38775E-2
+8.72940E+0	+8.70181E-1	-2.14785E-2	+7.36650E-2
+8.74410E+0	+8.63151E-1	-1.30862E-2	+7.34472E-2
+8.75890E+0	+8.55900E-1	-8.58483E-3	+7.32423E-2
+8.77360E+0	+8.48526E-1	-1.94186E-2	+7.30011E-2
+8.78840E+0	+8.40933E-1	-1.86556E-2	+7.27498E-2
+8.80310E+0	+8.33223E-1	-2.26992E-2	+7.24938E-2
+8.81790E+0	+8.25294E-1	-2.28518E-2	+7.22243E-2
+8.83260E+0	+8.17253E-1	-2.74294E-2	+7.19248E-2
+8.84740E+0	+8.08994E-1	-2.26992E-2	+7.16240E-2
+8.86210E+0	+8.00630E-1	-1.98763E-2	+7.13170E-2
+8.87690E+0	+7.92048E-1	-3.01760E-2	+7.09743E-2
+8.89160E+0	+7.83366E-1	-1.86556E-2	+7.06308E-2
+8.90630E+0	+7.74529E-1	-3.22360E-2	+7.02569E-2
+8.92110E+0	+7.65476E-1	-2.39962E-2	+6.98546E-2
+8.93580E+0	+7.56331E-1	-3.42196E-2	+6.94723E-2
+8.95060E+0	+7.46973E-1	-2.15548E-2	+6.90307E-2
+8.96530E+0	+7.37529E-1	-4.38326E-2	+6.85970E-2
+8.98010E+0	+7.27873E-1	-2.08682E-2	+6.81449E-2
+8.99480E+0	+7.18137E-1	-4.41378E-2	+6.76412E-2
+9.00960E+0	+7.08191E-1	-3.77291E-2	+6.72018E-2
+9.02430E+0	+6.98170E-1	-2.08682E-2	+6.66387E-2
+9.03910E+0	+6.87942E-1	-5.45901E-2	+6.61204E-2
+9.05380E+0	+6.77645E-1	-2.85738E-2	+6.56033E-2
+9.06850E+0	+6.67214E-1	-2.10970E-2	+6.49570E-2
+9.08330E+0	+6.56578E-1	-7.46554E-2	+6.43861E-2
+9.09800E+0	+6.45883E-1	-3.57455E-2	+6.38294E-2
+9.11280E+0	+6.34986E-1	-1.73586E-2	+6.31388E-2
+9.12750E+0	+6.24036E-1	-5.59634E-2	+6.24619E-2
+9.14230E+0	+6.12886E-1	-5.53530E-2	+6.18169E-2
+9.15700E+0	+6.01689E-1	-5.53530E-2	+6.11141E-2
+9.17180E+0	+5.90295E-1	-4.08572E-2	+6.04061E-2
+9.18650E+0	+5.78861E-1	-4.18490E-2	+5.96353E-2
+9.20130E+0	+5.67233E-1	-3.96365E-2	+5.88593E-2
+9.21600E+0	+5.55570E-1	-4.16964E-2	+5.80471E-2
+9.23070E+0	+5.43797E-1	-5.78707E-2	+5.72453E-2
+9.24550E+0	+5.31835E-1	-5.11569E-2	+5.63825E-2
+9.26020E+0	+5.19847E-1	-5.77181E-2	+5.55399E-2
+9.27500E+0	+5.07674E-1	-5.64974E-2	+5.46394E-2
+9.28970E+0	+4.95482E-1	-6.27535E-2	+5.37466E-2
+9.30450E+0	+4.83107E-1	-6.51949E-2	+5.28077E-2
+9.31920E+0	+4.70720E-1	-6.45846E-2	+5.18541E-2
+9.33400E+0	+4.58154E-1	-6.16091E-2	+5.08601E-2
+9.34870E+0	+4.45582E-1	-6.79415E-2	+4.98807E-2
+9.36350E+0	+4.32835E-1	-6.07699E-2	+4.88208E-2
+9.37820E+0	+4.20087E-1	-5.87862E-2	+4.78021E-2
+9.39290E+0	+4.07256E-1	-7.06118E-2	+4.67228E-2
+9.40770E+0	+3.94256E-1	-6.93148E-2	+4.56370E-2
+9.42240E+0	+3.81266E-1	-7.70205E-2	+4.45035E-2
+9.43720E+0	+3.68110E-1	-8.01486E-2	+4.33408E-2
+9.45190E+0	+3.54970E-1	-8.05300E-2	+4.21567E-2
+9.46670E+0	+3.41670E-1	-8.37344E-2	+4.09554E-2
+9.48140E+0	+3.28391E-1	-8.64047E-2	+3.97077E-2
+9.49620E+0	+3.14956E-1	-9.45681E-2	+3.84433E-2
+9.51090E+0	+3.01549E-1	-1.00061E-1	+3.71502E-2
+9.52570E+0	+2.87990E-1	-9.57888E-2	+3.58336E-2
+9.54040E+0	+2.74466E-1	-8.80831E-2	+3.44863E-2
+9.55510E+0	+2.60887E-1	-8.19796E-2	+3.31165E-2
+9.56990E+0	+2.47163E-1	-9.04482E-2	+3.17535E-2
+9.58460E+0	+2.33483E-1	-9.28133E-2	+3.03356E-2
+9.59940E+0	+2.19662E-1	-9.67043E-2	+2.89074E-2
+9.61410E+0	+2.05892E-1	-1.07614E-1	+2.74460E-2
+9.62890E+0	+1.91986E-1	-1.20279E-1	+2.59628E-2
+9.64360E+0	+1.78136E-1	-1.11429E-1	+2.44339E-2
+9.65840E+0	+1.64157E-1	-9.47970E-2	+2.29029E-2
+9.67310E+0	+1.50238E-1	-8.55654E-2	+2.14431E-2
+9.68790E+0	+1.36196E-1	-8.64809E-2	+1.99234E-2
+9.70260E+0	+1.22220E-1	-1.03647E-1	+1.84234E-2
+9.71740E+0	+1.08126E-1	-1.16999E-1	+1.68672E-2
+9.73210E+0	+9.41045E-2	-1.27832E-1	+1.53239E-2
+9.74680E+0	+8.00647E-2	-1.11124E-1	+1.37456E-2
+9.76160E+0	+6.59134E-2	-9.38815E-2	+1.21943E-2
+9.77630E+0	+5.18445E-2	-9.09823E-2	+1.06803E-2
+9.79110E+0	+3.76695E-2	-9.02194E-2	+9.13774E-3
+9.80580E+0	+2.35828E-2	-1.07691E-1	+7.61247E-3
+9.82060E+0	+9.39549E-3	-1.19593E-1	+6.01378E-3
+9.83530E+0	-4.69780E-3	-1.12650E-1	+4.44176E-3
+9.85010E+0	-1.88860E-2	-9.70858E-2	+2.87473E-3
+9.86480E+0	-3.29746E-2	-9.52548E-2	+1.31246E-3
+9.87960E+0	-4.71524E-2	-8.64047E-2	-2.16004E-4
+9.89430E+0	-6.12250E-2	-1.00595E-1	-1.74574E-3
+9.90900E+0	-7.52855E-2	-1.26230E-1	-3.28087E-3
+9.92380E+0	-8.94265E-2	-1.25772E-1	-4.87518E-3
+9.93850E+0	-1.03454E-1	-1.06394E-1	-6.38851E-3
+9.95330E+0	-1.17556E-1	-8.50314E-2	-7.89265E-3
+9.96800E+0	-1.31540E-1	-8.31240E-2	-9.35621E-3
+9.98280E+0	-1.45592E-1	-9.80013E-2	-1.07876E-2
+9.99750E+0	-1.59521E-1	-1.00824E-1	-1.22807E-2
+1.00123E+1	-1.73512E-1	-1.20432E-1	-1.37463E-2
+1.00270E+1	-1.87374E-1	-1.07920E-1	-1.52263E-2
+1.00418E+1	-2.01292E-1	-9.42629E-2	-1.66474E-2
+1.00565E+1	-2.15077E-1	-8.16744E-2	-1.80417E-2
+1.00712E+1	-2.28819E-1	-8.79305E-2	-1.94313E-2
+1.00860E+1	-2.42608E-1	-8.83883E-2	-2.07989E-2
+1.01007E+1	-2.56256E-1	-9.35763E-2	-2.21678E-2
+1.01155E+1	-2.69945E-1	-9.72384E-2	-2.35216E-2
+1.01302E+1	-2.83488E-1	-9.90694E-2	-2.48661E-2
+1.01450E+1	-2.97066E-1	-1.03800E-1	-2.61812E-2
+1.01597E+1	-3.10494E-1	-8.64047E-2	-2.75012E-2
+1.01745E+1	-3.23950E-1	-7.27480E-2	-2.87781E-2
+1.01892E+1	-3.37251E-1	-7.00015E-2	-3.00055E-2
+1.02040E+1	-3.50575E-1	-7.42739E-2	-3.12448E-2
+1.02187E+1	-3.63738E-1	-8.56417E-2	-3.24472E-2
+1.02334E+1	-3.76830E-1	-8.04537E-2	-3.36494E-2
+1.02482E+1	-3.89935E-1	-8.07589E-2	-3.48052E-2
+1.02629E+1	-4.02873E-1	-8.10641E-2	-3.59856E-2
+1.02777E+1	-4.15819E-1	-7.83175E-2	-3.71432E-2
+1.02924E+1	-4.28595E-1	-7.72494E-2	-3.82604E-2
+1.03072E+1	-4.41371E-1	-7.87753E-2	-3.93591E-2
+1.03219E+1	-4.53973E-1	-7.46554E-2	-4.04641E-2
+1.03367E+1	-4.66570E-1	-8.03774E-2	-4.15145E-2
+1.03514E+1	-4.78989E-1	-7.73257E-2	-4.25706E-2
+1.03662E+1	-4.91396E-1	-8.03011E-2	-4.35547E-2
+1.03809E+1	-5.03621E-1	-8.25900E-2	-4.45904E-2
+1.03956E+1	-5.15746E-1	-7.32821E-2	-4.55569E-2
+1.04104E+1	-5.27851E-1	-7.49606E-2	-4.65207E-2
+1.04251E+1	-5.39768E-1	-7.05355E-2	-4.74436E-2
+1.04399E+1	-5.51658E-1	-6.50423E-2	-4.83717E-2
+1.04546E+1	-5.63358E-1	-6.47372E-2	-4.92523E-2
+1.04694E+1	-5.75024E-1	-4.83340E-2	-5.01456E-2
+1.04841E+1	-5.86497E-1	-4.79525E-2	-5.09713E-2
+1.04989E+1	-5.97930E-1	-5.79470E-2	-5.18465E-2
+1.05136E+1	-6.09167E-1	-4.98599E-2	-5.26490E-2
+1.05284E+1	-6.20358E-1	-7.21377E-2	-5.34622E-2
+1.05431E+1	-6.31350E-1	-4.91732E-2	-5.42053E-2
+1.05578E+1	-6.42216E-1	-4.39089E-2	-5.49719E-2
+1.05726E+1	-6.53028E-1	-3.61269E-2	-5.57392E-2
+1.05873E+1	-6.63636E-1	-5.25301E-2	-5.64616E-2
+1.06021E+1	-6.74183E-1	-6.30587E-2	-5.71285E-2
+1.06168E+1	-6.84525E-1	-2.62850E-2	-5.77798E-2
+1.06316E+1	-6.94799E-1	-3.79580E-2	-5.85029E-2
+1.06463E+1	-7.04866E-1	-6.45083E-2	-5.91023E-2
+1.06611E+1	-7.14860E-1	-2.47591E-2	-5.97207E-2
+1.06758E+1	-7.24644E-1	-3.44485E-2	-6.03887E-2
+1.06906E+1	-7.34349E-1	-7.08407E-2	-6.09097E-2
+1.07053E+1	-7.43842E-1	-8.73742E-3	-6.14969E-2
+1.07201E+1	-7.53250E-1	-5.59634E-2	-6.20886E-2
+1.07348E+1	-7.62444E-1	-2.56747E-2	-6.25584E-2
+1.07495E+1	-7.71488E-1	-3.77291E-2	-6.31426E-2
+1.07643E+1	-7.80438E-1	-3.21597E-2	-6.35768E-2
+1.07790E+1	-7.89172E-1	-3.74239E-2	-6.41086E-2
+1.07938E+1	-7.97806E-1	-1.87319E-2	-6.45681E-2
+1.08085E+1	-8.06224E-1	-3.85683E-2	-6.50210E-2
+1.08233E+1	-8.14537E-1	-1.76638E-2	-6.54957E-2
+1.08380E+1	-8.22632E-1	-2.24703E-2	-6.59062E-2
+1.08528E+1	-8.30616E-1	-3.27700E-2	-6.63097E-2
+1.08675E+1	-8.38382E-1	-2.06393E-2	-6.67339E-2
+1.08823E+1	-8.46031E-1	-2.14022E-2	-6.71286E-2
+1.08970E+1	-8.53461E-1	-2.56747E-2	-6.74639E-2
+1.09117E+1	-8.60721E-1	-2.94894E-2	-6.78360E-2
+1.09265E+1	-8.67857E-1	-2.07156E-2	-6.81865E-2
+1.09412E+1	-8.74773E-1	-1.49935E-2	-6.85095E-2
+1.09560E+1	-8.81559E-1	-1.72823E-2	-6.88461E-2
+1.09707E+1	-8.88125E-1	-3.02523E-2	-6.91499E-2
+1.09855E+1	-8.94557E-1	-1.82742E-2	-6.94493E-2
+1.10002E+1	-9.00767E-1	-1.69009E-2	-6.97325E-2
+1.10150E+1	-9.06838E-1	-1.68246E-2	-7.00096E-2
+1.10297E+1	-9.12688E-1	-1.95712E-2	-7.02730E-2
+1.10445E+1	-9.18395E-1	-1.98763E-2	-7.05240E-2
+1.10592E+1	-9.23880E-1	-2.56747E-2	-7.07541E-2
+1.10739E+1	-9.29181E-1	-2.93368E-2	-7.09757E-2
+1.10887E+1	-9.34332E-1	-8.27965E-3	-7.12036E-2
+1.11034E+1	-9.39262E-1	-1.54513E-2	-7.14166E-2
+1.11182E+1	-9.44037E-1	-8.12707E-3	-7.16198E-2
+1.11329E+1	-9.48592E-1	-9.19518E-3	-7.18166E-2
+1.11477E+1	-9.52987E-1	-2.23940E-2	-7.19868E-2
+1.11624E+1	-9.57163E-1	-1.13314E-2	-7.21621E-2
+1.11772E+1	-9.61175E-1	-1.27047E-2	-7.23265E-2
+1.11919E+1	-9.64968E-1	-1.65194E-2	-7.24769E-2
+1.12067E+1	-9.68594E-1	-1.71837E-3	-7.26164E-2
+1.12214E+1	-9.72002E-1	-1.67483E-2	-7.27602E-2
+1.12361E+1	-9.75217E-1	-1.77401E-2	-7.28910E-2
+1.12509E+1	-9.78258E-1	-1.43832E-2	-7.30200E-2
+1.12656E+1	-9.81083E-1	-1.78927E-2	-7.31258E-2
+1.12804E+1	-9.83731E-1	-1.03173E-3	-7.32331E-2
+1.12951E+1	-9.86165E-1	+1.18080E-3	-7.33334E-2
+1.13099E+1	-9.88418E-1	+8.75620E-4	-7.34137E-2
+1.13246E+1	-9.90459E-1	+4.76661E-3	-7.35284E-2
+1.13394E+1	-9.92314E-1	-1.33151E-2	-7.35975E-2
+1.13541E+1	-9.93960E-1	-1.10262E-2	-7.36567E-2
+1.13689E+1	-9.95417E-1	-7.21154E-3	-7.37095E-2
+1.13836E+1	-9.96666E-1	-6.29601E-3	-7.37690E-2
+1.13983E+1	-9.97717E-1	-1.31625E-2	-7.38279E-2
+1.14131E+1	-9.98574E-1	-1.71837E-3	-7.38432E-2
+1.14278E+1	-9.99228E-1	+3.31703E-3	-7.38898E-2
+1.14426E+1	-9.99685E-1	+2.09632E-3	-7.38935E-2
+1.14573E+1	-9.99939E-1	-2.48131E-3	-7.39237E-2
+1.14721E+1	-9.99995E-1	-1.56579E-3	-7.39276E-2
+1.14868E+1	-9.99851E-1	-9.55435E-4	-7.39330E-2
+1.15016E+1	-9.99506E-1	-5.68566E-3	-7.39313E-2
+1.15163E+1	-9.98963E-1	-1.87096E-3	-7.39179E-2
+1.15311E+1	-9.98217E-1	+4.46144E-3	-7.39171E-2
+1.15458E+1	-9.97276E-1	-6.44860E-3	-7.39157E-2
+1.15606E+1	-9.96129E-1	-1.04159E-2	-7.39114E-2
+1.15753E+1	-9.94792E-1	-1.33151E-2	-7.39049E-2
+1.15900E+1	-9.93256E-1	-1.11025E-2	-7.38914E-2
+1.16048E+1	-9.91511E-1	-2.09984E-3	-7.38771E-2
+1.16195E+1	-9.89581E-1	-1.07974E-2	-7.38407E-2
+1.16343E+1	-9.87438E-1	+1.61344E-2	-7.38157E-2
+1.16490E+1	-9.85113E-1	+3.16984E-2	-7.37961E-2
+1.16638E+1	-9.82575E-1	+2.55949E-2	-7.37516E-2
+1.16785E+1	-9.79858E-1	+3.46961E-3	-7.37374E-2
+1.16933E+1	-9.76926E-1	-4.77013E-3	-7.36955E-2
+1.17080E+1	-9.73819E-1	-4.77013E-3	-7.36543E-2
+1.17228E+1	-9.70495E-1	+7.74207E-3	-7.36139E-2
+1.17375E+1	-9.67001E-1	+2.47779E-3	-7.35660E-2
+1.17522E+1	-9.63314E-1	-2.32873E-3	-7.35019E-2
+1.17670E+1	-9.59409E-1	+1.94374E-3	-7.34487E-2
+1.17817E+1	-9.55340E-1	-2.40502E-3	-7.33735E-2
+1.17965E+1	-9.51051E-1	+6.82655E-3	-7.33007E-2
+1.18112E+1	-9.46601E-1	+9.49684E-3	-7.32274E-2
+1.18260E+1	-9.41931E-1	+9.42054E-3	-7.31423E-2
+1.18407E+1	-9.37105E-1	+1.10450E-3	-7.30471E-2
+1.18555E+1	-9.32058E-1	+6.82655E-3	-7.29521E-2
+1.18702E+1	-9.26859E-1	+7.74207E-3	-7.28351E-2
+1.18850E+1	-9.21440E-1	+7.13172E-3	-7.27371E-2
+1.18997E+1	-9.15873E-1	+7.36061E-3	-7.26143E-2
+1.19144E+1	-9.10124E-1	+1.32352E-2	-7.24834E-2
+1.19292E+1	-9.04153E-1	+8.19984E-3	-7.23491E-2
+1.19439E+1	-8.98043E-1	+1.46848E-2	-7.22074E-2
+1.19587E+1	-8.91711E-1	+1.47611E-2	-7.20426E-2
+1.19734E+1	-8.85243E-1	+1.06412E-2	-7.18754E-2
+1.19882E+1	-8.78555E-1	+7.43690E-3	-7.16949E-2
+1.20029E+1	-8.71736E-1	+3.01185E-3	-7.15248E-2
+1.20177E+1	-8.64696E-1	+1.41508E-2	-7.13355E-2
+1.20324E+1	-8.57531E-1	+1.81943E-2	-7.11217E-2
+1.20472E+1	-8.50146E-1	+1.51426E-2	-7.08954E-2
+1.20619E+1	-8.42641E-1	+2.05595E-2	-7.06567E-2
+1.20766E+1	-8.34968E-1	+1.53715E-2	-7.04089E-2
+1.20914E+1	-8.27076E-1	+1.46085E-2	-7.01501E-2
+1.21061E+1	-8.19073E-1	+1.69736E-2	-6.98858E-2
+1.21209E+1	-8.10850E-1	+1.73551E-2	-6.95867E-2
+1.21356E+1	-8.02522E-1	+1.18619E-2	-6.92864E-2
+1.21504E+1	-7.93975E-1	+1.79655E-2	-6.89624E-2
+1.21651E+1	-7.85329E-1	+1.19382E-2	-6.86173E-2
+1.21799E+1	-7.76466E-1	+2.49845E-2	-6.82790E-2
+1.21946E+1	-7.67508E-1	+2.58237E-2	-6.78974E-2
+1.22094E+1	-7.58335E-1	+3.45975E-2	-6.75332E-2
+1.22241E+1	-7.49073E-1	+2.33060E-2	-6.71207E-2
+1.22388E+1	-7.39662E-1	+3.03251E-2	-6.67224E-2
+1.22536E+1	-7.30039E-1	+2.02543E-2	-6.62421E-2
+1.22683E+1	-7.20335E-1	+5.09244E-2	-6.58070E-2
+1.22831E+1	-7.10421E-1	+2.17802E-2	-6.53446E-2
+1.22978E+1	-7.00432E-1	+3.50553E-2	-6.48003E-2
+1.23126E+1	-6.90235E-1	+5.63413E-2	-6.43333E-2
+1.23273E+1	-6.79969E-1	+4.07997E-3	-6.37707E-2
+1.23421E+1	-6.69496E-1	+4.71098E-2	-6.31702E-2
+1.23568E+1	-6.58961E-1	+6.45811E-2	-6.26727E-2
+1.23716E+1	-6.48222E-1	+9.64942E-3	-6.20484E-2
+1.23863E+1	-6.37427E-1	+4.31425E-2	-6.13667E-2
+1.24010E+1	-6.26505E-1	+7.11423E-2	-6.07757E-2
+1.24158E+1	-6.15383E-1	+4.81779E-2	-6.01233E-2
+1.24305E+1	-6.04213E-1	+3.74204E-2	-5.94254E-2
+1.24453E+1	-5.92846E-1	+3.79545E-2	-5.86781E-2
+1.24600E+1	-5.81438E-1	+4.14640E-2	-5.79454E-2
+1.24748E+1	-5.69836E-1	+4.61942E-2	-5.71867E-2
+1.24895E+1	-5.58198E-1	+5.53495E-2	-5.64042E-2
+1.25043E+1	-5.46369E-1	+6.09190E-2	-5.56194E-2
+1.25190E+1	-5.34512E-1	+6.69462E-2	-5.47672E-2
+1.25338E+1	-5.22466E-1	+6.69462E-2	-5.39459E-2
+1.25485E+1	-5.10397E-1	+6.67173E-2	-5.30467E-2
+1.25633E+1	-4.98145E-1	+6.96928E-2	-5.21639E-2
+1.25780E+1	-4.85875E-1	+7.30497E-2	-5.12097E-2
+1.25927E+1	-4.73509E-1	+6.54203E-2	-5.03091E-2
+1.26075E+1	-4.60964E-1	+7.73222E-2	-4.93058E-2
+1.26222E+1	-4.48412E-1	+5.90116E-2	-4.83262E-2
+1.26370E+1	-4.35684E-1	+6.93876E-2	-4.72722E-2
+1.26517E+1	-4.22956E-1	+5.84775E-2	-4.62536E-2
+1.26665E+1	-4.10056E-1	+6.22160E-2	-4.51706E-2
+1.26812E+1	-3.97162E-1	+6.80143E-2	-4.40777E-2
+1.26960E+1	-3.84100E-1	+6.64884E-2	-4.29567E-2
+1.27107E+1	-3.71050E-1	+7.90006E-2	-4.18291E-2
+1.27255E+1	-3.57837E-1	+8.40360E-2	-4.06555E-2
+1.27402E+1	-3.44641E-1	+9.44120E-2	-3.94450E-2
+1.27549E+1	-3.31378E-1	+9.09788E-2	-3.82187E-2
+1.27697E+1	-3.17957E-1	+8.99869E-2	-3.69490E-2
+1.27844E+1	-3.04564E-1	+9.31913E-2	-3.56801E-2
+1.27992E+1	-2.91019E-1	+9.28098E-2	-3.43320E-2
+1.28139E+1	-2.77507E-1	+8.65537E-2	-3.30197E-2
+1.28287E+1	-2.63847E-1	+7.57963E-2	-3.16610E-2
+1.28434E+1	-2.50227E-1	+8.43412E-2	-3.02980E-2
+1.28582E+1	-2.36465E-1	+8.96055E-2	-2.88777E-2
+1.28729E+1	-2.22748E-1	+1.07077E-1	-2.74331E-2
+1.28877E+1	-2.08893E-1	+1.10052E-1	-2.59460E-2
+1.29024E+1	-1.95090E-1	+1.13180E-1	-2.44123E-2
+1.29171E+1	-1.81249E-1	+1.07382E-1	-2.29244E-2
+1.29319E+1	-1.67277E-1	+9.97526E-2	-2.13877E-2
+1.29466E+1	-1.53366E-1	+7.82377E-2	-1.99055E-2
+1.29614E+1	-1.39329E-1	+8.51041E-2	-1.83974E-2
+1.29761E+1	-1.25360E-1	+1.12341E-1	-1.68687E-2
+1.29909E+1	-1.11270E-1	+1.16079E-1	-1.52952E-2
+1.30056E+1	-9.72538E-2	+1.22564E-1	-1.36930E-2
+1.30204E+1	-8.31224E-2	+1.16232E-1	-1.21243E-2
+1.30351E+1	-6.90700E-2	+9.20469E-2	-1.05579E-2
+1.30499E+1	-5.49081E-2	+8.47227E-2	-9.01410E-3
+1.30646E+1	-4.08309E-2	+9.02921E-2	-7.48046E-3
+1.30793E+1	-2.67456E-2	+1.15317E-1	-5.90778E-3
+1.30941E+1	-1.25591E-2	+1.25235E-1	-4.26625E-3
+1.31088E+1	+1.53398E-3	+1.24243E-1	-2.61913E-3
+1.31236E+1	+1.57227E-2	+9.07499E-2	-1.08127E-3
+1.31383E+1	+2.98123E-2	+8.21287E-2	+4.55932E-4
+1.31531E+1	+4.39919E-2	+9.50223E-2	+2.01779E-3
+1.31678E+1	+5.80668E-2	+1.06924E-1	+3.57557E-3
+1.31826E+1	+7.22259E-2	+1.16614E-1	+5.17021E-3
+1.31973E+1	+8.62749E-2	+1.27829E-1	+6.74867E-3
+1.32121E+1	+1.00402E-1	+1.09213E-1	+8.35877E-3
+1.32268E+1	+1.14414E-1	+8.47227E-2	+9.84940E-3
+1.32415E+1	+1.28403E-1	+8.38071E-2	+1.13394E-2
+1.32563E+1	+1.42461E-1	+9.54801E-2	+1.28285E-2
+1.32710E+1	+1.56397E-1	+1.08755E-1	+1.43412E-2
+1.32858E+1	+1.70395E-1	+1.10891E-1	+1.58644E-2
+1.33005E+1	+1.84265E-1	+1.18673E-1	+1.73614E-2
+1.33153E+1	+1.98192E-1	+9.56327E-2	+1.88648E-2
+1.33300E+1	+2.11986E-1	+8.22050E-2	+2.02580E-2
+1.33448E+1	+2.25831E-1	+7.94584E-2	+2.16732E-2
+1.33595E+1	+2.39538E-1	+9.48698E-2	+2.30666E-2
+1.33743E+1	+2.53289E-1	+1.01736E-1	+2.44700E-2
+1.33890E+1	+2.66898E-1	+1.02652E-1	+2.58686E-2
+1.34038E+1	+2.80545E-1	+9.73112E-2	+2.72479E-2
+1.34185E+1	+2.94044E-1	+9.56327E-2	+2.86148E-2
+1.34332E+1	+3.07485E-1	+9.31913E-2	+2.99234E-2
+1.34480E+1	+3.20955E-1	+8.40360E-2	+3.12435E-2
+1.34627E+1	+3.34271E-1	+7.48045E-2	+3.25110E-2
+1.34775E+1	+3.47610E-1	+7.54911E-2	+3.37841E-2
+1.34922E+1	+3.60789E-1	+7.79325E-2	+3.50069E-2
+1.35070E+1	+3.73986E-1	+8.81559E-2	+3.62463E-2
+1.35217E+1	+3.87019E-1	+9.01395E-2	+3.74877E-2
+1.35365E+1	+4.00064E-1	+8.51804E-2	+3.86661E-2
+1.35512E+1	+4.12940E-1	+8.38834E-2	+3.98371E-2
+1.35660E+1	+4.25821E-1	+7.80088E-2	+4.09805E-2
+1.35807E+1	+4.38530E-1	+7.92295E-2	+4.21100E-2
+1.35954E+1	+4.51152E-1	+7.71696E-2	+4.32138E-2
+1.36102E+1	+4.63770E-1	+6.72514E-2	+4.42872E-2
+1.36249E+1	+4.76209E-1	+7.38889E-2	+4.53615E-2
+1.36397E+1	+4.88638E-1	+6.29026E-2	+4.64126E-2
+1.36544E+1	+5.00885E-1	+7.07609E-2	+4.74097E-2
+1.36692E+1	+5.13116E-1	+6.69462E-2	+4.84199E-2
+1.36839E+1	+5.25161E-1	+6.75565E-2	+4.93888E-2
+1.36987E+1	+5.37183E-1	+6.51151E-2	+5.03640E-2
+1.37134E+1	+5.49016E-1	+5.33659E-2	+5.12989E-2
+1.37282E+1	+5.60820E-1	+6.02323E-2	+5.22127E-2
+1.37429E+1	+5.72433E-1	+5.60361E-2	+5.31243E-2
+1.37576E+1	+5.83931E-1	+5.96220E-2	+5.40062E-2
+1.37724E+1	+5.95391E-1	+6.00034E-2	+5.48537E-2
+1.37871E+1	+6.06655E-1	+7.16001E-2	+5.56575E-2
+1.38019E+1	+6.17873E-1	+5.84013E-2	+5.64583E-2
+1.38166E+1	+6.28893E-1	+4.97037E-2	+5.72562E-2
+1.38314E+1	+6.39862E-1	+3.43687E-2	+5.80467E-2
+1.38461E+1	+6.50628E-1	+5.03141E-2	+5.88122E-2
+1.38609E+1	+6.61338E-1	+6.63358E-2	+5.95457E-2
+1.38756E+1	+6.71843E-1	+4.91697E-2	+6.02143E-2
+1.38904E+1	+6.82285E-1	+3.10880E-2	+6.09514E-2
+1.39051E+1	+6.92520E-1	+5.42814E-2	+6.16189E-2
+1.39198E+1	+7.02618E-1	+5.65702E-2	+6.22327E-2
+1.39346E+1	+7.12644E-1	+1.58292E-2	+6.28776E-2
+1.39493E+1	+7.22460E-1	+5.66465E-2	+6.35440E-2
+1.39641E+1	+7.32197E-1	+4.80253E-2	+6.40648E-2
+1.39788E+1	+7.41723E-1	+1.43796E-2	+6.47063E-2
+1.39936E+1	+7.51165E-1	+6.17582E-2	+6.52393E-2
+1.40083E+1	+7.60394E-1	+5.75843E-3	+6.57851E-2
+1.40231E+1	+7.69532E-1	+5.44340E-2	+6.63469E-2
+1.40378E+1	+7.78456E-1	+2.07120E-2	+6.68184E-2
+1.40526E+1	+7.87284E-1	+4.69572E-2	+6.73432E-2
+1.40673E+1	+7.95895E-1	+2.79600E-2	+6.78001E-2
+1.40820E+1	+8.04348E-1	+3.62760E-2	+6.82392E-2
+1.40968E+1	+8.12698E-1	+2.84940E-2	+6.87055E-2
+1.41115E+1	+8.20829E-1	+2.68156E-2	+6.91238E-2
+1.41263E+1	+8.28850E-1	+3.35294E-2	+6.95278E-2
+1.41410E+1	+8.36653E-1	+2.21616E-2	+6.99453E-2
+1.41558E+1	+8.44340E-1	+1.93388E-2	+7.03308E-2
+1.41705E+1	+8.51808E-1	+2.13224E-2	+7.06887E-2
+1.41853E+1	+8.59155E-1	+2.91044E-2	+7.10448E-2
+1.42000E+1	+8.66281E-1	+2.97147E-2	+7.13934E-2
+1.42148E+1	+8.73282E-1	+2.14750E-2	+7.17338E-2
+1.42295E+1	+8.80061E-1	+1.90336E-2	+7.20620E-2
+1.42442E+1	+8.86666E-1	+1.67448E-2	+7.23442E-2
+1.42590E+1	+8.93138E-1	+1.06412E-2	+7.26381E-2
+1.42737E+1	+8.99388E-1	+2.00254E-2	+7.29145E-2
+1.42885E+1	+9.05500E-1	+1.67448E-2	+7.31890E-2
+1.43032E+1	+9.11391E-1	+1.26249E-2	+7.34469E-2
+1.43180E+1	+9.17138E-1	+1.49900E-2	+7.37003E-2
+1.43327E+1	+9.22664E-1	+1.29301E-2	+7.39328E-2
+1.43475E+1	+9.28043E-1	+1.33878E-2	+7.41792E-2
+1.43622E+1	+9.33200E-1	+1.91099E-2	+7.43876E-2
+1.43770E+1	+9.38205E-1	+1.91862E-2	+7.45783E-2
+1.43917E+1	+9.42989E-1	+1.17094E-2	+7.47853E-2
+1.44065E+1	+9.47616E-1	+1.40745E-2	+7.49757E-2
+1.44212E+1	+9.52024E-1	+1.50663E-2	+7.51510E-2
+1.44359E+1	+9.56242E-1	+1.35404E-2	+7.53128E-2
+1.44507E+1	+9.60297E-1	+9.42054E-3	+7.54735E-2
+1.44654E+1	+9.64133E-1	+1.21671E-2	+7.56286E-2
+1.44802E+1	+9.67802E-1	-1.56579E-3	+7.57624E-2
+1.44949E+1	+9.71253E-1	+1.62107E-2	+7.59058E-2
+1.45097E+1	+9.74533E-1	+1.42271E-2	+7.60413E-2
+1.45244E+1	+9.77597E-1	+5.83473E-3	+7.61657E-2
+1.45392E+1	+9.80485E-1	+1.51426E-2	+7.62622E-2
+1.45539E+1	+9.83158E-1	+7.81837E-3	+7.63458E-2
+1.45687E+1	+9.85652E-1	+6.06361E-3	+7.64400E-2
+1.45834E+1	+9.87933E-1	+2.06358E-2	+7.65297E-2
+1.45981E+1	+9.90018E-1	+9.72572E-3	+7.66009E-2
+1.46129E+1	+9.91918E-1	-8.73742E-3	+7.66780E-2
+1.46276E+1	+9.93608E-1	+4.38514E-3	+7.67213E-2
+1.46424E+1	+9.95109E-1	+3.85108E-3	+7.67750E-2
+1.46571E+1	+9.96403E-1	-3.54943E-3	+7.68322E-2
+1.46719E+1	+9.97505E-1	-5.83825E-3	+7.68602E-2
+1.46866E+1	+9.98401E-1	+1.35404E-2	+7.68978E-2
+1.47014E+1	+9.99102E-1	+1.12516E-2	+7.69070E-2
+1.47161E+1	+9.99600E-1	+1.48597E-3	+7.69271E-2
+1.47309E+1	+9.99901E-1	-7.21154E-3	+7.69597E-2
