+0.00000E+0	+0.00000E+0	-6.29875E-3	-3.14937E-7
+1.47000E-2	+1.40930E-2	+3.55866E-2	+5.84160E-4
+2.95000E-2	+2.82790E-2	+4.97010E-2	+1.23345E-3
+4.42000E-2	+4.23635E-2	+5.31342E-2	+1.88581E-3
+5.90000E-2	+5.65354E-2	+5.27528E-2	+2.59306E-3
+7.37000E-2	+7.06002E-2	+4.42078E-2	+3.37664E-3
+8.85000E-2	+8.47465E-2	+5.10743E-2	+4.15630E-3
+1.03200E-1	+9.87804E-2	+6.12977E-2	+4.93277E-3
+1.18000E-1	+1.12890E-1	+5.29816E-2	+5.72038E-3
+1.32700E-1	+1.26882E-1	+4.40553E-2	+6.51599E-3
+1.47500E-1	+1.40943E-1	+5.08454E-2	+7.30084E-3
+1.62200E-1	+1.54881E-1	+6.45020E-2	+8.11107E-3
+1.76900E-1	+1.68789E-1	+5.00825E-2	+8.92322E-3
+1.91700E-1	+1.82757E-1	+5.58045E-2	+9.73222E-3
+2.06400E-1	+1.96595E-1	+5.74830E-2	+1.05102E-2
+2.21200E-1	+2.10487E-1	+5.01588E-2	+1.13163E-2
+2.35900E-1	+2.24243E-1	+4.67255E-2	+1.21193E-2
+2.50700E-1	+2.38048E-1	+5.22950E-2	+1.28961E-2
+2.65400E-1	+2.51712E-1	+5.15321E-2	+1.36760E-2
+2.80200E-1	+2.65419E-1	+5.79408E-2	+1.44857E-2
+2.94900E-1	+2.78980E-1	+5.54993E-2	+1.52732E-2
+3.09700E-1	+2.92577E-1	+4.88618E-2	+1.60435E-2
+3.24400E-1	+3.06025E-1	+4.93958E-2	+1.68071E-2
+3.39100E-1	+3.19411E-1	+6.07636E-2	+1.75748E-2
+3.53900E-1	+3.32825E-1	+5.55756E-2	+1.83358E-2
+3.68600E-1	+3.46081E-1	+3.64259E-2	+1.91131E-2
+3.83400E-1	+3.59358E-1	+4.81751E-2	+1.98508E-2
+3.98100E-1	+3.72474E-1	+4.45130E-2	+2.05909E-2
+4.12900E-1	+3.85605E-1	+4.86329E-2	+2.13502E-2
+4.27600E-1	+3.98569E-1	+5.85511E-2	+2.20826E-2
+4.42400E-1	+4.11542E-1	+6.10688E-2	+2.28155E-2
+4.57100E-1	+4.24346E-1	+5.81696E-2	+2.35403E-2
+4.71900E-1	+4.37151E-1	+4.99299E-2	+2.42602E-2
+4.86600E-1	+4.49783E-1	+4.84803E-2	+2.49689E-2
+5.01400E-1	+4.62410E-1	+4.16901E-2	+2.56532E-2
+5.16100E-1	+4.74860E-1	+3.52052E-2	+2.63492E-2
+5.30800E-1	+4.87215E-1	+3.39845E-2	+2.70303E-2
+5.45600E-1	+4.99557E-1	+3.35267E-2	+2.76900E-2
+5.60300E-1	+5.11716E-1	+3.52052E-2	+2.83559E-2
+5.75100E-1	+5.23855E-1	+3.16193E-2	+2.90146E-2
+5.89800E-1	+5.35807E-1	+3.55866E-2	+2.96762E-2
+6.04600E-1	+5.47734E-1	+3.08564E-2	+3.03289E-2
+6.19300E-1	+5.59470E-1	+3.97065E-2	+3.09671E-2
+6.34100E-1	+5.71174E-1	+4.45893E-2	+3.16122E-2
+6.48800E-1	+5.82685E-1	+5.74830E-2	+3.22318E-2
+6.63600E-1	+5.94158E-1	+5.45838E-2	+3.28323E-2
+6.78300E-1	+6.05435E-1	+5.56519E-2	+3.34233E-2
+6.93000E-1	+6.16591E-1	+4.23768E-2	+3.39950E-2
+7.07800E-1	+6.27700E-1	+1.49873E-2	+3.46028E-2
+7.22500E-1	+6.38608E-1	+1.47584E-2	+3.52327E-2
+7.37300E-1	+6.49463E-1	+4.79462E-2	+3.58050E-2
+7.52000E-1	+6.60114E-1	+7.02241E-2	+3.63296E-2
+7.66800E-1	+6.70706E-1	+3.68836E-2	+3.68433E-2
+7.81500E-1	+6.81093E-1	+1.07911E-2	+3.74366E-2
+7.96300E-1	+6.91413E-1	+4.25294E-2	+3.79886E-2
+8.11000E-1	+7.01526E-1	+5.45838E-2	+3.84510E-2
+8.25800E-1	+7.11567E-1	+6.36605E-3	+3.89817E-2
+8.40500E-1	+7.21398E-1	+4.09272E-2	+3.95217E-2
+8.55200E-1	+7.31086E-1	+3.87147E-2	+3.99614E-2
+8.70000E-1	+7.40694E-1	+1.76576E-2	+4.04782E-2
+8.84700E-1	+7.50088E-1	+4.55811E-2	+4.09321E-2
+8.99500E-1	+7.59396E-1	+2.43714E-2	+4.14156E-2
+9.14200E-1	+7.68490E-1	+3.95539E-2	+4.18600E-2
+9.29000E-1	+7.77492E-1	+2.28455E-2	+4.23129E-2
+9.43700E-1	+7.86278E-1	+3.52815E-2	+4.27356E-2
+9.58500E-1	+7.94965E-1	+2.59736E-2	+4.31731E-2
+9.73200E-1	+8.03436E-1	+2.64314E-2	+4.35655E-2
+9.88000E-1	+8.11803E-1	+3.45948E-2	+4.39931E-2
+1.00270E+0	+8.19952E-1	+2.90253E-2	+4.43756E-2
+1.01740E+0	+8.27938E-1	+2.58210E-2	+4.47455E-2
+1.03220E+0	+8.35812E-1	+2.74995E-2	+4.51466E-2
+1.04690E+0	+8.43466E-1	+2.83387E-2	+4.55169E-2
+1.06170E+0	+8.51003E-1	+3.27638E-2	+4.58547E-2
+1.07640E+0	+8.58320E-1	+2.90253E-2	+4.61949E-2
+1.09120E+0	+8.65514E-1	+1.95649E-2	+4.65335E-2
+1.10590E+0	+8.72487E-1	+2.15485E-2	+4.68798E-2
+1.12070E+0	+8.79332E-1	+2.17774E-2	+4.72153E-2
+1.13540E+0	+8.85956E-1	+2.10908E-2	+4.75164E-2
+1.15020E+0	+8.92447E-1	+1.53687E-2	+4.78233E-2
+1.16490E+0	+8.98717E-1	+1.62843E-2	+4.81046E-2
+1.17960E+0	+9.04807E-1	+1.10963E-2	+4.84000E-2
+1.19440E+0	+9.10758E-1	+1.55976E-2	+4.86671E-2
+1.20910E+0	+9.16487E-1	+1.56739E-2	+4.89410E-2
+1.22390E+0	+9.22072E-1	+8.19710E-3	+4.91964E-2
+1.23860E+0	+9.27434E-1	+1.46058E-2	+4.94533E-2
+1.25340E+0	+9.32647E-1	+1.81153E-2	+4.96811E-2
+1.26810E+0	+9.37639E-1	+1.57502E-2	+4.98957E-2
+1.28290E+0	+9.42477E-1	+1.05622E-2	+5.01369E-2
+1.29760E+0	+9.47094E-1	+1.73524E-2	+5.03442E-2
+1.31240E+0	+9.51553E-1	+1.36903E-2	+5.05552E-2
+1.32710E+0	+9.55792E-1	+8.50228E-3	+5.07316E-2
+1.34180E+0	+9.59841E-1	+1.10963E-2	+5.09294E-2
+1.35660E+0	+9.63725E-1	+1.39954E-2	+5.11014E-2
+1.37130E+0	+9.67391E-1	+1.78841E-3	+5.12741E-2
+1.38610E+0	+9.70887E-1	+2.24618E-3	+5.14287E-2
+1.40080E+0	+9.74166E-1	+1.88783E-2	+5.15629E-2
+1.41560E+0	+9.77273E-1	+1.70472E-2	+5.17214E-2
+1.43030E+0	+9.80163E-1	+1.49873E-2	+5.18314E-2
+1.44510E+0	+9.82877E-1	+5.52681E-3	+5.19618E-2
+1.45980E+0	+9.85376E-1	-3.78105E-3	+5.20798E-2
+1.47460E+0	+9.87694E-1	+1.86471E-3	+5.21654E-2
+1.48930E+0	+9.89800E-1	-3.55216E-3	+5.22842E-2
+1.50410E+0	+9.91722E-1	+1.97175E-2	+5.23650E-2
+1.51880E+0	+9.93433E-1	-1.25549E-2	+5.24488E-2
+1.53350E+0	+9.94947E-1	-2.63664E-3	+5.24995E-2
+1.54830E+0	+9.96271E-1	+3.00911E-3	+5.25746E-2
+1.56300E+0	+9.97388E-1	+7.20528E-3	+5.26118E-2
+1.57780E+0	+9.98313E-1	+6.06087E-3	+5.26265E-2
+1.59250E+0	+9.99032E-1	-4.54399E-3	+5.26805E-2
+1.60730E+0	+9.99556E-1	+2.55135E-3	+5.27032E-2
+1.62200E+0	+9.99876E-1	+1.53687E-2	+5.27358E-2
+1.63680E+0	+9.99999E-1	+1.86239E-4	+5.27348E-2
+1.65150E+0	+9.99921E-1	-4.23881E-3	+5.27381E-2
+1.66630E+0	+9.99642E-1	+7.43416E-3	+5.27152E-2
+1.68100E+0	+9.99166E-1	-5.07804E-3	+5.27166E-2
+1.69570E+0	+9.98491E-1	-1.07238E-2	+5.27089E-2
+1.71050E+0	+9.97612E-1	+7.20296E-4	+5.27013E-2
+1.72520E+0	+9.96539E-1	+7.12899E-3	+5.26428E-2
+1.74000E+0	+9.95260E-1	-1.34704E-2	+5.26408E-2
+1.75470E+0	+9.93790E-1	-3.01811E-3	+5.26278E-2
+1.76950E+0	+9.92111E-1	-1.13341E-2	+5.25697E-2
+1.78420E+0	+9.90246E-1	+1.11726E-2	+5.25320E-2
+1.79900E+0	+9.88170E-1	-3.75793E-2	+5.24994E-2
+1.81370E+0	+9.85910E-1	-5.23063E-3	+5.24703E-2
+1.82850E+0	+9.83437E-1	-1.41593E-3	+5.23964E-2
+1.84320E+0	+9.80785E-1	+1.25435E-3	+5.23372E-2
+1.85790E+0	+9.77938E-1	-6.29875E-3	+5.22711E-2
+1.87270E+0	+9.74876E-1	-6.90910E-3	+5.21969E-2
+1.88740E+0	+9.71640E-1	+2.93282E-3	+5.21131E-2
+1.90220E+0	+9.68187E-1	-5.84098E-3	+5.20309E-2
+1.91690E+0	+9.64565E-1	-1.15630E-2	+5.19439E-2
+1.93170E+0	+9.60724E-1	-6.83280E-3	+5.18174E-2
+1.94640E+0	+9.56717E-1	-1.04186E-2	+5.17195E-2
+1.96120E+0	+9.52492E-1	+2.62532E-4	+5.16039E-2
+1.97590E+0	+9.48105E-1	+3.38826E-4	+5.14753E-2
+1.99070E+0	+9.43498E-1	-5.99357E-3	+5.13356E-2
+2.00540E+0	+9.38734E-1	-1.43859E-2	+5.11916E-2
+2.02010E+0	+9.33784E-1	-1.11816E-2	+5.10362E-2
+2.03490E+0	+9.28613E-1	-1.39281E-2	+5.08811E-2
+2.04960E+0	+9.23291E-1	-6.29875E-3	+5.07089E-2
+2.06440E+0	+9.17749E-1	-7.67204E-3	+5.05302E-2
+2.07910E+0	+9.12060E-1	-9.88456E-3	+5.03368E-2
+2.09390E+0	+9.06150E-1	-1.27074E-2	+5.01320E-2
+2.10860E+0	+9.00099E-1	-9.80827E-3	+4.99205E-2
+2.12340E+0	+8.93827E-1	-6.14616E-3	+4.96991E-2
+2.13810E+0	+8.87419E-1	-7.74833E-3	+4.94740E-2
+2.15290E+0	+8.80789E-1	+2.93282E-3	+4.92443E-2
+2.16760E+0	+8.74028E-1	-9.19792E-3	+4.90039E-2
+2.18230E+0	+8.67094E-1	-1.57592E-2	+4.87497E-2
+2.19710E+0	+8.59939E-1	-2.03368E-2	+4.84656E-2
+2.21180E+0	+8.52660E-1	-2.45330E-2	+4.81797E-2
+2.22660E+0	+8.45161E-1	-2.67455E-2	+4.78931E-2
+2.24130E+0	+8.37544E-1	-2.12524E-2	+4.76063E-2
+2.25610E+0	+8.29708E-1	-2.65166E-2	+4.72985E-2
+2.27080E+0	+8.21759E-1	-1.69036E-2	+4.69595E-2
+2.28560E+0	+8.13591E-1	-8.89274E-3	+4.66240E-2
+2.30030E+0	+8.05316E-1	-2.22442E-2	+4.62849E-2
+2.31510E+0	+7.96823E-1	-1.65984E-2	+4.59121E-2
+2.32980E+0	+7.88228E-1	-2.34649E-2	+4.55604E-2
+2.34460E+0	+7.79418E-1	-3.65111E-2	+4.51750E-2
+2.35930E+0	+7.70511E-1	-2.68218E-2	+4.47985E-2
+2.37400E+0	+7.61451E-1	-3.21624E-2	+4.43800E-2
+2.38880E+0	+7.52177E-1	-1.62933E-2	+4.39710E-2
+2.40350E+0	+7.42815E-1	-3.48327E-2	+4.35283E-2
+2.41830E+0	+7.33241E-1	-2.91106E-2	+4.31252E-2
+2.43300E+0	+7.23586E-1	-2.68218E-2	+4.26390E-2
+2.44780E+0	+7.13719E-1	-4.55138E-2	+4.22087E-2
+2.46250E+0	+7.03777E-1	-1.36230E-2	+4.17318E-2
+2.47730E+0	+6.93626E-1	-3.69689E-2	+4.12379E-2
+2.49200E+0	+6.83406E-1	-4.39880E-2	+4.07968E-2
+2.50680E+0	+6.72978E-1	-1.95739E-2	+4.02751E-2
+2.52150E+0	+6.62488E-1	-3.71978E-2	+3.97315E-2
+2.53620E+0	+6.51865E-1	-5.71105E-2	+3.92546E-2
+2.55100E+0	+6.41040E-1	-2.44567E-2	+3.87397E-2
+2.56570E+0	+6.30159E-1	-6.60392E-3	+3.81416E-2
+2.58050E+0	+6.19079E-1	-4.39880E-2	+3.75643E-2
+2.59520E+0	+6.07950E-1	-7.80151E-2	+3.70510E-2
+2.61000E+0	+5.96623E-1	-5.43639E-2	+3.65252E-2
+2.62470E+0	+5.85254E-1	-1.33941E-2	+3.59442E-2
+2.63950E+0	+5.73690E-1	-1.27074E-2	+3.53060E-2
+2.65420E+0	+5.62090E-1	-2.94921E-2	+3.46882E-2
+2.66900E+0	+5.50298E-1	-4.21569E-2	+3.40637E-2
+2.68370E+0	+5.38476E-1	-4.91759E-2	+3.34666E-2
+2.69840E+0	+5.26547E-1	-5.28381E-2	+3.28230E-2
+2.71320E+0	+5.14432E-1	-5.03966E-2	+3.21867E-2
+2.72790E+0	+5.02295E-1	-5.34484E-2	+3.15302E-2
+2.74270E+0	+4.89976E-1	-4.87945E-2	+3.08817E-2
+2.75740E+0	+4.77642E-1	-5.09307E-2	+3.01993E-2
+2.77220E+0	+4.65128E-1	-5.26855E-2	+2.95218E-2
+2.78690E+0	+4.52606E-1	-4.65819E-2	+2.88224E-2
+2.80170E+0	+4.39908E-1	-4.31487E-2	+2.81416E-2
+2.81640E+0	+4.27208E-1	-4.22332E-2	+2.74173E-2
+2.83120E+0	+4.14336E-1	-3.92577E-2	+2.67135E-2
+2.84590E+0	+4.01469E-1	-4.74975E-2	+2.59832E-2
+2.86060E+0	+3.88522E-1	-5.72631E-2	+2.52662E-2
+2.87540E+0	+3.75408E-1	-5.71105E-2	+2.44984E-2
+2.89010E+0	+3.62309E-1	-6.36718E-2	+2.37294E-2
+2.90490E+0	+3.49048E-1	-5.48980E-2	+2.29649E-2
+2.91960E+0	+3.35806E-1	-4.20043E-2	+2.21924E-2
+2.93440E+0	+3.22408E-1	-4.61242E-2	+2.14221E-2
+2.94910E+0	+3.09035E-1	-5.18462E-2	+2.06543E-2
+2.96390E+0	+2.95510E-1	-5.54320E-2	+1.98623E-2
+2.97860E+0	+2.82017E-1	-5.46691E-2	+1.90597E-2
+2.99340E+0	+2.68376E-1	-5.27618E-2	+1.82577E-2
+3.00810E+0	+2.54773E-1	-5.23803E-2	+1.74554E-2
+3.02280E+0	+2.41120E-1	-7.17590E-2	+1.66409E-2
+3.03760E+0	+2.27325E-1	-5.65002E-2	+1.58209E-2
+3.05230E+0	+2.13579E-1	-4.53612E-2	+1.49975E-2
+3.06710E+0	+1.99696E-1	-5.44402E-2	+1.41975E-2
+3.08180E+0	+1.85867E-1	-6.24511E-2	+1.33737E-2
+3.09660E+0	+1.71906E-1	-5.65002E-2	+1.25424E-2
+3.11130E+0	+1.58006E-1	-5.16174E-2	+1.16974E-2
+3.12610E+0	+1.43980E-1	-6.81731E-2	+1.08759E-2
+3.14080E+0	+1.30019E-1	-5.71105E-2	+1.00132E-2
+3.15560E+0	+1.15938E-1	-5.29143E-2	+9.17326E-3
+3.17030E+0	+1.01928E-1	-5.45165E-2	+8.36149E-3
+3.18500E+0	+8.78986E-2	-5.87890E-2	+7.51882E-3
+3.19980E+0	+7.37558E-2	-5.46691E-2	+6.66962E-3
+3.21450E+0	+5.96939E-2	-6.32140E-2	+5.82152E-3
+3.22930E+0	+4.55243E-2	-7.20641E-2	+4.98168E-3
+3.24400E+0	+3.14414E-2	-5.02441E-2	+4.11623E-3
+3.25880E+0	+1.72564E-2	-5.17699E-2	+3.27562E-3
+3.27350E+0	+3.16383E-3	-5.46691E-2	+2.45307E-3
+3.28830E+0	-1.10253E-2	-5.69579E-2	+1.58058E-3
+3.30300E+0	-2.51163E-2	-5.62713E-2	+7.55238E-4
+3.31780E+0	-3.92981E-2	-6.33666E-2	-1.10036E-4
+3.33250E+0	-5.33763E-2	-6.17644E-2	-9.75550E-4
+3.34730E+0	-6.75396E-2	-4.44457E-2	-1.82341E-3
+3.36200E+0	-8.15937E-2	-5.29143E-2	-2.64484E-3
+3.37670E+0	-9.56316E-2	-5.58898E-2	-3.47416E-3
+3.39150E+0	-1.09746E-1	-5.84838E-2	-4.31896E-3
+3.40620E+0	-1.23743E-1	-5.95519E-2	-5.13936E-3
+3.42100E+0	-1.37810E-1	-5.85601E-2	-5.99668E-3
+3.43570E+0	-1.51755E-1	-6.19933E-2	-6.83262E-3
+3.45050E+0	-1.65764E-1	-4.53612E-2	-7.63482E-3
+3.46520E+0	-1.79646E-1	-4.84130E-2	-8.44089E-3
+3.48000E+0	-1.93586E-1	-5.47454E-2	-9.26907E-3
+3.49470E+0	-2.07393E-1	-5.57372E-2	-1.00698E-2
+3.50950E+0	-2.21252E-1	-5.48217E-2	-1.08766E-2
+3.52420E+0	-2.34974E-1	-5.87127E-2	-1.16992E-2
+3.53890E+0	-2.48649E-1	-6.58843E-2	-1.25133E-2
+3.55370E+0	-2.62367E-1	-5.54320E-2	-1.32932E-2
+3.56840E+0	-2.75940E-1	-3.61297E-2	-1.40764E-2
+3.58320E+0	-2.89551E-1	-5.23803E-2	-1.48553E-2
+3.59790E+0	-3.03011E-1	-6.01623E-2	-1.56300E-2
+3.61270E+0	-3.16502E-1	-5.19225E-2	-1.64126E-2
+3.62740E+0	-3.29839E-1	-5.06255E-2	-1.71825E-2
+3.64220E+0	-3.43201E-1	-5.26092E-2	-1.79191E-2
+3.65690E+0	-3.56404E-1	-5.30669E-2	-1.86925E-2
+3.67170E+0	-3.69625E-1	-6.32140E-2	-1.94505E-2
+3.68640E+0	-3.82683E-1	-5.30669E-2	-2.01911E-2
+3.70110E+0	-3.95666E-1	-5.26855E-2	-2.09333E-2
+3.71590E+0	-4.08657E-1	-4.40642E-2	-2.16605E-2
+3.73060E+0	-4.21479E-1	-3.74267E-2	-2.23866E-2
+3.74540E+0	-4.34303E-1	-3.96392E-2	-2.30943E-2
+3.76010E+0	-4.46955E-1	-3.36120E-2	-2.37997E-2
+3.77490E+0	-4.59602E-1	-4.20043E-2	-2.45157E-2
+3.78960E+0	-4.72073E-1	-4.65819E-2	-2.51897E-2
+3.80440E+0	-4.84534E-1	-4.67345E-2	-2.58782E-2
+3.81910E+0	-4.96814E-1	-5.08544E-2	-2.65522E-2
+3.83390E+0	-5.09078E-1	-4.50561E-2	-2.72304E-2
+3.84860E+0	-5.21157E-1	-4.78789E-2	-2.78967E-2
+3.86330E+0	-5.33133E-1	-4.55138E-2	-2.85354E-2
+3.87810E+0	-5.45084E-1	-4.30724E-2	-2.91898E-2
+3.89280E+0	-5.56845E-1	-3.46038E-2	-2.98302E-2
+3.90760E+0	-5.68574E-1	-2.82714E-2	-3.04579E-2
+3.92230E+0	-5.80111E-1	-2.46093E-2	-3.10841E-2
+3.93710E+0	-5.91610E-1	-2.85003E-2	-3.17195E-2
+3.95180E+0	-6.02914E-1	-4.52087E-2	-3.23245E-2
+3.96660E+0	-6.14173E-1	-5.43639E-2	-3.29234E-2
+3.98130E+0	-6.25234E-1	-6.38244E-2	-3.34739E-2
+3.99610E+0	-6.36244E-1	-4.39880E-2	-3.40189E-2
+4.01080E+0	-6.47054E-1	-1.53777E-2	-3.46140E-2
+4.02550E+0	-6.57734E-1	-2.09472E-2	-3.52065E-2
+4.04030E+0	-6.68356E-1	-5.74157E-2	-3.57595E-2
+4.05500E+0	-6.78773E-1	-4.92522E-2	-3.62337E-2
+4.06980E+0	-6.89124E-1	-9.04533E-3	-3.67778E-2
+4.08450E+0	-6.99268E-1	-2.99499E-2	-3.73543E-2
+4.09930E+0	-7.09340E-1	-6.02386E-2	-3.78130E-2
+4.11400E+0	-7.19204E-1	-1.39281E-2	-3.83004E-2
+4.12880E+0	-7.28990E-1	-2.68981E-2	-3.88419E-2
+4.14350E+0	-7.38564E-1	-4.29198E-2	-3.92822E-2
+4.15830E+0	-7.48056E-1	-2.45330E-2	-3.97913E-2
+4.17300E+0	-7.57334E-1	-4.10888E-2	-4.02280E-2
+4.18780E+0	-7.66524E-1	-2.04894E-2	-4.06916E-2
+4.20250E+0	-7.75498E-1	-3.55956E-2	-4.11263E-2
+4.21720E+0	-7.84319E-1	-3.13995E-2	-4.15754E-2
+4.23200E+0	-7.93042E-1	-3.08654E-2	-4.19871E-2
+4.24670E+0	-8.01548E-1	-2.79662E-2	-4.24253E-2
+4.26150E+0	-8.09951E-1	-1.35467E-2	-4.28243E-2
+4.27620E+0	-8.18136E-1	-2.75085E-2	-4.32162E-2
+4.29100E+0	-8.26213E-1	-2.17101E-2	-4.36233E-2
+4.30570E+0	-8.34070E-1	-1.37756E-2	-4.40031E-2
+4.32050E+0	-8.41814E-1	-2.46093E-2	-4.43615E-2
+4.33520E+0	-8.49337E-1	-2.64403E-2	-4.47352E-2
+4.35000E+0	-8.56741E-1	-2.98736E-2	-4.50942E-2
+4.36470E+0	-8.63925E-1	-2.77373E-2	-4.54260E-2
+4.37940E+0	-8.70936E-1	-9.80827E-3	-4.57497E-2
+4.39420E+0	-8.77821E-1	-1.66747E-2	-4.60588E-2
+4.40890E+0	-8.84484E-1	-2.78136E-2	-4.63775E-2
+4.42370E+0	-8.91015E-1	-2.61352E-2	-4.66813E-2
+4.43840E+0	-8.97325E-1	-2.54485E-2	-4.69946E-2
+4.45320E+0	-9.03497E-1	-2.81951E-2	-4.72744E-2
+4.46790E+0	-9.09447E-1	-2.62115E-2	-4.75582E-2
+4.48270E+0	-9.15256E-1	-2.43041E-2	-4.78174E-2
+4.49740E+0	-9.20842E-1	-2.70507E-2	-4.80706E-2
+4.51220E+0	-9.26283E-1	-1.81243E-2	-4.83001E-2
+4.52690E+0	-9.31501E-1	-8.74015E-3	-4.85616E-2
+4.54160E+0	-9.36535E-1	-7.36686E-3	-4.88064E-2
+4.55640E+0	-9.41415E-1	-2.69744E-2	-4.90214E-2
+4.57110E+0	-9.46074E-1	-1.73614E-2	-4.92300E-2
+4.58590E+0	-9.50575E-1	-1.57592E-2	-4.94202E-2
+4.60060E+0	-9.54857E-1	-4.39140E-3	-4.96301E-2
+4.61540E+0	-9.58976E-1	-1.46148E-2	-4.98141E-2
+4.63010E+0	-9.62876E-1	-1.95739E-2	-4.99778E-2
+4.64490E+0	-9.66609E-1	-1.02660E-2	-5.01559E-2
+4.65960E+0	-9.70124E-1	+1.33065E-3	-5.03057E-2
+4.67440E+0	-9.73469E-1	-1.47674E-2	-5.04544E-2
+4.68910E+0	-9.76597E-1	-1.96502E-2	-5.05868E-2
+4.70380E+0	-9.79531E-1	-1.93450E-2	-5.07301E-2
+4.71860E+0	-9.82289E-1	-2.40776E-3	-5.08442E-2
+4.73330E+0	-9.84832E-1	-7.67204E-3	-5.09726E-2
+4.74810E+0	-9.87195E-1	-1.78954E-2	-5.10777E-2
+4.76280E+0	-9.89345E-1	-1.40044E-2	-5.11672E-2
+4.77760E+0	-9.91311E-1	+9.34151E-3	-5.12800E-2
+4.79230E+0	-9.93066E-1	-2.44567E-2	-5.13530E-2
+4.80710E+0	-9.94634E-1	-1.14104E-2	-5.14390E-2
+4.82180E+0	-9.95993E-1	-4.39140E-3	-5.14742E-2
+4.83660E+0	-9.97162E-1	+4.15352E-3	-5.15432E-2
+4.85130E+0	-9.98124E-1	-2.17887E-3	-5.15960E-2
+4.86600E+0	-9.98888E-1	-1.64482E-3	-5.16070E-2
+4.88080E+0	-9.99456E-1	+8.80745E-3	-5.16560E-2
+4.89550E+0	-9.99822E-1	-4.00993E-3	-5.16613E-2
+4.91030E+0	-9.99989E-1	-8.05583E-4	-5.16825E-2
+4.92500E+0	-9.99956E-1	-2.10258E-3	-5.16823E-2
+4.93980E+0	-9.99722E-1	-2.17887E-3	-5.16824E-2
+4.95450E+0	-9.99290E-1	-6.83280E-3	-5.16753E-2
+4.96930E+0	-9.98655E-1	-7.97721E-3	-5.16562E-2
+4.98400E+0	-9.97825E-1	+1.04096E-2	-5.16508E-2
+4.99880E+0	-9.96790E-1	-2.56034E-3	-5.16625E-2
+5.01350E+0	-9.95562E-1	-1.94976E-2	-5.16257E-2
+5.02820E+0	-9.94137E-1	-4.00993E-3	-5.15881E-2
+5.04300E+0	-9.92503E-1	-6.60392E-3	-5.15782E-2
+5.05770E+0	-9.90682E-1	+8.12081E-3	-5.15564E-2
+5.07250E+0	-9.88650E-1	-2.56774E-2	-5.14755E-2
+5.08720E+0	-9.86434E-1	+3.55103E-2	-5.14243E-2
+5.10200E+0	-9.84006E-1	+1.30036E-2	-5.14134E-2
+5.11670E+0	-9.81398E-1	-7.36686E-3	-5.13548E-2
+5.13150E+0	-9.78575E-1	+1.09945E-4	-5.12874E-2
+5.14620E+0	-9.75576E-1	+1.48324E-3	-5.12229E-2
+5.16100E+0	-9.72361E-1	-4.77287E-3	-5.11486E-2
+5.17570E+0	-9.68974E-1	+6.67122E-3	-5.10809E-2
+5.19050E+0	-9.65369E-1	+1.08674E-2	-5.10006E-2
+5.20520E+0	-9.61597E-1	+1.63582E-3	-5.08885E-2
+5.21990E+0	-9.57633E-1	+4.91646E-3	-5.08042E-2
+5.23470E+0	-9.53451E-1	+6.36605E-3	-5.06844E-2
+5.24940E+0	-9.49106E-1	+3.00911E-3	-5.05658E-2
+5.26420E+0	-9.44542E-1	+9.26522E-3	-5.04485E-2
+5.27890E+0	-9.39820E-1	+2.04041E-2	-5.03110E-2
+5.29370E+0	-9.34878E-1	+9.64669E-3	-5.01628E-2
+5.30840E+0	-9.29782E-1	+1.09437E-2	-5.00221E-2
+5.32320E+0	-9.24465E-1	+4.91646E-3	-4.98543E-2
+5.33790E+0	-9.19000E-1	+8.34969E-3	-4.96837E-2
+5.35270E+0	-9.13314E-1	+1.28510E-2	-4.95104E-2
+5.36740E+0	-9.07484E-1	+1.21644E-2	-4.93209E-2
+5.38210E+0	-9.01473E-1	+7.89193E-3	-4.91188E-2
+5.39690E+0	-8.95241E-1	+1.43769E-2	-4.89203E-2
+5.41160E+0	-8.88873E-1	+2.31507E-2	-4.87012E-2
+5.42640E+0	-8.82283E-1	+2.18537E-2	-4.84651E-2
+5.44110E+0	-8.75561E-1	+1.65894E-2	-4.82298E-2
+5.45590E+0	-8.68618E-1	+1.50636E-2	-4.79943E-2
+5.47060E+0	-8.61549E-1	+2.10145E-2	-4.77372E-2
+5.48540E+0	-8.54259E-1	+2.60499E-2	-4.74508E-2
+5.50010E+0	-8.46848E-1	+2.10908E-2	-4.71835E-2
+5.51490E+0	-8.39217E-1	+2.22352E-2	-4.68944E-2
+5.52960E+0	-8.31470E-1	+2.46766E-2	-4.65932E-2
+5.54430E+0	-8.23557E-1	+1.84205E-2	-4.62673E-2
+5.55910E+0	-8.15426E-1	+1.70472E-2	-4.59464E-2
+5.57380E+0	-8.07187E-1	+2.22352E-2	-4.56118E-2
+5.58860E+0	-7.98730E-1	+2.11671E-2	-4.52444E-2
+5.60330E+0	-7.90171E-1	+1.35377E-2	-4.48958E-2
+5.61810E+0	-7.81396E-1	+3.03223E-2	-4.45136E-2
+5.63280E+0	-7.72524E-1	+2.39137E-2	-4.41585E-2
+5.64760E+0	-7.63436E-1	+3.36793E-2	-4.37723E-2
+5.66230E+0	-7.54258E-1	+2.02515E-2	-4.33635E-2
+5.67710E+0	-7.44866E-1	+3.36793E-2	-4.29561E-2
+5.69180E+0	-7.35389E-1	+2.43714E-2	-4.25455E-2
+5.70650E+0	-7.25766E-1	+3.81806E-2	-4.20894E-2
+5.72130E+0	-7.15932E-1	+2.62025E-2	-4.16758E-2
+5.73600E+0	-7.06021E-1	+2.09382E-2	-4.11741E-2
+5.75080E+0	-6.95902E-1	+5.18372E-2	-4.07208E-2
+5.76550E+0	-6.85712E-1	+3.18482E-2	-4.02714E-2
+5.78030E+0	-6.75315E-1	+1.71998E-2	-3.97456E-2
+5.79500E+0	-6.64854E-1	+4.98536E-2	-3.92602E-2
+5.80980E+0	-6.54189E-1	+3.29163E-2	-3.87907E-2
+5.82450E+0	-6.43465E-1	+3.92464E-3	-3.82317E-2
+5.83930E+0	-6.32539E-1	+3.73414E-2	-3.76370E-2
+5.85400E+0	-6.21560E-1	+7.57172E-2	-3.71415E-2
+5.86870E+0	-6.10459E-1	+5.58045E-2	-3.66399E-2
+5.88350E+0	-5.99159E-1	+1.18592E-2	-3.60619E-2
+5.89820E+0	-5.87816E-1	+1.30036E-2	-3.54290E-2
+5.91300E+0	-5.76278E-1	+3.32215E-2	-3.48343E-2
+5.92770E+0	-5.64704E-1	+5.96192E-2	-3.42619E-2
+5.94250E+0	-5.52937E-1	+6.55701E-2	-3.36747E-2
+5.95720E+0	-5.41139E-1	+5.30579E-2	-3.30700E-2
+5.97200E+0	-5.29153E-1	+5.54993E-2	-3.24448E-2
+5.98670E+0	-5.17142E-1	+5.68726E-2	-3.18265E-2
+6.00150E+0	-5.04946E-1	+5.68726E-2	-3.11691E-2
+6.01620E+0	-4.92731E-1	+5.36683E-2	-3.05122E-2
+6.03100E+0	-4.80335E-1	+5.71778E-2	-2.98393E-2
+6.04570E+0	-4.67926E-1	+5.33631E-2	-2.91840E-2
+6.06040E+0	-4.55425E-1	+6.09925E-2	-2.84921E-2
+6.07520E+0	-4.42747E-1	+5.24476E-2	-2.77875E-2
+6.08990E+0	-4.30067E-1	+5.61097E-2	-2.70804E-2
+6.10470E+0	-4.17214E-1	+5.26002E-2	-2.63718E-2
+6.11940E+0	-4.04365E-1	+4.10798E-2	-2.56413E-2
+6.13420E+0	-3.91347E-1	+4.91670E-2	-2.49009E-2
+6.14890E+0	-3.78339E-1	+4.42078E-2	-2.41911E-2
+6.16370E+0	-3.65167E-1	+5.38972E-2	-2.34322E-2
+6.17840E+0	-3.52011E-1	+5.69489E-2	-2.26897E-2
+6.19320E+0	-3.38695E-1	+5.35157E-2	-2.18986E-2
+6.20790E+0	-3.25401E-1	+4.98536E-2	-2.11434E-2
+6.22260E+0	-3.12043E-1	+4.37501E-2	-2.03743E-2
+6.23740E+0	-2.98531E-1	+5.24476E-2	-1.95855E-2
+6.25210E+0	-2.85051E-1	+5.77882E-2	-1.88010E-2
+6.26690E+0	-2.71422E-1	+5.88563E-2	-1.79931E-2
+6.28160E+0	-2.57831E-1	+5.42786E-2	-1.71815E-2
+6.29640E+0	-2.44096E-1	+5.52705E-2	-1.63764E-2
+6.31110E+0	-2.30405E-1	+5.45838E-2	-1.55583E-2
+6.32590E+0	-2.16575E-1	+6.51124E-2	-1.47102E-2
+6.34060E+0	-2.02795E-1	+4.68781E-2	-1.39064E-2
+6.35540E+0	-1.88880E-1	+4.84803E-2	-1.30811E-2
+6.37010E+0	-1.75022E-1	+5.64149E-2	-1.22568E-2
+6.38480E+0	-1.61129E-1	+6.84693E-2	-1.14224E-2
+6.39960E+0	-1.47110E-1	+5.31342E-2	-1.05712E-2
+6.41430E+0	-1.33156E-1	+6.58753E-2	-9.74632E-3
+6.42910E+0	-1.19080E-1	+5.94666E-2	-8.88355E-3
+6.44380E+0	-1.05075E-1	+4.88618E-2	-8.04400E-3
+6.45860E+0	-9.09542E-2	+5.25239E-2	-7.21118E-3
+6.47330E+0	-7.69106E-2	+6.51124E-2	-6.36576E-3
+6.48810E+0	-6.27561E-2	+5.85511E-2	-5.50877E-3
+6.50280E+0	-4.86846E-2	+5.90089E-2	-4.64920E-3
+6.51760E+0	-3.45077E-2	+6.27473E-2	-3.78625E-3
+6.53230E+0	-2.04197E-2	+5.70252E-2	-2.92848E-3
+6.54700E+0	-6.32763E-3	+5.10743E-2	-2.08903E-3
+6.56180E+0	+7.86157E-3	+6.81641E-2	-1.24430E-3
+6.57650E+0	+2.19533E-2	+5.84748E-2	-3.85262E-4
+6.59130E+0	+3.61366E-2	+5.71778E-2	+4.71021E-4
+6.60600E+0	+5.02167E-2	+6.65620E-2	+1.33558E-3
+6.62080E+0	+6.43826E-2	+6.06110E-2	+2.19132E-3
+6.63550E+0	+7.84400E-2	+4.60389E-2	+3.03513E-3
+6.65030E+0	+9.25772E-2	+5.74830E-2	+3.88158E-3
+6.66500E+0	+1.06600E-1	+6.51887E-2	+4.72506E-3
+6.67980E+0	+1.20698E-1	+5.57282E-2	+5.57871E-3
+6.69450E+0	+1.34676E-1	+5.97718E-2	+6.41754E-3
+6.70920E+0	+1.48627E-1	+6.29762E-2	+7.27026E-3
+6.72400E+0	+1.62643E-1	+5.70252E-2	+8.10444E-3
+6.73870E+0	+1.76532E-1	+4.45130E-2	+8.93329E-3
+6.75350E+0	+1.90481E-1	+6.12214E-2	+9.75692E-3
+6.76820E+0	+2.04297E-1	+5.93903E-2	+1.05844E-2
+6.78300E+0	+2.18166E-1	+5.40498E-2	+1.14176E-2
+6.79770E+0	+2.31898E-1	+5.41261E-2	+1.22248E-2
+6.81250E+0	+2.45676E-1	+6.44257E-2	+1.30495E-2
+6.82720E+0	+2.59313E-1	+5.19898E-2	+1.38505E-2
+6.84200E+0	+2.72990E-1	+4.81751E-2	+1.46711E-2
+6.85670E+0	+2.86521E-1	+4.84803E-2	+1.54473E-2
+6.87140E+0	+2.99995E-1	+5.06165E-2	+1.62291E-2
+6.88620E+0	+3.13500E-1	+6.00007E-2	+1.70293E-2
+6.90090E+0	+3.26851E-1	+6.18317E-2	+1.78127E-2
+6.91570E+0	+3.40228E-1	+5.01588E-2	+1.86051E-2
+6.93040E+0	+3.53446E-1	+4.64204E-2	+1.93716E-2
+6.94520E+0	+3.66684E-1	+5.42786E-2	+2.01402E-2
+6.95990E+0	+3.79759E-1	+5.85511E-2	+2.08954E-2
+6.97470E+0	+3.92846E-1	+5.77882E-2	+2.16767E-2
+6.98940E+0	+4.05767E-1	+5.62623E-2	+2.24045E-2
+7.00420E+0	+4.18695E-1	+4.74122E-2	+2.31533E-2
+7.01890E+0	+4.31451E-1	+4.17664E-2	+2.38728E-2
+7.03370E+0	+4.44208E-1	+3.87147E-2	+2.46011E-2
+7.04840E+0	+4.56790E-1	+4.11561E-2	+2.53003E-2
+7.06310E+0	+4.69282E-1	+3.39845E-2	+2.60114E-2
+7.07790E+0	+4.81764E-1	+3.93250E-2	+2.67125E-2
+7.09260E+0	+4.94066E-1	+3.50526E-2	+2.74100E-2
+7.10740E+0	+5.06352E-1	+3.99354E-2	+2.80856E-2
+7.12210E+0	+5.18454E-1	+3.27638E-2	+2.87590E-2
+7.13690E+0	+5.30535E-1	+3.68836E-2	+2.94388E-2
+7.15160E+0	+5.42429E-1	+3.08564E-2	+3.01005E-2
+7.16640E+0	+5.54294E-1	+2.54395E-2	+3.07656E-2
+7.18110E+0	+5.65969E-1	+2.77284E-2	+3.14255E-2
+7.19590E+0	+5.77610E-1	+3.97065E-2	+3.20660E-2
+7.21060E+0	+5.89057E-1	+4.11561E-2	+3.27076E-2
+7.22530E+0	+6.00386E-1	+5.58045E-2	+3.33025E-2
+7.24010E+0	+6.11673E-1	+6.42732E-2	+3.38947E-2
+7.25480E+0	+6.22761E-1	+3.88673E-2	+3.44653E-2
+7.26960E+0	+6.33800E-1	+2.12434E-2	+3.50765E-2
+7.28430E+0	+6.44638E-1	+1.88783E-2	+3.56883E-2
+7.29910E+0	+6.55420E-1	+4.93958E-2	+3.62699E-2
+7.31380E+0	+6.65999E-1	+6.80116E-2	+3.67902E-2
+7.32860E+0	+6.76516E-1	+2.66602E-2	+3.73243E-2
+7.34330E+0	+6.86828E-1	+1.12489E-2	+3.79315E-2
+7.35810E+0	+6.97071E-1	+4.93195E-2	+3.84629E-2
+7.37280E+0	+7.07107E-1	+4.51234E-2	+3.89302E-2
+7.38750E+0	+7.17002E-1	+1.52161E-2	+3.94748E-2
+7.40230E+0	+7.26820E-1	+4.78700E-2	+3.99920E-2
+7.41700E+0	+7.36428E-1	+2.08619E-2	+4.04542E-2
+7.43180E+0	+7.45952E-1	+3.03223E-2	+4.09861E-2
+7.44650E+0	+7.55264E-1	+3.81806E-2	+4.14242E-2
+7.46130E+0	+7.64488E-1	+2.59736E-2	+4.19183E-2
+7.47600E+0	+7.73497E-1	+3.39082E-2	+4.23498E-2
+7.49080E+0	+7.82412E-1	+2.84913E-2	+4.28385E-2
+7.50550E+0	+7.91111E-1	+2.79572E-2	+4.32352E-2
+7.52030E+0	+7.99710E-1	+3.91724E-2	+4.36729E-2
+7.53500E+0	+8.08092E-1	+2.00227E-2	+4.40868E-2
+7.54970E+0	+8.16313E-1	+3.15431E-2	+4.44741E-2
+7.56450E+0	+8.24427E-1	+3.01698E-2	+4.48824E-2
+7.57920E+0	+8.32321E-1	+1.56739E-2	+4.52728E-2
+7.59400E+0	+8.40102E-1	+2.80335E-2	+4.56319E-2
+7.60870E+0	+8.47663E-1	+3.26112E-2	+4.59970E-2
+7.62350E+0	+8.55105E-1	+3.00172E-2	+4.63726E-2
+7.63820E+0	+8.62327E-1	+2.17011E-2	+4.66998E-2
+7.65300E+0	+8.69425E-1	+1.94886E-2	+4.70402E-2
+7.66770E+0	+8.76301E-1	+1.53687E-2	+4.73719E-2
+7.68250E+0	+8.83049E-1	+1.94123E-2	+4.76883E-2
+7.69720E+0	+8.89574E-1	+2.33033E-2	+4.79776E-2
+7.71190E+0	+8.95924E-1	+1.75050E-2	+4.82823E-2
+7.72670E+0	+9.02136E-1	+1.90308E-2	+4.85722E-2
+7.74140E+0	+9.08127E-1	+1.68183E-2	+4.88559E-2
+7.75620E+0	+9.13976E-1	+2.04041E-2	+4.91186E-2
+7.77090E+0	+9.19604E-1	+1.43006E-2	+4.93822E-2
+7.78570E+0	+9.25086E-1	+1.86471E-3	+4.96422E-2
+7.80040E+0	+9.30346E-1	+1.68183E-2	+4.98945E-2
+7.81520E+0	+9.35455E-1	+1.82679E-2	+5.01198E-2
+7.82990E+0	+9.40343E-1	+1.22407E-2	+5.03395E-2
+7.84470E+0	+9.45076E-1	+1.58265E-2	+5.05574E-2
+7.85940E+0	+9.49588E-1	+5.75570E-3	+5.07482E-2
+7.87420E+0	+9.53941E-1	+6.36605E-3	+5.09621E-2
+7.88890E+0	+9.58074E-1	+9.26522E-3	+5.11443E-2
+7.90360E+0	+9.62017E-1	+1.54450E-2	+5.13071E-2
+7.91840E+0	+9.65793E-1	+8.50228E-3	+5.14960E-2
+7.93310E+0	+9.69352E-1	-1.56852E-3	+5.16514E-2
+7.94790E+0	+9.72740E-1	+1.71998E-2	+5.18129E-2
+7.96260E+0	+9.75912E-1	+2.33796E-2	+5.19551E-2
+7.97740E+0	+9.78909E-1	+1.83442E-2	+5.20967E-2
+7.99210E+0	+9.81691E-1	+1.68183E-2	+5.21986E-2
+8.00690E+0	+9.84295E-1	+1.19355E-2	+5.23205E-2
+8.02160E+0	+9.86685E-1	+3.39058E-3	+5.24324E-2
+8.03640E+0	+9.88893E-1	+8.19710E-3	+5.25356E-2
+8.05110E+0	+9.90890E-1	+2.35322E-2	+5.26100E-2
+8.06580E+0	+9.92689E-1	-1.15630E-2	+5.27100E-2
+8.08060E+0	+9.94302E-1	+3.38826E-4	+5.27576E-2
+8.09530E+0	+9.95706E-1	-5.45951E-3	+5.28256E-2
+8.11010E+0	+9.96919E-1	+1.69709E-2	+5.28754E-2
+8.12480E+0	+9.97925E-1	-3.01811E-3	+5.29100E-2
+8.13960E+0	+9.98738E-1	+8.19710E-3	+5.29604E-2
+8.15430E+0	+9.99347E-1	+6.36605E-3	+5.29778E-2
+8.16910E+0	+9.99759E-1	-5.23063E-3	+5.29791E-2
+8.18380E+0	+9.99969E-1	-6.68022E-3	+5.30175E-2
+8.19860E+0	+9.99980E-1	-6.52995E-4	+5.30238E-2
+8.21330E+0	+9.99791E-1	-7.21427E-3	+5.29940E-2
+8.22800E+0	+9.99404E-1	-4.92546E-3	+5.30060E-2
+8.24280E+0	+9.98814E-1	+1.25435E-3	+5.29972E-2
+8.25750E+0	+9.98029E-1	+1.50636E-2	+5.29733E-2
+8.27230E+0	+9.97038E-1	-6.45133E-3	+5.29503E-2
+8.28700E+0	+9.95855E-1	-1.59118E-2	+5.29405E-2
+8.30180E+0	+9.94464E-1	+4.15352E-3	+5.29106E-2
+8.31650E+0	+9.92885E-1	-1.39281E-2	+5.28666E-2
+8.33130E+0	+9.91095E-1	+6.67122E-3	+5.28331E-2
+8.34600E+0	+9.89120E-1	-1.40044E-2	+5.28225E-2
+8.36080E+0	+9.86933E-1	+3.99354E-2	+5.27474E-2
+8.37550E+0	+9.84564E-1	+7.28158E-3	+5.26853E-2
+8.39020E+0	+9.82000E-1	-1.09527E-2	+5.26591E-2
+8.40500E+0	+9.79221E-1	+7.12899E-3	+5.25827E-2
+8.41970E+0	+9.76266E-1	-4.26433E-5	+5.25189E-2
+8.43450E+0	+9.73095E-1	+2.32247E-3	+5.24339E-2
+8.44920E+0	+9.69751E-1	-2.94181E-3	+5.23536E-2
+8.46400E+0	+9.66190E-1	-6.29875E-3	+5.22715E-2
+8.47870E+0	+9.62460E-1	-7.97721E-3	+5.21473E-2
+8.49350E+0	+9.58512E-1	+4.15120E-4	+5.20547E-2
+8.50820E+0	+9.54400E-1	-3.93363E-3	+5.19361E-2
+8.52300E+0	+9.50068E-1	-2.94181E-3	+5.18111E-2
+8.53770E+0	+9.45576E-1	-9.12162E-3	+5.16823E-2
+8.55240E+0	+9.40896E-1	-1.53777E-2	+5.15397E-2
+8.56720E+0	+9.35996E-1	-9.04533E-3	+5.13831E-2
+8.58190E+0	+9.30942E-1	-7.21427E-3	+5.12323E-2
+8.59670E+0	+9.25667E-1	-1.24786E-2	+5.10525E-2
+8.61140E+0	+9.20243E-1	-1.43859E-2	+5.08899E-2
+8.62620E+0	+9.14598E-1	-1.68273E-2	+5.07039E-2
+8.64090E+0	+9.08808E-1	-1.02660E-2	+5.05106E-2
+8.65570E+0	+9.02797E-1	-8.43498E-3	+5.03098E-2
+8.67040E+0	+8.96646E-1	-5.53581E-3	+5.00878E-2
+8.68520E+0	+8.90274E-1	-7.97721E-3	+4.98645E-2
+8.69990E+0	+8.83767E-1	-3.70475E-3	+4.96386E-2
+8.71460E+0	+8.77085E-1	-1.43859E-2	+4.94026E-2
+8.72940E+0	+8.70181E-1	-1.72088E-2	+4.91395E-2
+8.74410E+0	+8.63151E-1	-1.95739E-2	+4.88634E-2
+8.75890E+0	+8.55900E-1	-1.45385E-2	+4.85957E-2
+8.77360E+0	+8.48526E-1	-2.69744E-2	+4.83069E-2
+8.78840E+0	+8.40933E-1	-2.85766E-2	+4.80029E-2
+8.80310E+0	+8.33223E-1	-2.52196E-2	+4.77068E-2
+8.81790E+0	+8.25294E-1	-2.04894E-2	+4.73924E-2
+8.83260E+0	+8.17253E-1	-2.78136E-2	+4.70557E-2
+8.84740E+0	+8.08994E-1	-2.06420E-2	+4.67130E-2
+8.86210E+0	+8.00630E-1	-1.78954E-2	+4.63725E-2
+8.87690E+0	+7.92048E-1	-2.76611E-2	+4.59987E-2
+8.89160E+0	+7.83366E-1	-1.94976E-2	+4.56326E-2
+8.90630E+0	+7.74529E-1	-3.55956E-2	+4.52409E-2
+8.92110E+0	+7.65476E-1	-2.20153E-2	+4.48271E-2
+8.93580E+0	+7.56331E-1	-3.23913E-2	+4.44370E-2
+8.95060E+0	+7.46973E-1	-1.98028E-2	+4.40043E-2
+8.96530E+0	+7.37529E-1	-3.59008E-2	+4.35682E-2
+8.98010E+0	+7.27873E-1	-1.83532E-2	+4.31278E-2
+8.99480E+0	+7.18137E-1	-4.00970E-2	+4.26545E-2
+9.00960E+0	+7.08191E-1	-3.97155E-2	+4.22358E-2
+9.02430E+0	+6.98170E-1	-2.04131E-2	+4.17306E-2
+9.03910E+0	+6.87942E-1	-4.33013E-2	+4.12482E-2
+9.05380E+0	+6.77645E-1	-3.47564E-2	+4.07855E-2
+9.06850E+0	+6.67214E-1	-1.34704E-2	+4.02392E-2
+9.08330E+0	+6.56578E-1	-5.60424E-2	+3.97037E-2
+9.09800E+0	+6.45883E-1	-5.61187E-2	+3.92349E-2
+9.11280E+0	+6.34986E-1	-1.92687E-2	+3.87140E-2
+9.12750E+0	+6.24036E-1	-1.07238E-2	+3.80984E-2
+9.14230E+0	+6.12886E-1	-4.69634E-2	+3.75300E-2
+9.15700E+0	+6.01689E-1	-6.81731E-2	+3.70014E-2
+9.17180E+0	+5.90295E-1	-4.76501E-2	+3.64647E-2
+9.18650E+0	+5.78861E-1	-2.10998E-2	+3.58659E-2
+9.20130E+0	+5.67233E-1	-1.23260E-2	+3.52314E-2
+9.21600E+0	+5.55570E-1	-2.25494E-2	+3.46054E-2
+9.23070E+0	+5.43797E-1	-3.54430E-2	+3.39872E-2
+9.24550E+0	+5.31835E-1	-3.66637E-2	+3.33507E-2
+9.26020E+0	+5.19847E-1	-4.10888E-2	+3.27119E-2
+9.27500E+0	+5.07674E-1	-4.33776E-2	+3.20602E-2
+9.28970E+0	+4.95482E-1	-4.37591E-2	+3.14115E-2
+9.30450E+0	+4.83107E-1	-4.45983E-2	+3.07467E-2
+9.31920E+0	+4.70720E-1	-4.36828E-2	+3.00664E-2
+9.33400E+0	+4.58154E-1	-4.20043E-2	+2.93783E-2
+9.34870E+0	+4.45582E-1	-4.44457E-2	+2.86910E-2
+9.36350E+0	+4.32835E-1	-3.88763E-2	+2.79850E-2
+9.37820E+0	+4.20087E-1	-3.74267E-2	+2.72768E-2
+9.39290E+0	+4.07256E-1	-4.60479E-2	+2.65606E-2
+9.40770E+0	+3.94256E-1	-4.68871E-2	+2.58359E-2
+9.42240E+0	+3.81266E-1	-5.88653E-2	+2.50831E-2
+9.43720E+0	+3.68110E-1	-5.65002E-2	+2.43217E-2
+9.45190E+0	+3.54970E-1	-4.81078E-2	+2.35544E-2
+9.46670E+0	+3.41670E-1	-4.96337E-2	+2.27915E-2
+9.48140E+0	+3.28391E-1	-4.67345E-2	+2.20173E-2
+9.49620E+0	+3.14956E-1	-6.32140E-2	+2.12303E-2
+9.51090E+0	+3.01549E-1	-5.98571E-2	+2.04365E-2
+9.52570E+0	+2.87990E-1	-5.81786E-2	+1.96315E-2
+9.54040E+0	+2.74466E-1	-5.10070E-2	+1.88431E-2
+9.55510E+0	+2.60887E-1	-4.35302E-2	+1.80436E-2
+9.56990E+0	+2.47163E-1	-5.92467E-2	+1.72375E-2
+9.58460E+0	+2.33483E-1	-6.19933E-2	+1.64251E-2
+9.59940E+0	+2.19662E-1	-4.75738E-2	+1.56054E-2
+9.61410E+0	+2.05892E-1	-5.93993E-2	+1.47867E-2
+9.62890E+0	+1.91986E-1	-7.11486E-2	+1.39712E-2
+9.64360E+0	+1.78136E-1	-5.64239E-2	+1.31218E-2
+9.65840E+0	+1.64157E-1	-4.58953E-2	+1.22988E-2
+9.67310E+0	+1.50238E-1	-5.61950E-2	+1.14759E-2
+9.68790E+0	+1.36196E-1	-5.56609E-2	+1.06367E-2
+9.70260E+0	+1.22220E-1	-5.57372E-2	+9.78393E-3
+9.71740E+0	+1.08126E-1	-5.95519E-2	+8.95269E-3
+9.73210E+0	+9.41045E-2	-6.48925E-2	+8.11039E-3
+9.74680E+0	+8.00647E-2	-5.68816E-2	+7.25536E-3
+9.76160E+0	+6.59134E-2	-4.58190E-2	+6.41732E-3
+9.77630E+0	+5.18445E-2	-6.15356E-2	+5.58711E-3
+9.79110E+0	+3.76695E-2	-6.11541E-2	+4.72476E-3
+9.80580E+0	+2.35828E-2	-4.99389E-2	+3.88761E-3
+9.82060E+0	+9.39549E-3	-6.44347E-2	+3.02963E-3
+9.83530E+0	-4.69780E-3	-5.36010E-2	+2.19002E-3
+9.85010E+0	-1.88860E-2	-5.46691E-2	+1.32481E-3
+9.86480E+0	-3.29746E-2	-5.48217E-2	+4.94857E-4
+9.87960E+0	-4.71524E-2	-5.72631E-2	-3.65492E-4
+9.89430E+0	-6.12250E-2	-6.02386E-2	-1.21979E-3
+9.90900E+0	-7.52855E-2	-5.69579E-2	-2.05212E-3
+9.92380E+0	-8.94265E-2	-6.02386E-2	-2.91237E-3
+9.93850E+0	-1.03454E-1	-5.72631E-2	-3.74282E-3
+9.95330E+0	-1.17556E-1	-4.90234E-2	-4.57090E-3
+9.96800E+0	-1.31540E-1	-5.96282E-2	-5.40660E-3
+9.98280E+0	-1.45592E-1	-5.60424E-2	-6.23163E-3
+9.99750E+0	-1.59521E-1	-5.40588E-2	-7.06310E-3
+1.00123E+1	-1.73512E-1	-6.58080E-2	-7.87841E-3
+1.00270E+1	-1.87374E-1	-4.94048E-2	-8.70708E-3
+1.00418E+1	-2.01292E-1	-5.45165E-2	-9.53050E-3
+1.00565E+1	-2.15077E-1	-4.78027E-2	-1.03157E-2
+1.00712E+1	-2.28819E-1	-5.24566E-2	-1.11253E-2
+1.00860E+1	-2.42608E-1	-5.76446E-2	-1.19392E-2
+1.01007E+1	-2.56256E-1	-5.65002E-2	-1.27422E-2
+1.01155E+1	-2.69945E-1	-4.73449E-2	-1.35180E-2
+1.01302E+1	-2.83488E-1	-5.61950E-2	-1.43181E-2
+1.01450E+1	-2.97066E-1	-6.32140E-2	-1.51021E-2
+1.01597E+1	-3.10494E-1	-5.02441E-2	-1.58840E-2
+1.01745E+1	-3.23950E-1	-4.20043E-2	-1.66589E-2
+1.01892E+1	-3.37251E-1	-4.69634E-2	-1.73991E-2
+1.02040E+1	-3.50575E-1	-4.95574E-2	-1.81616E-2
+1.02187E+1	-3.63738E-1	-5.68053E-2	-1.89252E-2
+1.02334E+1	-3.76830E-1	-5.77209E-2	-1.96612E-2
+1.02482E+1	-3.89935E-1	-4.40642E-2	-2.03953E-2
+1.02629E+1	-4.02873E-1	-4.90234E-2	-2.11444E-2
+1.02777E+1	-4.15819E-1	-4.16991E-2	-2.18613E-2
+1.02924E+1	-4.28595E-1	-4.52850E-2	-2.25909E-2
+1.03072E+1	-4.41371E-1	-5.13885E-2	-2.32913E-2
+1.03219E+1	-4.53973E-1	-4.50561E-2	-2.40076E-2
+1.03367E+1	-4.66570E-1	-5.93993E-2	-2.47203E-2
+1.03514E+1	-4.78989E-1	-5.33721E-2	-2.53959E-2
+1.03662E+1	-4.91396E-1	-6.33666E-2	-2.60800E-2
+1.03809E+1	-5.03621E-1	-5.83312E-2	-2.67564E-2
+1.03956E+1	-5.15746E-1	-5.71105E-2	-2.74297E-2
+1.04104E+1	-5.27851E-1	-5.71868E-2	-2.80853E-2
+1.04251E+1	-5.39768E-1	-5.72631E-2	-2.87234E-2
+1.04399E+1	-5.51658E-1	-5.16936E-2	-2.93685E-2
+1.04546E+1	-5.63358E-1	-4.42931E-2	-2.99932E-2
+1.04694E+1	-5.75024E-1	-3.35357E-2	-3.06225E-2
+1.04841E+1	-5.86497E-1	-2.59826E-2	-3.12257E-2
+1.04989E+1	-5.97930E-1	-2.79662E-2	-3.18670E-2
+1.05136E+1	-6.09167E-1	-3.43749E-2	-3.24734E-2
+1.05284E+1	-6.20358E-1	-5.65765E-2	-3.30755E-2
+1.05431E+1	-6.31350E-1	-5.77972E-2	-3.36091E-2
+1.05578E+1	-6.42216E-1	-3.78081E-2	-3.41685E-2
+1.05726E+1	-6.53028E-1	-1.20971E-2	-3.47589E-2
+1.05873E+1	-6.63636E-1	-2.25494E-2	-3.53551E-2
+1.06021E+1	-6.74183E-1	-6.29089E-2	-3.58804E-2
+1.06168E+1	-6.84525E-1	-4.34539E-2	-3.63308E-2
+1.06316E+1	-6.94799E-1	-4.23881E-3	-3.69011E-2
+1.06463E+1	-7.04866E-1	-3.97918E-2	-3.74563E-2
+1.06611E+1	-7.14860E-1	-5.61187E-2	-3.79141E-2
+1.06758E+1	-7.24644E-1	-8.28239E-3	-3.84178E-2
+1.06906E+1	-7.34349E-1	-4.40642E-2	-3.89294E-2
+1.07053E+1	-7.43842E-1	-2.95684E-2	-3.93684E-2
+1.07201E+1	-7.53250E-1	-2.77373E-2	-3.98708E-2
+1.07348E+1	-7.62444E-1	-3.07128E-2	-4.02937E-2
+1.07495E+1	-7.71488E-1	-3.14757E-2	-4.07737E-2
+1.07643E+1	-7.80438E-1	-3.00262E-2	-4.11713E-2
+1.07790E+1	-7.89172E-1	-3.04076E-2	-4.16324E-2
+1.07938E+1	-7.97806E-1	-1.79717E-2	-4.20389E-2
+1.08085E+1	-8.06224E-1	-2.96447E-2	-4.24400E-2
+1.08233E+1	-8.14537E-1	-1.61407E-2	-4.28659E-2
+1.08380E+1	-8.22632E-1	-1.76665E-2	-4.32471E-2
+1.08528E+1	-8.30616E-1	-2.75085E-2	-4.36227E-2
+1.08675E+1	-8.38382E-1	-1.85058E-2	-4.40176E-2
+1.08823E+1	-8.46031E-1	-1.86584E-2	-4.43891E-2
+1.08970E+1	-8.53461E-1	-2.17101E-2	-4.47202E-2
+1.09117E+1	-8.60721E-1	-3.77319E-2	-4.50766E-2
+1.09265E+1	-8.67857E-1	-2.61352E-2	-4.54052E-2
+1.09412E+1	-8.74773E-1	-1.41570E-2	-4.57239E-2
+1.09560E+1	-8.81559E-1	-1.59118E-2	-4.60495E-2
+1.09707E+1	-8.88125E-1	-2.56774E-2	-4.63591E-2
+1.09855E+1	-8.94557E-1	-1.89635E-2	-4.66592E-2
+1.10002E+1	-9.00767E-1	-1.46911E-2	-4.69471E-2
+1.10150E+1	-9.06838E-1	-1.77428E-2	-4.72290E-2
+1.10297E+1	-9.12688E-1	-2.01842E-2	-4.75008E-2
+1.10445E+1	-9.18395E-1	-2.06420E-2	-4.77598E-2
+1.10592E+1	-9.23880E-1	-2.85766E-2	-4.79958E-2
+1.10739E+1	-9.29181E-1	-2.83477E-2	-4.82305E-2
+1.10887E+1	-9.34332E-1	-9.04533E-3	-4.84747E-2
+1.11034E+1	-9.39262E-1	-1.92687E-2	-4.87020E-2
+1.11182E+1	-9.44037E-1	-8.96903E-3	-4.89198E-2
+1.11329E+1	-9.48592E-1	-8.89274E-3	-4.91330E-2
+1.11477E+1	-9.52987E-1	-2.01080E-2	-4.93127E-2
+1.11624E+1	-9.57163E-1	-1.12579E-2	-4.95053E-2
+1.11772E+1	-9.61175E-1	-7.06169E-3	-4.96924E-2
+1.11919E+1	-9.64968E-1	-1.57592E-2	-4.98530E-2
+1.12067E+1	-9.68594E-1	+1.02547E-3	-5.00084E-2
+1.12214E+1	-9.72002E-1	-1.45385E-2	-5.01684E-2
+1.12361E+1	-9.75217E-1	-1.99554E-2	-5.03088E-2
+1.12509E+1	-9.78258E-1	-1.69036E-2	-5.04543E-2
+1.12656E+1	-9.81083E-1	-2.60589E-2	-5.05702E-2
+1.12804E+1	-9.83731E-1	-5.15434E-3	-5.06913E-2
+1.12951E+1	-9.86165E-1	+3.08541E-3	-5.08088E-2
+1.13099E+1	-9.88418E-1	+2.09359E-3	-5.08960E-2
+1.13246E+1	-9.90459E-1	-1.18937E-4	-5.10248E-2
+1.13394E+1	-9.92314E-1	-1.68273E-2	-5.10905E-2
+1.13541E+1	-9.93960E-1	-8.12980E-3	-5.11943E-2
+1.13689E+1	-9.95417E-1	-1.27074E-2	-5.12301E-2
+1.13836E+1	-9.96666E-1	-8.20610E-3	-5.12899E-2
+1.13983E+1	-9.97717E-1	-1.97265E-2	-5.13504E-2
+1.14131E+1	-9.98574E-1	+7.12899E-3	-5.13775E-2
+1.14278E+1	-9.99228E-1	+2.55135E-3	-5.14360E-2
+1.14426E+1	-9.99685E-1	-6.75651E-3	-5.14309E-2
+1.14573E+1	-9.99939E-1	-6.14616E-3	-5.14529E-2
+1.14721E+1	-9.99995E-1	-5.00407E-4	-5.14525E-2
+1.14868E+1	-9.99851E-1	+3.69576E-3	-5.14593E-2
+1.15016E+1	-9.99506E-1	+1.25435E-3	-5.14450E-2
+1.15163E+1	-9.98963E-1	+8.04451E-3	-5.14276E-2
+1.15311E+1	-9.98217E-1	+1.46058E-2	-5.14382E-2
+1.15458E+1	-9.97276E-1	-1.76665E-2	-5.14234E-2
+1.15606E+1	-9.96129E-1	+3.46688E-3	-5.13921E-2
+1.15753E+1	-9.94792E-1	+6.06087E-3	-5.13892E-2
+1.15900E+1	-9.93256E-1	-9.04533E-3	-5.13685E-2
+1.16048E+1	-9.91511E-1	+5.60311E-3	-5.13391E-2
+1.16195E+1	-9.89581E-1	+8.42598E-3	-5.12656E-2
+1.16343E+1	-9.87438E-1	+3.62733E-2	-5.12666E-2
+1.16490E+1	-9.85113E-1	-8.28239E-3	-5.12193E-2
+1.16638E+1	-9.82575E-1	+1.26222E-2	-5.11444E-2
+1.16785E+1	-9.79858E-1	-3.32328E-3	-5.10999E-2
+1.16933E+1	-9.76926E-1	-4.00993E-3	-5.10288E-2
+1.17080E+1	-9.73819E-1	-1.79740E-3	-5.09565E-2
+1.17228E+1	-9.70495E-1	+3.46688E-3	-5.08906E-2
+1.17375E+1	-9.67001E-1	+4.84017E-3	-5.08149E-2
+1.17522E+1	-9.63314E-1	+9.11263E-3	-5.07028E-2
+1.17670E+1	-9.59409E-1	-5.53581E-3	-5.06242E-2
+1.17817E+1	-9.55340E-1	+8.96004E-3	-5.05054E-2
+1.17965E+1	-9.51051E-1	+3.61947E-3	-5.03904E-2
+1.18112E+1	-9.46601E-1	+8.96004E-3	-5.02753E-2
+1.18260E+1	-9.41931E-1	+1.70472E-2	-5.01492E-2
+1.18407E+1	-9.37105E-1	+1.39191E-2	-4.99949E-2
+1.18555E+1	-9.32058E-1	+5.14534E-3	-4.98508E-2
+1.18702E+1	-9.26859E-1	+1.39954E-2	-4.96864E-2
+1.18850E+1	-9.21440E-1	+4.15120E-4	-4.95325E-2
+1.18997E+1	-9.15873E-1	+2.39876E-3	-4.93630E-2
+1.19144E+1	-9.10124E-1	+1.74287E-2	-4.91816E-2
+1.19292E+1	-9.04153E-1	+2.13197E-2	-4.89826E-2
+1.19439E+1	-8.98043E-1	+2.17774E-2	-4.87781E-2
+1.19587E+1	-8.91711E-1	+2.28455E-2	-4.85594E-2
+1.19734E+1	-8.85243E-1	+2.19300E-2	-4.83354E-2
+1.19882E+1	-8.78555E-1	+2.07856E-2	-4.80894E-2
+1.20029E+1	-8.71736E-1	+1.55213E-2	-4.78633E-2
+1.20177E+1	-8.64696E-1	+1.07911E-2	-4.76192E-2
+1.20324E+1	-8.57531E-1	+1.85731E-2	-4.73570E-2
+1.20472E+1	-8.50146E-1	+1.99464E-2	-4.70818E-2
+1.20619E+1	-8.42641E-1	+2.67365E-2	-4.67911E-2
+1.20766E+1	-8.34968E-1	+2.11671E-2	-4.64949E-2
+1.20914E+1	-8.27076E-1	+1.84205E-2	-4.61871E-2
+1.21061E+1	-8.19073E-1	+2.25404E-2	-4.58743E-2
+1.21209E+1	-8.10850E-1	+1.94123E-2	-4.55298E-2
+1.21356E+1	-8.02522E-1	+1.15540E-2	-4.51893E-2
+1.21504E+1	-7.93975E-1	+2.31507E-2	-4.48317E-2
+1.21651E+1	-7.85329E-1	+1.30799E-2	-4.44626E-2
+1.21799E+1	-7.76466E-1	+2.65076E-2	-4.40987E-2
+1.21946E+1	-7.67508E-1	+2.68128E-2	-4.37076E-2
+1.22094E+1	-7.58335E-1	+3.24586E-2	-4.33309E-2
+1.22241E+1	-7.49073E-1	+1.89545E-2	-4.29079E-2
+1.22388E+1	-7.39662E-1	+3.20771E-2	-4.25126E-2
+1.22536E+1	-7.30039E-1	+2.00990E-2	-4.20538E-2
+1.22683E+1	-7.20335E-1	+4.26057E-2	-4.16289E-2
+1.22831E+1	-7.10421E-1	+2.39899E-2	-4.11951E-2
+1.22978E+1	-7.00432E-1	+2.91016E-2	-4.06977E-2
+1.23126E+1	-6.90235E-1	+5.13795E-2	-4.02512E-2
+1.23273E+1	-6.79969E-1	+1.27747E-2	-3.97717E-2
+1.23421E+1	-6.69496E-1	+1.93360E-2	-3.92274E-2
+1.23568E+1	-6.58961E-1	+6.01533E-2	-3.87534E-2
+1.23716E+1	-6.48222E-1	+3.29926E-2	-3.82777E-2
+1.23863E+1	-6.37427E-1	+6.13717E-3	-3.77098E-2
+1.24010E+1	-6.26505E-1	+4.17664E-2	-3.71335E-2
+1.24158E+1	-6.15383E-1	+7.12159E-2	-3.66227E-2
+1.24305E+1	-6.04213E-1	+4.84803E-2	-3.61067E-2
+1.24453E+1	-5.92846E-1	+1.47584E-2	-3.55160E-2
+1.24600E+1	-5.81438E-1	+6.13717E-3	-3.48905E-2
+1.24748E+1	-5.69836E-1	+3.01698E-2	-3.42913E-2
+1.24895E+1	-5.58198E-1	+4.74122E-2	-3.36963E-2
+1.25043E+1	-5.46369E-1	+5.59571E-2	-3.31076E-2
+1.25190E+1	-5.34512E-1	+5.61097E-2	-3.24774E-2
+1.25338E+1	-5.22466E-1	+5.83985E-2	-3.18597E-2
+1.25485E+1	-5.10397E-1	+5.94666E-2	-3.12226E-2
+1.25633E+1	-4.98145E-1	+5.71778E-2	-3.05707E-2
+1.25780E+1	-4.85875E-1	+5.48127E-2	-2.98986E-2
+1.25927E+1	-4.73509E-1	+6.40443E-2	-2.92536E-2
+1.26075E+1	-4.60964E-1	+5.03877E-2	-2.85623E-2
+1.26222E+1	-4.48412E-1	+5.03877E-2	-2.78728E-2
+1.26370E+1	-4.35684E-1	+3.76466E-2	-2.71536E-2
+1.26517E+1	-4.22956E-1	+4.28346E-2	-2.64680E-2
+1.26665E+1	-4.10056E-1	+3.53577E-2	-2.57477E-2
+1.26812E+1	-3.97162E-1	+3.99354E-2	-2.50265E-2
+1.26960E+1	-3.84100E-1	+4.46656E-2	-2.42938E-2
+1.27107E+1	-3.71050E-1	+4.97010E-2	-2.35627E-2
+1.27255E+1	-3.57837E-1	+6.10688E-2	-2.28027E-2
+1.27402E+1	-3.44641E-1	+5.86274E-2	-2.20350E-2
+1.27549E+1	-3.31378E-1	+5.14558E-2	-2.12636E-2
+1.27697E+1	-3.17957E-1	+5.30579E-2	-2.04980E-2
+1.27844E+1	-3.04564E-1	+5.12269E-2	-1.97187E-2
+1.27992E+1	-2.91019E-1	+5.74830E-2	-1.89038E-2
+1.28139E+1	-2.77507E-1	+5.41261E-2	-1.81281E-2
+1.28287E+1	-2.63847E-1	+4.10798E-2	-1.73161E-2
+1.28434E+1	-2.50227E-1	+5.45838E-2	-1.65282E-2
+1.28582E+1	-2.36465E-1	+5.74067E-2	-1.57171E-2
+1.28729E+1	-2.22748E-1	+5.51942E-2	-1.48791E-2
+1.28877E+1	-2.08893E-1	+5.45075E-2	-1.40398E-2
+1.29024E+1	-1.95090E-1	+5.43549E-2	-1.32139E-2
+1.29171E+1	-1.81249E-1	+5.58045E-2	-1.24074E-2
+1.29319E+1	-1.67277E-1	+4.73359E-2	-1.15410E-2
+1.29466E+1	-1.53366E-1	+5.45838E-2	-1.07444E-2
+1.29614E+1	-1.39329E-1	+5.09217E-2	-9.90573E-3
+1.29761E+1	-1.25360E-1	+6.52650E-2	-9.05430E-3
+1.29909E+1	-1.11270E-1	+5.92378E-2	-8.20168E-3
+1.30056E+1	-9.72538E-2	+5.38972E-2	-7.34877E-3
+1.30204E+1	-8.31224E-2	+6.46546E-2	-6.50845E-3
+1.30351E+1	-6.90700E-2	+5.08454E-2	-5.65489E-3
+1.30499E+1	-5.49081E-2	+5.16084E-2	-4.81912E-3
+1.30646E+1	-4.08309E-2	+6.08399E-2	-3.97309E-3
+1.30793E+1	-2.67456E-2	+6.27473E-2	-3.10019E-3
+1.30941E+1	-1.25591E-2	+5.20661E-2	-2.23325E-3
+1.31088E+1	+1.53398E-3	+6.38917E-2	-1.35786E-3
+1.31236E+1	+1.57227E-2	+5.80170E-2	-5.45754E-4
+1.31383E+1	+2.98123E-2	+4.51234E-2	+3.11174E-4
+1.31531E+1	+4.39919E-2	+5.87037E-2	+1.16401E-3
+1.31678E+1	+5.80668E-2	+6.86219E-2	+2.01641E-3
+1.31826E+1	+7.22259E-2	+5.58045E-2	+2.88149E-3
+1.31973E+1	+8.62749E-2	+5.82459E-2	+3.73241E-3
+1.32121E+1	+1.00402E-1	+5.96955E-2	+4.59860E-3
+1.32268E+1	+1.14414E-1	+5.32868E-2	+5.42619E-3
+1.32415E+1	+1.28403E-1	+5.03114E-2	+6.25288E-3
+1.32563E+1	+1.42461E-1	+5.82459E-2	+7.09594E-3
+1.32710E+1	+1.56397E-1	+6.00770E-2	+7.95157E-3
+1.32858E+1	+1.70395E-1	+5.27528E-2	+8.78465E-3
+1.33005E+1	+1.84265E-1	+6.22132E-2	+9.62152E-3
+1.33153E+1	+1.98192E-1	+6.35102E-2	+1.04601E-2
+1.33300E+1	+2.11986E-1	+4.67255E-2	+1.12707E-2
+1.33448E+1	+2.25831E-1	+4.74122E-2	+1.20835E-2
+1.33595E+1	+2.39538E-1	+6.02296E-2	+1.28919E-2
+1.33743E+1	+2.53289E-1	+6.26710E-2	+1.37103E-2
+1.33890E+1	+2.66898E-1	+5.03114E-2	+1.45221E-2
+1.34038E+1	+2.80545E-1	+4.89381E-2	+1.53250E-2
+1.34185E+1	+2.94044E-1	+5.65675E-2	+1.61252E-2
+1.34332E+1	+3.07485E-1	+6.05347E-2	+1.69038E-2
+1.34480E+1	+3.20955E-1	+4.86329E-2	+1.77058E-2
+1.34627E+1	+3.34271E-1	+4.82514E-2	+1.84766E-2
+1.34775E+1	+3.47610E-1	+4.02406E-2	+1.92476E-2
+1.34922E+1	+3.60789E-1	+5.21424E-2	+2.00069E-2
+1.35070E+1	+3.73986E-1	+5.82459E-2	+2.07722E-2
+1.35217E+1	+3.87019E-1	+5.86274E-2	+2.15490E-2
+1.35365E+1	+4.00064E-1	+5.77882E-2	+2.23053E-2
+1.35512E+1	+4.12940E-1	+5.10743E-2	+2.30359E-2
+1.35660E+1	+4.25821E-1	+4.48945E-2	+2.37732E-2
+1.35807E+1	+4.38530E-1	+4.71833E-2	+2.44945E-2
+1.35954E+1	+4.51152E-1	+3.74940E-2	+2.52129E-2
+1.36102E+1	+4.63770E-1	+4.72596E-2	+2.59166E-2
+1.36249E+1	+4.76209E-1	+4.06220E-2	+2.66226E-2
+1.36397E+1	+4.88638E-1	+4.15376E-2	+2.73286E-2
+1.36544E+1	+5.00885E-1	+4.42078E-2	+2.80049E-2
+1.36692E+1	+5.13116E-1	+4.72596E-2	+2.86912E-2
+1.36839E+1	+5.25161E-1	+4.27583E-2	+2.93532E-2
+1.36987E+1	+5.37183E-1	+4.07746E-2	+3.00326E-2
+1.37134E+1	+5.49016E-1	+3.39845E-2	+3.06870E-2
+1.37282E+1	+5.60820E-1	+3.26112E-2	+3.13450E-2
+1.37429E+1	+5.72433E-1	+2.72706E-2	+3.19973E-2
+1.37576E+1	+5.83931E-1	+3.86384E-2	+3.26395E-2
+1.37724E+1	+5.95391E-1	+3.68836E-2	+3.32593E-2
+1.37871E+1	+6.06655E-1	+5.73304E-2	+3.38619E-2
+1.38019E+1	+6.17873E-1	+6.27473E-2	+3.44405E-2
+1.38166E+1	+6.28893E-1	+4.00117E-2	+3.50138E-2
+1.38314E+1	+6.39862E-1	+1.20881E-2	+3.56231E-2
+1.38461E+1	+6.50628E-1	+2.28455E-2	+3.62358E-2
+1.38609E+1	+6.61338E-1	+5.48890E-2	+3.68241E-2
+1.38756E+1	+6.71843E-1	+6.31287E-2	+3.73175E-2
+1.38904E+1	+6.82285E-1	+2.22352E-2	+3.78712E-2
+1.39051E+1	+6.92520E-1	+2.32270E-2	+3.84532E-2
+1.39198E+1	+7.02618E-1	+5.63386E-2	+3.89601E-2
+1.39346E+1	+7.12644E-1	+3.04749E-2	+3.94386E-2
+1.39493E+1	+7.22460E-1	+2.37611E-2	+4.00082E-2
+1.39641E+1	+7.32197E-1	+5.26002E-2	+4.04806E-2
+1.39788E+1	+7.41723E-1	+1.98701E-2	+4.09567E-2
+1.39936E+1	+7.51165E-1	+3.76466E-2	+4.14620E-2
+1.40083E+1	+7.60394E-1	+2.20063E-2	+4.19121E-2
+1.40231E+1	+7.69532E-1	+3.29926E-2	+4.24031E-2
+1.40378E+1	+7.78456E-1	+2.89491E-2	+4.28325E-2
+1.40526E+1	+7.87284E-1	+4.08509E-2	+4.32829E-2
+1.40673E+1	+7.95895E-1	+2.69654E-2	+4.37054E-2
+1.40820E+1	+8.04348E-1	+2.94068E-2	+4.41096E-2
+1.40968E+1	+8.12698E-1	+2.46766E-2	+4.45414E-2
+1.41115E+1	+8.20829E-1	+2.49818E-2	+4.49319E-2
+1.41263E+1	+8.28850E-1	+2.97883E-2	+4.53144E-2
+1.41410E+1	+8.36653E-1	+2.34559E-2	+4.57035E-2
+1.41558E+1	+8.44340E-1	+1.50636E-2	+4.60728E-2
+1.41705E+1	+8.51808E-1	+1.97938E-2	+4.64251E-2
+1.41853E+1	+8.59155E-1	+3.00172E-2	+4.67773E-2
+1.42000E+1	+8.66281E-1	+2.89491E-2	+4.71197E-2
+1.42148E+1	+8.73282E-1	+2.20063E-2	+4.74607E-2
+1.42295E+1	+8.80061E-1	+1.70472E-2	+4.77907E-2
+1.42442E+1	+8.86666E-1	+1.84968E-2	+4.80809E-2
+1.42590E+1	+8.93138E-1	+1.04859E-2	+4.83841E-2
+1.42737E+1	+8.99388E-1	+2.25404E-2	+4.86734E-2
+1.42885E+1	+9.05500E-1	+1.86494E-2	+4.89600E-2
+1.43032E+1	+9.11391E-1	+1.67420E-2	+4.92291E-2
+1.43180E+1	+9.17138E-1	+1.68946E-2	+4.94986E-2
+1.43327E+1	+9.22664E-1	+1.26984E-2	+4.97494E-2
+1.43475E+1	+9.28043E-1	+1.52161E-2	+5.00201E-2
+1.43622E+1	+9.33200E-1	+2.10908E-2	+5.02480E-2
+1.43770E+1	+9.38205E-1	+2.13960E-2	+5.04602E-2
+1.43917E+1	+9.42989E-1	+1.55213E-2	+5.06831E-2
+1.44065E+1	+9.47616E-1	+1.80390E-2	+5.08957E-2
+1.44212E+1	+9.52024E-1	+1.68183E-2	+5.10948E-2
+1.44359E+1	+9.56242E-1	+1.55213E-2	+5.12785E-2
+1.44507E+1	+9.60297E-1	+9.11263E-3	+5.14661E-2
+1.44654E+1	+9.64133E-1	+1.21644E-2	+5.16414E-2
+1.44802E+1	+9.67802E-1	-1.03446E-3	+5.17945E-2
+1.44949E+1	+9.71253E-1	+1.36903E-2	+5.19617E-2
+1.45097E+1	+9.74533E-1	+1.81153E-2	+5.21154E-2
+1.45244E+1	+9.77597E-1	+8.34969E-3	+5.22625E-2
+1.45392E+1	+9.80485E-1	+1.87257E-2	+5.23830E-2
+1.45539E+1	+9.83158E-1	+9.26522E-3	+5.24817E-2
+1.45687E+1	+9.85652E-1	+5.45052E-3	+5.25923E-2
+1.45834E+1	+9.87933E-1	+2.03278E-2	+5.26967E-2
+1.45981E+1	+9.90018E-1	+2.55135E-3	+5.27847E-2
+1.46129E+1	+9.91918E-1	-3.32328E-3	+5.28853E-2
+1.46276E+1	+9.93608E-1	+9.49178E-4	+5.29396E-2
+1.46424E+1	+9.95109E-1	+6.13717E-3	+5.30055E-2
+1.46571E+1	+9.96403E-1	-5.68840E-3	+5.30745E-2
+1.46719E+1	+9.97505E-1	-4.46769E-3	+5.31179E-2
+1.46866E+1	+9.98401E-1	+2.51344E-2	+5.31574E-2
+1.47014E+1	+9.99102E-1	+5.22164E-3	+5.31738E-2
+1.47161E+1	+9.99600E-1	-3.32328E-3	+5.32023E-2
+1.47309E+1	+9.99901E-1	-5.07804E-3	+5.32424E-2
