+0.00000E+0	+0.00000E+0	-5.73441E-3	-2.86720E-7
+1.47000E-2	+1.40930E-2	+3.93553E-2	+3.91602E-4
+2.95000E-2	+2.82790E-2	+4.24071E-2	+1.04408E-3
+4.42000E-2	+4.23635E-2	+5.72081E-2	+1.82776E-3
+5.90000E-2	+5.65354E-2	+7.01781E-2	+2.76757E-3
+7.37000E-2	+7.06002E-2	+7.17039E-2	+3.79470E-3
+8.85000E-2	+8.47465E-2	+7.55186E-2	+4.89462E-3
+1.03200E-1	+9.87804E-2	+8.39110E-2	+6.04795E-3
+1.18000E-1	+1.12890E-1	+7.97911E-2	+7.22195E-3
+1.32700E-1	+1.26882E-1	+7.61290E-2	+8.40363E-3
+1.47500E-1	+1.40943E-1	+8.25377E-2	+9.61500E-3
+1.62200E-1	+1.54881E-1	+8.61235E-2	+1.08570E-2
+1.76900E-1	+1.68789E-1	+8.02489E-2	+1.20883E-2
+1.91700E-1	+1.82757E-1	+8.40636E-2	+1.33236E-2
+2.06400E-1	+1.96595E-1	+8.94041E-2	+1.45586E-2
+2.21200E-1	+2.10487E-1	+8.16222E-2	+1.57724E-2
+2.35900E-1	+2.24243E-1	+7.73497E-2	+1.69748E-2
+2.50700E-1	+2.38048E-1	+8.49791E-2	+1.81893E-2
+2.65400E-1	+2.51712E-1	+8.42924E-2	+1.94152E-2
+2.80200E-1	+2.65419E-1	+8.36058E-2	+2.06349E-2
+2.94900E-1	+2.78980E-1	+7.64342E-2	+2.18387E-2
+3.09700E-1	+2.92577E-1	+8.23851E-2	+2.30476E-2
+3.24400E-1	+3.06025E-1	+8.48265E-2	+2.42203E-2
+3.39100E-1	+3.19411E-1	+8.20799E-2	+2.53900E-2
+3.53900E-1	+3.32825E-1	+7.45268E-2	+2.65461E-2
+3.68600E-1	+3.46081E-1	+7.06358E-2	+2.76923E-2
+3.83400E-1	+3.59358E-1	+7.68156E-2	+2.88258E-2
+3.98100E-1	+3.72474E-1	+7.75786E-2	+2.99570E-2
+4.12900E-1	+3.85605E-1	+7.60527E-2	+3.10819E-2
+4.27600E-1	+3.98569E-1	+7.31535E-2	+3.21844E-2
+4.42400E-1	+4.11542E-1	+7.35350E-2	+3.32666E-2
+4.57100E-1	+4.24346E-1	+7.01781E-2	+3.43256E-2
+4.71900E-1	+4.37151E-1	+6.94151E-2	+3.53777E-2
+4.86600E-1	+4.49783E-1	+6.56767E-2	+3.64111E-2
+5.01400E-1	+4.62410E-1	+6.63634E-2	+3.74302E-2
+5.16100E-1	+4.74860E-1	+6.60582E-2	+3.84312E-2
+5.30800E-1	+4.87215E-1	+6.52953E-2	+3.94205E-2
+5.45600E-1	+4.99557E-1	+6.39983E-2	+4.03895E-2
+5.60300E-1	+5.11716E-1	+6.43797E-2	+4.13411E-2
+5.75100E-1	+5.23855E-1	+6.36931E-2	+4.22883E-2
+5.89800E-1	+5.35807E-1	+6.25487E-2	+4.32189E-2
+6.04600E-1	+5.47734E-1	+5.94206E-2	+4.41465E-2
+6.19300E-1	+5.59470E-1	+5.97258E-2	+4.50508E-2
+6.34100E-1	+5.71174E-1	+5.78947E-2	+4.59545E-2
+6.48800E-1	+5.82685E-1	+5.85814E-2	+4.68362E-2
+6.63600E-1	+5.94158E-1	+5.61400E-2	+4.77019E-2
+6.78300E-1	+6.05435E-1	+5.67503E-2	+4.85411E-2
+6.93000E-1	+6.16591E-1	+5.70555E-2	+4.93687E-2
+7.07800E-1	+6.27700E-1	+5.46141E-2	+5.01792E-2
+7.22500E-1	+6.38608E-1	+5.14098E-2	+5.09830E-2
+7.37300E-1	+6.49463E-1	+5.24016E-2	+5.17639E-2
+7.52000E-1	+6.60114E-1	+5.60637E-2	+5.25300E-2
+7.66800E-1	+6.70706E-1	+5.27068E-2	+5.32730E-2
+7.81500E-1	+6.81093E-1	+4.69084E-2	+5.40127E-2
+7.96300E-1	+6.91413E-1	+4.62218E-2	+5.47315E-2
+8.11000E-1	+7.01526E-1	+4.71373E-2	+5.54251E-2
+8.25800E-1	+7.11567E-1	+4.29411E-2	+5.61163E-2
+8.40500E-1	+7.21398E-1	+4.51537E-2	+5.67851E-2
+8.55200E-1	+7.31086E-1	+4.40092E-2	+5.74344E-2
+8.70000E-1	+7.40694E-1	+4.46196E-2	+5.80841E-2
+8.84700E-1	+7.50088E-1	+4.40092E-2	+5.87058E-2
+8.99500E-1	+7.59396E-1	+4.22545E-2	+5.93281E-2
+9.14200E-1	+7.68490E-1	+4.27885E-2	+5.99209E-2
+9.29000E-1	+7.77492E-1	+4.14153E-2	+6.05144E-2
+9.43700E-1	+7.86278E-1	+3.84398E-2	+6.10848E-2
+9.58500E-1	+7.94965E-1	+3.78294E-2	+6.16430E-2
+9.73200E-1	+8.03436E-1	+3.53880E-2	+6.21796E-2
+9.88000E-1	+8.11803E-1	+3.60747E-2	+6.27205E-2
+1.00270E+0	+8.19952E-1	+3.47777E-2	+6.32391E-2
+1.01740E+0	+8.27938E-1	+3.38621E-2	+6.37435E-2
+1.03220E+0	+8.35812E-1	+3.18785E-2	+6.42486E-2
+1.04690E+0	+8.43466E-1	+3.03526E-2	+6.47287E-2
+1.06170E+0	+8.51003E-1	+3.23363E-2	+6.51971E-2
+1.07640E+0	+8.58320E-1	+2.98186E-2	+6.56503E-2
+1.09120E+0	+8.65514E-1	+2.89793E-2	+6.60926E-2
+1.10590E+0	+8.72487E-1	+2.86742E-2	+6.65206E-2
+1.12070E+0	+8.79332E-1	+2.64616E-2	+6.69398E-2
+1.13540E+0	+8.85956E-1	+2.79875E-2	+6.73371E-2
+1.15020E+0	+8.92447E-1	+2.54698E-2	+6.77232E-2
+1.16490E+0	+8.98717E-1	+2.53172E-2	+6.80940E-2
+1.17960E+0	+9.04807E-1	+2.31810E-2	+6.84582E-2
+1.19440E+0	+9.10758E-1	+2.21129E-2	+6.88052E-2
+1.20910E+0	+9.16487E-1	+2.27995E-2	+6.91410E-2
+1.22390E+0	+9.22072E-1	+1.83745E-2	+6.94640E-2
+1.23860E+0	+9.27434E-1	+1.99767E-2	+6.97777E-2
+1.25340E+0	+9.32647E-1	+1.76115E-2	+7.00780E-2
+1.26810E+0	+9.37639E-1	+2.27232E-2	+7.03613E-2
+1.28290E+0	+9.42477E-1	+1.79930E-2	+7.06467E-2
+1.29760E+0	+9.47094E-1	+1.75352E-2	+7.09075E-2
+1.31240E+0	+9.51553E-1	+2.05870E-2	+7.11620E-2
+1.32710E+0	+9.55792E-1	+1.78404E-2	+7.14018E-2
+1.34180E+0	+9.59841E-1	+1.73064E-2	+7.16350E-2
+1.35660E+0	+9.63725E-1	+1.67723E-2	+7.18599E-2
+1.37130E+0	+9.67391E-1	+1.41020E-2	+7.20678E-2
+1.38610E+0	+9.70887E-1	+1.08214E-2	+7.22685E-2
+1.40080E+0	+9.74166E-1	+1.58568E-2	+7.24574E-2
+1.41560E+0	+9.77273E-1	+1.66960E-2	+7.26434E-2
+1.43030E+0	+9.80163E-1	+1.35680E-2	+7.28047E-2
+1.44510E+0	+9.82877E-1	+5.63339E-3	+7.29706E-2
+1.45980E+0	+9.85376E-1	+6.16745E-3	+7.31109E-2
+1.47460E+0	+9.87694E-1	+1.39494E-2	+7.32479E-2
+1.48930E+0	+9.89800E-1	+6.77780E-3	+7.33834E-2
+1.50410E+0	+9.91722E-1	+6.93039E-3	+7.35106E-2
+1.51880E+0	+9.93433E-1	+3.03940E-3	+7.36167E-2
+1.53350E+0	+9.94947E-1	+4.03122E-3	+7.37210E-2
+1.54830E+0	+9.96271E-1	+4.41269E-3	+7.38212E-2
+1.56300E+0	+9.97388E-1	+2.42904E-3	+7.39006E-2
+1.57780E+0	+9.98313E-1	+4.10751E-3	+7.39669E-2
+1.59250E+0	+9.99032E-1	+3.42087E-3	+7.40352E-2
+1.60730E+0	+9.99556E-1	+1.66610E-3	+7.40975E-2
+1.62200E+0	+9.99876E-1	+3.80234E-3	+7.41558E-2
+1.63680E+0	+9.99999E-1	+3.49716E-3	+7.41980E-2
+1.65150E+0	+9.99921E-1	+1.58981E-3	+7.42323E-2
+1.66630E+0	+9.99642E-1	+4.45402E-4	+7.42478E-2
+1.68100E+0	+9.99166E-1	+1.28463E-3	+7.42673E-2
+1.69570E+0	+9.98491E-1	+1.66610E-3	+7.42748E-2
+1.71050E+0	+9.97612E-1	+6.74283E-4	+7.42771E-2
+1.72520E+0	+9.96539E-1	+3.03940E-3	+7.42703E-2
+1.74000E+0	+9.95260E-1	+2.92814E-4	+7.42691E-2
+1.75470E+0	+9.93790E-1	-1.23621E-5	+7.42540E-2
+1.76950E+0	+9.92111E-1	-5.35294E-3	+7.42394E-2
+1.78420E+0	+9.90246E-1	+3.34457E-3	+7.42204E-2
+1.79900E+0	+9.88170E-1	-5.65811E-3	+7.41968E-2
+1.81370E+0	+9.85910E-1	-8.17581E-3	+7.41680E-2
+1.82850E+0	+9.83437E-1	-1.91971E-3	+7.41362E-2
+1.84320E+0	+9.80785E-1	+1.81869E-3	+7.41079E-2
+1.85790E+0	+9.77938E-1	+5.97989E-4	+7.40616E-2
+1.87270E+0	+9.74876E-1	-5.04776E-3	+7.40167E-2
+1.88740E+0	+9.71640E-1	-8.86561E-5	+7.39717E-2
+1.90220E+0	+9.68187E-1	-6.87882E-3	+7.39165E-2
+1.91690E+0	+9.64565E-1	-3.82706E-3	+7.38597E-2
+1.93170E+0	+9.60724E-1	-2.14859E-3	+7.37907E-2
+1.94640E+0	+9.56717E-1	-8.63358E-3	+7.37175E-2
+1.96120E+0	+9.52492E-1	-5.27664E-3	+7.36442E-2
+1.97590E+0	+9.48105E-1	-4.13224E-3	+7.35555E-2
+1.99070E+0	+9.43498E-1	-4.43741E-3	+7.34615E-2
+2.00540E+0	+9.38734E-1	-5.88700E-3	+7.33650E-2
+2.02010E+0	+9.33784E-1	-1.04646E-2	+7.32617E-2
+2.03490E+0	+9.28613E-1	-5.96329E-3	+7.31489E-2
+2.04960E+0	+9.23291E-1	-9.47281E-3	+7.30302E-2
+2.06440E+0	+9.17749E-1	-6.34476E-3	+7.28979E-2
+2.07910E+0	+9.12060E-1	-9.16764E-3	+7.27575E-2
+2.09390E+0	+9.06150E-1	-1.17616E-2	+7.26149E-2
+2.10860E+0	+9.00099E-1	-1.31349E-2	+7.24568E-2
+2.12340E+0	+8.93827E-1	-1.16090E-2	+7.22928E-2
+2.13810E+0	+8.87419E-1	-1.14565E-2	+7.21201E-2
+2.15290E+0	+8.80789E-1	-8.55728E-3	+7.19440E-2
+2.16760E+0	+8.74028E-1	-1.50423E-2	+7.17514E-2
+2.18230E+0	+8.67094E-1	-1.38979E-2	+7.15478E-2
+2.19710E+0	+8.59939E-1	-1.34401E-2	+7.13301E-2
+2.21180E+0	+8.52660E-1	-1.84755E-2	+7.11026E-2
+2.22660E+0	+8.45161E-1	-1.80177E-2	+7.08602E-2
+2.24130E+0	+8.37544E-1	-1.81703E-2	+7.06146E-2
+2.25610E+0	+8.29708E-1	-1.67970E-2	+7.03562E-2
+2.27080E+0	+8.21759E-1	-2.17561E-2	+7.00761E-2
+2.28560E+0	+8.13591E-1	-1.61867E-2	+6.97866E-2
+2.30030E+0	+8.05316E-1	-1.98488E-2	+6.94916E-2
+2.31510E+0	+7.96823E-1	-2.28243E-2	+6.91681E-2
+2.32980E+0	+7.88228E-1	-2.44264E-2	+6.88482E-2
+2.34460E+0	+7.79418E-1	-2.72493E-2	+6.85045E-2
+2.35930E+0	+7.70511E-1	-2.33583E-2	+6.81448E-2
+2.37400E+0	+7.61451E-1	-2.57997E-2	+6.77667E-2
+2.38880E+0	+7.52177E-1	-2.63338E-2	+6.73740E-2
+2.40350E+0	+7.42815E-1	-2.95381E-2	+6.69657E-2
+2.41830E+0	+7.33241E-1	-2.59523E-2	+6.65501E-2
+2.43300E+0	+7.23586E-1	-2.88515E-2	+6.61016E-2
+2.44780E+0	+7.13719E-1	-3.35817E-2	+6.56446E-2
+2.46250E+0	+7.03777E-1	-2.75545E-2	+6.51723E-2
+2.47730E+0	+6.93626E-1	-3.60994E-2	+6.46814E-2
+2.49200E+0	+6.83406E-1	-3.60231E-2	+6.41847E-2
+2.50680E+0	+6.72978E-1	-3.34291E-2	+6.36526E-2
+2.52150E+0	+6.62488E-1	-3.59468E-2	+6.31046E-2
+2.53620E+0	+6.51865E-1	-3.89223E-2	+6.25441E-2
+2.55100E+0	+6.41040E-1	-3.83119E-2	+6.19672E-2
+2.56570E+0	+6.30159E-1	-3.77016E-2	+6.13644E-2
+2.58050E+0	+6.19079E-1	-4.25844E-2	+6.07350E-2
+2.59520E+0	+6.07950E-1	-5.07478E-2	+6.01049E-2
+2.61000E+0	+5.96623E-1	-4.80013E-2	+5.94488E-2
+2.62470E+0	+5.85254E-1	-4.63991E-2	+5.87822E-2
+2.63950E+0	+5.73690E-1	-4.80775E-2	+5.80672E-2
+2.65420E+0	+5.62090E-1	-4.71620E-2	+5.73396E-2
+2.66900E+0	+5.50298E-1	-4.77724E-2	+5.65773E-2
+2.68370E+0	+5.38476E-1	-4.86116E-2	+5.58116E-2
+2.69840E+0	+5.26547E-1	-5.19685E-2	+5.50097E-2
+2.71320E+0	+5.14432E-1	-5.24263E-2	+5.41941E-2
+2.72790E+0	+5.02295E-1	-5.27315E-2	+5.33581E-2
+2.74270E+0	+4.89976E-1	-5.47914E-2	+5.25120E-2
+2.75740E+0	+4.77642E-1	-5.75380E-2	+5.16325E-2
+2.77220E+0	+4.65128E-1	-5.66225E-2	+5.07356E-2
+2.78690E+0	+4.52606E-1	-5.84535E-2	+4.98148E-2
+2.80170E+0	+4.39908E-1	-5.92928E-2	+4.88884E-2
+2.81640E+0	+4.27208E-1	-6.25734E-2	+4.79267E-2
+2.83120E+0	+4.14336E-1	-6.47096E-2	+4.69555E-2
+2.84590E+0	+4.01469E-1	-6.81429E-2	+4.59602E-2
+2.86060E+0	+3.88522E-1	-7.47804E-2	+4.49576E-2
+2.87540E+0	+3.75408E-1	-7.72218E-2	+4.38999E-2
+2.89010E+0	+3.62309E-1	-7.70692E-2	+4.28390E-2
+2.90490E+0	+3.49048E-1	-6.98976E-2	+4.17590E-2
+2.91960E+0	+3.35806E-1	-7.14235E-2	+4.06726E-2
+2.93440E+0	+3.22408E-1	-7.53145E-2	+3.95526E-2
+2.94910E+0	+3.09035E-1	-7.99684E-2	+3.84233E-2
+2.96390E+0	+2.95510E-1	-7.98158E-2	+3.72748E-2
+2.97860E+0	+2.82017E-1	-7.79848E-2	+3.61098E-2
+2.99340E+0	+2.68376E-1	-7.86714E-2	+3.49241E-2
+3.00810E+0	+2.54773E-1	-8.50038E-2	+3.37188E-2
+3.02280E+0	+2.41120E-1	-9.11073E-2	+3.25012E-2
+3.03760E+0	+2.27325E-1	-8.34016E-2	+3.12437E-2
+3.05230E+0	+2.13579E-1	-8.43172E-2	+2.99948E-2
+3.06710E+0	+1.99696E-1	-8.86659E-2	+2.87260E-2
+3.08180E+0	+1.85867E-1	-9.17940E-2	+2.74368E-2
+3.09660E+0	+1.71906E-1	-8.65297E-2	+2.61297E-2
+3.11130E+0	+1.58006E-1	-8.77504E-2	+2.48135E-2
+3.12610E+0	+1.43980E-1	-9.76686E-2	+2.34861E-2
+3.14080E+0	+1.30019E-1	-9.03444E-2	+2.21390E-2
+3.15560E+0	+1.15938E-1	-8.91237E-2	+2.07956E-2
+3.17030E+0	+1.01928E-1	-9.15651E-2	+1.94592E-2
+3.18500E+0	+8.78986E-2	-9.38539E-2	+1.81091E-2
+3.19980E+0	+7.37558E-2	-8.78267E-2	+1.67493E-2
+3.21450E+0	+5.96939E-2	-9.46931E-2	+1.53891E-2
+3.22930E+0	+4.55243E-2	-1.00491E-1	+1.40140E-2
+3.24400E+0	+3.14414E-2	-8.89711E-2	+1.26417E-2
+3.25880E+0	+1.72564E-2	-9.32436E-2	+1.12735E-2
+3.27350E+0	+3.16383E-3	-9.43117E-2	+9.90772E-3
+3.28830E+0	-1.10253E-2	-9.04970E-2	+8.52994E-3
+3.30300E+0	-2.51163E-2	-9.11073E-2	+7.16235E-3
+3.31780E+0	-3.92981E-2	-9.92708E-2	+5.76792E-3
+3.33250E+0	-5.33763E-2	-9.28621E-2	+4.38625E-3
+3.34730E+0	-6.75396E-2	-9.10310E-2	+3.00255E-3
+3.36200E+0	-8.15937E-2	-9.59901E-2	+1.62940E-3
+3.37670E+0	-9.56316E-2	-9.14125E-2	+2.63676E-4
+3.39150E+0	-1.09746E-1	-8.89711E-2	-1.10551E-3
+3.40620E+0	-1.23743E-1	-9.91945E-2	-2.46980E-3
+3.42100E+0	-1.37810E-1	-9.49983E-2	-3.85772E-3
+3.43570E+0	-1.51755E-1	-8.98103E-2	-5.20893E-3
+3.45050E+0	-1.65764E-1	-9.15651E-2	-6.56528E-3
+3.46520E+0	-1.79646E-1	-9.14125E-2	-7.90585E-3
+3.48000E+0	-1.93586E-1	-8.62245E-2	-9.24047E-3
+3.49470E+0	-2.07393E-1	-8.56905E-2	-1.05592E-2
+3.50950E+0	-2.21252E-1	-9.34724E-2	-1.18852E-2
+3.52420E+0	-2.34974E-1	-9.26332E-2	-1.32019E-2
+3.53890E+0	-2.48649E-1	-8.66823E-2	-1.44987E-2
+3.55370E+0	-2.62367E-1	-8.53090E-2	-1.57912E-2
+3.56840E+0	-2.75940E-1	-8.69875E-2	-1.70658E-2
+3.58320E+0	-2.89551E-1	-8.47749E-2	-1.83344E-2
+3.59790E+0	-3.03011E-1	-8.40120E-2	-1.95860E-2
+3.61270E+0	-3.16502E-1	-7.95869E-2	-2.08305E-2
+3.62740E+0	-3.29839E-1	-8.16469E-2	-2.20576E-2
+3.64220E+0	-3.43201E-1	-8.44698E-2	-2.32723E-2
+3.65690E+0	-3.56404E-1	-8.44698E-2	-2.44846E-2
+3.67170E+0	-3.69625E-1	-8.29439E-2	-2.56797E-2
+3.68640E+0	-3.82683E-1	-7.44753E-2	-2.68513E-2
+3.70110E+0	-3.95666E-1	-7.51619E-2	-2.80007E-2
+3.71590E+0	-4.08657E-1	-7.49330E-2	-2.91573E-2
+3.73060E+0	-4.21479E-1	-7.83662E-2	-3.02928E-2
+3.74540E+0	-4.34303E-1	-7.68404E-2	-3.14176E-2
+3.76010E+0	-4.46955E-1	-7.56960E-2	-3.25208E-2
+3.77490E+0	-4.59602E-1	-7.41701E-2	-3.36208E-2
+3.78960E+0	-4.72073E-1	-7.43227E-2	-3.46940E-2
+3.80440E+0	-4.84534E-1	-7.20338E-2	-3.57544E-2
+3.81910E+0	-4.96814E-1	-7.15761E-2	-3.67938E-2
+3.83390E+0	-5.09078E-1	-7.23390E-2	-3.78295E-2
+3.84860E+0	-5.21157E-1	-6.90584E-2	-3.88418E-2
+3.86330E+0	-5.33133E-1	-6.86006E-2	-3.98350E-2
+3.87810E+0	-5.45084E-1	-6.74562E-2	-4.08216E-2
+3.89280E+0	-5.56845E-1	-6.52437E-2	-4.17835E-2
+3.90760E+0	-5.68574E-1	-6.36415E-2	-4.27379E-2
+3.92230E+0	-5.80111E-1	-6.25734E-2	-4.36626E-2
+3.93710E+0	-5.91610E-1	-6.14290E-2	-4.45746E-2
+3.95180E+0	-6.02914E-1	-5.85298E-2	-4.54795E-2
+3.96660E+0	-6.14173E-1	-5.90639E-2	-4.63717E-2
+3.98130E+0	-6.25234E-1	-5.86824E-2	-4.72361E-2
+3.99610E+0	-6.36244E-1	-5.98268E-2	-4.80817E-2
+4.01080E+0	-6.47054E-1	-5.66988E-2	-4.89202E-2
+4.02550E+0	-6.57734E-1	-5.34181E-2	-4.97372E-2
+4.04030E+0	-6.68356E-1	-5.41811E-2	-5.05473E-2
+4.05500E+0	-6.78773E-1	-5.07478E-2	-5.13246E-2
+4.06980E+0	-6.89124E-1	-5.27315E-2	-5.20921E-2
+4.08450E+0	-6.99268E-1	-5.12819E-2	-5.28493E-2
+4.09930E+0	-7.09340E-1	-4.98323E-2	-5.35834E-2
+4.11400E+0	-7.19204E-1	-4.63991E-2	-5.43012E-2
+4.12880E+0	-7.28990E-1	-4.57887E-2	-5.50084E-2
+4.14350E+0	-7.38564E-1	-4.72383E-2	-5.56934E-2
+4.15830E+0	-7.48056E-1	-4.48732E-2	-5.63704E-2
+4.17300E+0	-7.57334E-1	-4.26607E-2	-5.70169E-2
+4.18780E+0	-7.66524E-1	-4.13637E-2	-5.76597E-2
+4.20250E+0	-7.75498E-1	-4.07533E-2	-5.82746E-2
+4.21720E+0	-7.84319E-1	-4.07533E-2	-5.88739E-2
+4.23200E+0	-7.93042E-1	-3.93800E-2	-5.94648E-2
+4.24670E+0	-8.01548E-1	-3.96852E-2	-6.00413E-2
+4.26150E+0	-8.09951E-1	-3.46498E-2	-6.06049E-2
+4.27620E+0	-8.18136E-1	-3.70149E-2	-6.11487E-2
+4.29100E+0	-8.26213E-1	-3.67860E-2	-6.16834E-2
+4.30570E+0	-8.34070E-1	-3.38869E-2	-6.21955E-2
+4.32050E+0	-8.41814E-1	-3.28188E-2	-6.26983E-2
+4.33520E+0	-8.49337E-1	-3.12166E-2	-6.31847E-2
+4.35000E+0	-8.56741E-1	-3.13692E-2	-6.36600E-2
+4.36470E+0	-8.63925E-1	-3.08351E-2	-6.41144E-2
+4.37940E+0	-8.70936E-1	-2.56471E-2	-6.45524E-2
+4.39420E+0	-8.77821E-1	-2.89278E-2	-6.49754E-2
+4.40890E+0	-8.84484E-1	-2.79359E-2	-6.53899E-2
+4.42370E+0	-8.91015E-1	-2.70204E-2	-6.57915E-2
+4.43840E+0	-8.97325E-1	-2.53420E-2	-6.61793E-2
+4.45320E+0	-9.03497E-1	-2.52657E-2	-6.65516E-2
+4.46790E+0	-9.09447E-1	-2.43501E-2	-6.69169E-2
+4.48270E+0	-9.15256E-1	-1.98488E-2	-6.72657E-2
+4.49740E+0	-9.20842E-1	-2.35109E-2	-6.76024E-2
+4.51220E+0	-9.26283E-1	-2.38924E-2	-6.79208E-2
+4.52690E+0	-9.31501E-1	-1.72548E-2	-6.82379E-2
+4.54160E+0	-9.36535E-1	-1.67970E-2	-6.85370E-2
+4.55640E+0	-9.41415E-1	-2.22902E-2	-6.88251E-2
+4.57110E+0	-9.46074E-1	-2.20613E-2	-6.91019E-2
+4.58590E+0	-9.50575E-1	-2.26717E-2	-6.93624E-2
+4.60060E+0	-9.54857E-1	-1.64919E-2	-6.96209E-2
+4.61540E+0	-9.58976E-1	-1.63393E-2	-6.98629E-2
+4.63010E+0	-9.62876E-1	-1.80177E-2	-7.00968E-2
+4.64490E+0	-9.66609E-1	-1.77126E-2	-7.03212E-2
+4.65960E+0	-9.70124E-1	-1.29060E-2	-7.05288E-2
+4.67440E+0	-9.73469E-1	-1.70259E-2	-7.07330E-2
+4.68910E+0	-9.76597E-1	-1.47371E-2	-7.09184E-2
+4.70380E+0	-9.79531E-1	-1.77889E-2	-7.11031E-2
+4.71860E+0	-9.82289E-1	-4.51370E-3	-7.12722E-2
+4.73330E+0	-9.84832E-1	-1.94673E-2	-7.14398E-2
+4.74810E+0	-9.87195E-1	-1.45082E-2	-7.15986E-2
+4.76280E+0	-9.89345E-1	-1.84755E-2	-7.17388E-2
+4.77760E+0	-9.91311E-1	-7.33658E-3	-7.18739E-2
+4.79230E+0	-9.93066E-1	-1.35927E-2	-7.20000E-2
+4.80710E+0	-9.94634E-1	-1.43556E-2	-7.21234E-2
+4.82180E+0	-9.95993E-1	-4.59000E-3	-7.22276E-2
+4.83660E+0	-9.97162E-1	-6.34476E-3	-7.23333E-2
+4.85130E+0	-9.98124E-1	-3.36930E-3	-7.24235E-2
+4.86600E+0	-9.98888E-1	-4.74259E-3	-7.25012E-2
+4.88080E+0	-9.99456E-1	-4.51370E-3	-7.25803E-2
+4.89550E+0	-9.99822E-1	-4.13224E-3	-7.26371E-2
+4.91030E+0	-9.99989E-1	-3.36930E-3	-7.27050E-2
+4.92500E+0	-9.99956E-1	-3.29300E-3	-7.27547E-2
+4.93980E+0	-9.99722E-1	-6.22714E-4	-7.27909E-2
+4.95450E+0	-9.99290E-1	-2.91153E-3	-7.28245E-2
+4.96930E+0	-9.98655E-1	-9.27889E-4	-7.28479E-2
+4.98400E+0	-9.97825E-1	-2.14859E-3	-7.28672E-2
+4.99880E+0	-9.96790E-1	-7.75302E-4	-7.28804E-2
+5.01350E+0	-9.95562E-1	+1.89499E-3	-7.28825E-2
+5.02820E+0	-9.94137E-1	-5.35294E-3	-7.28807E-2
+5.04300E+0	-9.92503E-1	-2.83524E-3	-7.28797E-2
+5.05770E+0	-9.90682E-1	+9.03165E-4	-7.28740E-2
+5.07250E+0	-9.88650E-1	-2.98783E-3	-7.28616E-2
+5.08720E+0	-9.86434E-1	-2.91153E-3	-7.28417E-2
+5.10200E+0	-9.84006E-1	-4.89517E-3	-7.28272E-2
+5.11670E+0	-9.81398E-1	+8.15109E-3	-7.28055E-2
+5.13150E+0	-9.78575E-1	-5.27664E-3	-7.27739E-2
+5.14620E+0	-9.75576E-1	+9.79459E-4	-7.27361E-2
+5.16100E+0	-9.72361E-1	-2.98783E-3	-7.27060E-2
+5.17570E+0	-9.68974E-1	+6.24374E-3	-7.26655E-2
+5.19050E+0	-9.65369E-1	+2.58163E-3	-7.26208E-2
+5.20520E+0	-9.61597E-1	+4.45402E-4	-7.25648E-2
+5.21990E+0	-9.57633E-1	+5.63339E-3	-7.25079E-2
+5.23470E+0	-9.53451E-1	+5.63339E-3	-7.24449E-2
+5.24940E+0	-9.49106E-1	+3.64975E-3	-7.23722E-2
+5.26420E+0	-9.44542E-1	+5.55710E-3	-7.22966E-2
+5.27890E+0	-9.39820E-1	+6.62521E-3	-7.22137E-2
+5.29370E+0	-9.34878E-1	+6.85409E-3	-7.21250E-2
+5.30840E+0	-9.29782E-1	+9.44809E-3	-7.20246E-2
+5.32320E+0	-9.24465E-1	+4.71786E-3	-7.19178E-2
+5.33790E+0	-9.19000E-1	+8.30368E-3	-7.18047E-2
+5.35270E+0	-9.13314E-1	+1.12028E-2	-7.16842E-2
+5.36740E+0	-9.07484E-1	+6.85409E-3	-7.15560E-2
+5.38210E+0	-9.01473E-1	+7.61703E-3	-7.14152E-2
+5.39690E+0	-8.95241E-1	+8.07480E-3	-7.12680E-2
+5.41160E+0	-8.88873E-1	+1.18895E-2	-7.11084E-2
+5.42640E+0	-8.82283E-1	+1.09740E-2	-7.09367E-2
+5.44110E+0	-8.75561E-1	+7.99850E-3	-7.07585E-2
+5.45590E+0	-8.68618E-1	+1.35680E-2	-7.05765E-2
+5.47060E+0	-8.61549E-1	+1.40257E-2	-7.03763E-2
+5.48540E+0	-8.54259E-1	+1.76115E-2	-7.01605E-2
+5.50010E+0	-8.46848E-1	+1.52464E-2	-6.99406E-2
+5.51490E+0	-8.39217E-1	+1.41783E-2	-6.97025E-2
+5.52960E+0	-8.31470E-1	+1.86034E-2	-6.94569E-2
+5.54430E+0	-8.23557E-1	+1.63145E-2	-6.91919E-2
+5.55910E+0	-8.15426E-1	+2.00529E-2	-6.89179E-2
+5.57380E+0	-8.07187E-1	+1.99767E-2	-6.86340E-2
+5.58860E+0	-7.98730E-1	+2.07396E-2	-6.83242E-2
+5.60330E+0	-7.90171E-1	+2.15025E-2	-6.80070E-2
+5.61810E+0	-7.81396E-1	+2.54698E-2	-6.76728E-2
+5.63280E+0	-7.72524E-1	+2.47069E-2	-6.73309E-2
+5.64760E+0	-7.63436E-1	+2.66905E-2	-6.69727E-2
+5.66230E+0	-7.54258E-1	+2.61565E-2	-6.65946E-2
+5.67710E+0	-7.44866E-1	+2.86742E-2	-6.62064E-2
+5.69180E+0	-7.35389E-1	+2.81401E-2	-6.57984E-2
+5.70650E+0	-7.25766E-1	+3.09630E-2	-6.53706E-2
+5.72130E+0	-7.15932E-1	+2.89793E-2	-6.49334E-2
+5.73600E+0	-7.06021E-1	+3.00475E-2	-6.44660E-2
+5.75080E+0	-6.95902E-1	+3.63798E-2	-6.39927E-2
+5.76550E+0	-6.85712E-1	+3.43199E-2	-6.34982E-2
+5.78030E+0	-6.75315E-1	+3.34807E-2	-6.29813E-2
+5.79500E+0	-6.64854E-1	+3.78294E-2	-6.24567E-2
+5.80980E+0	-6.54189E-1	+3.59221E-2	-6.19078E-2
+5.82450E+0	-6.43465E-1	+3.55406E-2	-6.13352E-2
+5.83930E+0	-6.32539E-1	+3.99657E-2	-6.07312E-2
+5.85400E+0	-6.21560E-1	+4.74425E-2	-6.01316E-2
+5.86870E+0	-6.10459E-1	+4.77476E-2	-5.95082E-2
+5.88350E+0	-5.99159E-1	+4.42381E-2	-5.88570E-2
+5.89820E+0	-5.87816E-1	+4.43144E-2	-5.81765E-2
+5.91300E+0	-5.76278E-1	+4.30937E-2	-5.74789E-2
+5.92770E+0	-5.64704E-1	+4.85106E-2	-5.67691E-2
+5.94250E+0	-5.52937E-1	+5.22490E-2	-5.60244E-2
+5.95720E+0	-5.41139E-1	+5.40800E-2	-5.52634E-2
+5.97200E+0	-5.29153E-1	+5.33171E-2	-5.44727E-2
+5.98670E+0	-5.17142E-1	+5.70555E-2	-5.36737E-2
+6.00150E+0	-5.04946E-1	+5.98021E-2	-5.28379E-2
+6.01620E+0	-4.92731E-1	+6.22435E-2	-5.19880E-2
+6.03100E+0	-4.80335E-1	+6.01073E-2	-5.11145E-2
+6.04570E+0	-4.67926E-1	+6.22435E-2	-5.02366E-2
+6.06040E+0	-4.55425E-1	+6.66685E-2	-4.93281E-2
+6.07520E+0	-4.42747E-1	+6.37694E-2	-4.83874E-2
+6.08990E+0	-4.30067E-1	+6.40746E-2	-4.74372E-2
+6.10470E+0	-4.17214E-1	+6.43034E-2	-4.64639E-2
+6.11940E+0	-4.04365E-1	+6.57530E-2	-4.54724E-2
+6.13420E+0	-3.91347E-1	+6.94151E-2	-4.44435E-2
+6.14890E+0	-3.78339E-1	+7.38402E-2	-4.34236E-2
+6.16370E+0	-3.65167E-1	+7.96385E-2	-4.23664E-2
+6.17840E+0	-3.52011E-1	+7.61290E-2	-4.13029E-2
+6.19320E+0	-3.38695E-1	+7.40691E-2	-4.01924E-2
+6.20790E+0	-3.25401E-1	+7.03307E-2	-3.91043E-2
+6.22260E+0	-3.12043E-1	+7.36876E-2	-3.79830E-2
+6.23740E+0	-2.98531E-1	+8.11644E-2	-3.68300E-2
+6.25210E+0	-2.85051E-1	+7.95622E-2	-3.56619E-2
+6.26690E+0	-2.71422E-1	+8.00963E-2	-3.44786E-2
+6.28160E+0	-2.57831E-1	+7.89519E-2	-3.32846E-2
+6.29640E+0	-2.44096E-1	+8.54369E-2	-3.20517E-2
+6.31110E+0	-2.30405E-1	+9.00145E-2	-3.08061E-2
+6.32590E+0	-2.16575E-1	+8.65050E-2	-2.95252E-2
+6.34060E+0	-2.02795E-1	+8.26903E-2	-2.82564E-2
+6.35540E+0	-1.88880E-1	+8.78020E-2	-2.69533E-2
+6.37010E+0	-1.75022E-1	+8.82597E-2	-2.56569E-2
+6.38480E+0	-1.61129E-1	+8.72679E-2	-2.43406E-2
+6.39960E+0	-1.47110E-1	+9.16930E-2	-2.30015E-2
+6.41430E+0	-1.33156E-1	+9.62706E-2	-2.16565E-2
+6.42910E+0	-1.19080E-1	+9.27611E-2	-2.02841E-2
+6.44380E+0	-1.05075E-1	+8.71153E-2	-1.89318E-2
+6.45860E+0	-9.09542E-2	+9.40581E-2	-1.75581E-2
+6.47330E+0	-7.69106E-2	+9.58128E-2	-1.61958E-2
+6.48810E+0	-6.27561E-2	+9.01671E-2	-1.48164E-2
+6.50280E+0	-4.86846E-2	+9.84831E-2	-1.34310E-2
+6.51760E+0	-3.45077E-2	+9.61180E-2	-1.20274E-2
+6.53230E+0	-2.04197E-2	+9.00145E-2	-1.06367E-2
+6.54700E+0	-6.32763E-3	+9.30663E-2	-9.25061E-3
+6.56180E+0	+7.86157E-3	+9.52788E-2	-7.84523E-3
+6.57650E+0	+2.19533E-2	+9.11589E-2	-6.46639E-3
+6.59130E+0	+3.61366E-2	+9.58128E-2	-5.07610E-3
+6.60600E+0	+5.02167E-2	+1.00238E-1	-3.67180E-3
+6.62080E+0	+6.43826E-2	+9.38292E-2	-2.27100E-3
+6.63550E+0	+7.84400E-2	+9.11589E-2	-8.83463E-4
+6.65030E+0	+9.25772E-2	+9.94749E-2	+5.18091E-4
+6.66500E+0	+1.06600E-1	+9.32188E-2	+1.91114E-3
+6.67980E+0	+1.20698E-1	+9.13115E-2	+3.29742E-3
+6.69450E+0	+1.34676E-1	+9.77965E-2	+4.68408E-3
+6.70920E+0	+1.48627E-1	+9.76439E-2	+6.08086E-3
+6.72400E+0	+1.62643E-1	+8.97856E-2	+7.45912E-3
+6.73870E+0	+1.76532E-1	+9.18455E-2	+8.82850E-3
+6.75350E+0	+1.90481E-1	+9.59654E-2	+1.02056E-2
+6.76820E+0	+2.04297E-1	+9.14641E-2	+1.15613E-2
+6.78300E+0	+2.18166E-1	+8.71916E-2	+1.29019E-2
+6.79770E+0	+2.31898E-1	+9.26085E-2	+1.42309E-2
+6.81250E+0	+2.45676E-1	+9.65758E-2	+1.55756E-2
+6.82720E+0	+2.59313E-1	+8.81834E-2	+1.68823E-2
+6.84200E+0	+2.72990E-1	+8.39873E-2	+1.81925E-2
+6.85670E+0	+2.86521E-1	+8.87175E-2	+1.94820E-2
+6.87140E+0	+2.99995E-1	+8.78783E-2	+2.07664E-2
+6.88620E+0	+3.13500E-1	+8.65050E-2	+2.20366E-2
+6.90090E+0	+3.26851E-1	+8.42162E-2	+2.32884E-2
+6.91570E+0	+3.40228E-1	+8.13170E-2	+2.45368E-2
+6.93040E+0	+3.53446E-1	+8.45976E-2	+2.57685E-2
+6.94520E+0	+3.66684E-1	+8.79546E-2	+2.69971E-2
+6.95990E+0	+3.79759E-1	+8.40636E-2	+2.82045E-2
+6.97470E+0	+3.92846E-1	+8.13170E-2	+2.94101E-2
+6.98940E+0	+4.05767E-1	+7.77312E-2	+3.05747E-2
+7.00420E+0	+4.18695E-1	+7.37639E-2	+3.17330E-2
+7.01890E+0	+4.31451E-1	+7.31535E-2	+3.28663E-2
+7.03370E+0	+4.44208E-1	+7.35350E-2	+3.40043E-2
+7.04840E+0	+4.56790E-1	+7.47557E-2	+3.51059E-2
+7.06310E+0	+4.69282E-1	+7.61290E-2	+3.62058E-2
+7.07790E+0	+4.81764E-1	+7.59764E-2	+3.72914E-2
+7.09260E+0	+4.94066E-1	+7.12462E-2	+3.83582E-2
+7.10740E+0	+5.06352E-1	+7.13225E-2	+3.94058E-2
+7.12210E+0	+5.18454E-1	+6.98729E-2	+4.04378E-2
+7.13690E+0	+5.30535E-1	+7.01018E-2	+4.14566E-2
+7.15160E+0	+5.42429E-1	+6.78892E-2	+4.24602E-2
+7.16640E+0	+5.54294E-1	+6.43797E-2	+4.34447E-2
+7.18110E+0	+5.65969E-1	+6.21672E-2	+4.44154E-2
+7.19590E+0	+5.77610E-1	+6.22435E-2	+4.53739E-2
+7.21060E+0	+5.89057E-1	+6.00310E-2	+4.63147E-2
+7.22530E+0	+6.00386E-1	+6.15569E-2	+4.72238E-2
+7.24010E+0	+6.11673E-1	+6.19383E-2	+4.81282E-2
+7.25480E+0	+6.22761E-1	+6.27776E-2	+4.90019E-2
+7.26960E+0	+6.33800E-1	+5.88866E-2	+4.98718E-2
+7.28430E+0	+6.44638E-1	+5.43089E-2	+5.07243E-2
+7.29910E+0	+6.55420E-1	+5.73607E-2	+5.15622E-2
+7.31380E+0	+6.65999E-1	+5.44615E-2	+5.23789E-2
+7.32860E+0	+6.76516E-1	+5.41563E-2	+5.31833E-2
+7.34330E+0	+6.86828E-1	+5.16386E-2	+5.39734E-2
+7.35810E+0	+6.97071E-1	+4.99602E-2	+5.47388E-2
+7.37280E+0	+7.07107E-1	+5.17149E-2	+5.54796E-2
+7.38750E+0	+7.17002E-1	+4.99602E-2	+5.62123E-2
+7.40230E+0	+7.26820E-1	+4.77476E-2	+5.69313E-2
+7.41700E+0	+7.36428E-1	+4.55351E-2	+5.76329E-2
+7.43180E+0	+7.45952E-1	+4.58403E-2	+5.83202E-2
+7.44650E+0	+7.55264E-1	+4.60692E-2	+5.89783E-2
+7.46130E+0	+7.64488E-1	+4.35515E-2	+5.96363E-2
+7.47600E+0	+7.73497E-1	+4.17967E-2	+6.02669E-2
+7.49080E+0	+7.82412E-1	+4.16441E-2	+6.08945E-2
+7.50550E+0	+7.91111E-1	+3.82109E-2	+6.14865E-2
+7.52030E+0	+7.99710E-1	+3.87450E-2	+6.20732E-2
+7.53500E+0	+8.08092E-1	+3.92027E-2	+6.26400E-2
+7.54970E+0	+8.16313E-1	+3.95842E-2	+6.31856E-2
+7.56450E+0	+8.24427E-1	+3.47777E-2	+6.37257E-2
+7.57920E+0	+8.32321E-1	+3.51591E-2	+6.42499E-2
+7.59400E+0	+8.40102E-1	+3.47777E-2	+6.47506E-2
+7.60870E+0	+8.47663E-1	+3.53117E-2	+6.52422E-2
+7.62350E+0	+8.55105E-1	+3.38621E-2	+6.57202E-2
+7.63820E+0	+8.62327E-1	+3.04289E-2	+6.61810E-2
+7.65300E+0	+8.69425E-1	+3.02000E-2	+6.66314E-2
+7.66770E+0	+8.76301E-1	+2.56224E-2	+6.70590E-2
+7.68250E+0	+8.83049E-1	+2.96660E-2	+6.74803E-2
+7.69720E+0	+8.89574E-1	+2.94371E-2	+6.78809E-2
+7.71190E+0	+8.95924E-1	+2.60039E-2	+6.82697E-2
+7.72670E+0	+9.02136E-1	+2.37151E-2	+6.86479E-2
+7.74140E+0	+9.08127E-1	+2.45543E-2	+6.90110E-2
+7.75620E+0	+9.13976E-1	+2.51646E-2	+6.93618E-2
+7.77090E+0	+9.19604E-1	+2.41728E-2	+6.96985E-2
+7.78570E+0	+9.25086E-1	+1.73064E-2	+7.00225E-2
+7.80040E+0	+9.30346E-1	+2.04344E-2	+7.03440E-2
+7.81520E+0	+9.35455E-1	+2.05870E-2	+7.06408E-2
+7.82990E+0	+9.40343E-1	+1.73827E-2	+7.09279E-2
+7.84470E+0	+9.45076E-1	+1.82982E-2	+7.12032E-2
+7.85940E+0	+9.49588E-1	+1.81456E-2	+7.14661E-2
+7.87420E+0	+9.53941E-1	+1.70012E-2	+7.17308E-2
+7.88890E+0	+9.58074E-1	+1.52464E-2	+7.19697E-2
+7.90360E+0	+9.62017E-1	+2.00529E-2	+7.21993E-2
+7.91840E+0	+9.65793E-1	+1.65434E-2	+7.24236E-2
+7.93310E+0	+9.69352E-1	+1.06688E-2	+7.26318E-2
+7.94790E+0	+9.72740E-1	+1.78404E-2	+7.28377E-2
+7.96260E+0	+9.75912E-1	+1.60094E-2	+7.30292E-2
+7.97740E+0	+9.78909E-1	+1.45598E-2	+7.32132E-2
+7.99210E+0	+9.81691E-1	+1.44835E-2	+7.33696E-2
+8.00690E+0	+9.84295E-1	+9.14291E-3	+7.35386E-2
+8.02160E+0	+9.86685E-1	+1.74240E-3	+7.36794E-2
+8.03640E+0	+9.88893E-1	+1.89499E-3	+7.38231E-2
+8.05110E+0	+9.90890E-1	+1.49413E-2	+7.39562E-2
+8.06580E+0	+9.92689E-1	+3.34457E-3	+7.40681E-2
+8.08060E+0	+9.94302E-1	+6.85409E-3	+7.41785E-2
+8.09530E+0	+9.95706E-1	+5.17563E-3	+7.42825E-2
+8.11010E+0	+9.96919E-1	+1.34917E-2	+7.43818E-2
+8.12480E+0	+9.97925E-1	+5.70968E-3	+7.44591E-2
+8.13960E+0	+9.98738E-1	+3.34457E-3	+7.45357E-2
+8.15430E+0	+9.99347E-1	+3.19198E-3	+7.46054E-2
+8.16910E+0	+9.99759E-1	+3.26828E-3	+7.46560E-2
+8.18380E+0	+9.99969E-1	+3.87863E-3	+7.47195E-2
+8.19860E+0	+9.99980E-1	+2.27646E-3	+7.47618E-2
+8.21330E+0	+9.99791E-1	-1.99600E-3	+7.47856E-2
+8.22800E+0	+9.99404E-1	+1.97128E-3	+7.48095E-2
+8.24280E+0	+9.98814E-1	-8.51596E-4	+7.48257E-2
+8.25750E+0	+9.98029E-1	-1.53824E-3	+7.48360E-2
+8.27230E+0	+9.97038E-1	+2.04757E-3	+7.48398E-2
+8.28700E+0	+9.95855E-1	-2.60636E-3	+7.48319E-2
+8.30180E+0	+9.94464E-1	-2.41244E-4	+7.48314E-2
+8.31650E+0	+9.92885E-1	-2.07230E-3	+7.48161E-2
+8.33130E+0	+9.91095E-1	+1.28463E-3	+7.48007E-2
+8.34600E+0	+9.89120E-1	-2.98783E-3	+7.47853E-2
+8.36080E+0	+9.86933E-1	-2.14859E-3	+7.47623E-2
+8.37550E+0	+9.84564E-1	-1.91971E-3	+7.47370E-2
+8.39020E+0	+9.82000E-1	-8.02323E-3	+7.46997E-2
+8.40500E+0	+9.79221E-1	+2.04757E-3	+7.46714E-2
+8.41970E+0	+9.76266E-1	+3.49716E-3	+7.46300E-2
+8.43450E+0	+9.73095E-1	+2.81051E-3	+7.45838E-2
+8.44920E+0	+9.69751E-1	-5.81070E-3	+7.45353E-2
+8.46400E+0	+9.66190E-1	-2.68265E-3	+7.44808E-2
+8.47870E+0	+9.62460E-1	-1.08048E-3	+7.44142E-2
+8.49350E+0	+9.58512E-1	-3.82706E-3	+7.43493E-2
+8.50820E+0	+9.54400E-1	-3.97965E-3	+7.42765E-2
+8.52300E+0	+9.50068E-1	-5.65811E-3	+7.41961E-2
+8.53770E+0	+9.45576E-1	-2.91153E-3	+7.41087E-2
+8.55240E+0	+9.40896E-1	-4.89517E-3	+7.40166E-2
+8.56720E+0	+9.35996E-1	-5.58182E-3	+7.39168E-2
+8.58190E+0	+9.30942E-1	-8.32840E-3	+7.38118E-2
+8.59670E+0	+9.25667E-1	-7.79434E-3	+7.36944E-2
+8.61140E+0	+9.20243E-1	-9.62540E-3	+7.35730E-2
+8.62620E+0	+9.14598E-1	-1.06935E-2	+7.34398E-2
+8.64090E+0	+9.08808E-1	-1.06935E-2	+7.33012E-2
+8.65570E+0	+9.02797E-1	-1.22194E-2	+7.31557E-2
+8.67040E+0	+8.96646E-1	-1.06935E-2	+7.29938E-2
+8.68520E+0	+8.90274E-1	-1.41267E-2	+7.28273E-2
+8.69990E+0	+8.83767E-1	-1.15327E-2	+7.26513E-2
+8.71460E+0	+8.77085E-1	-1.51186E-2	+7.24642E-2
+8.72940E+0	+8.70181E-1	-1.22957E-2	+7.22623E-2
+8.74410E+0	+8.63151E-1	-1.32875E-2	+7.20513E-2
+8.75890E+0	+8.55900E-1	-1.58052E-2	+7.18363E-2
+8.77360E+0	+8.48526E-1	-1.67207E-2	+7.16000E-2
+8.78840E+0	+8.40933E-1	-1.98488E-2	+7.13564E-2
+8.80310E+0	+8.33223E-1	-1.83992E-2	+7.10992E-2
+8.81790E+0	+8.25294E-1	-2.03828E-2	+7.08318E-2
+8.83260E+0	+8.17253E-1	-1.95436E-2	+7.05483E-2
+8.84740E+0	+8.08994E-1	-2.07643E-2	+7.02505E-2
+8.86210E+0	+8.00630E-1	-2.14510E-2	+6.99444E-2
+8.87690E+0	+7.92048E-1	-2.27480E-2	+6.96201E-2
+8.89160E+0	+7.83366E-1	-1.99251E-2	+6.92851E-2
+8.90630E+0	+7.74529E-1	-2.44264E-2	+6.89341E-2
+8.92110E+0	+7.65476E-1	-2.44264E-2	+6.85588E-2
+8.93580E+0	+7.56331E-1	-2.57234E-2	+6.81824E-2
+8.95060E+0	+7.46973E-1	-2.74782E-2	+6.77692E-2
+8.96530E+0	+7.37529E-1	-2.87752E-2	+6.73597E-2
+8.98010E+0	+7.27873E-1	-2.73256E-2	+6.69262E-2
+8.99480E+0	+7.18137E-1	-3.23610E-2	+6.64696E-2
+9.00960E+0	+7.08191E-1	-3.08351E-2	+6.60106E-2
+9.02430E+0	+6.98170E-1	-3.34291E-2	+6.55191E-2
+9.03910E+0	+6.87942E-1	-3.51839E-2	+6.50235E-2
+9.05380E+0	+6.77645E-1	-3.79305E-2	+6.45090E-2
+9.06850E+0	+6.67214E-1	-3.29713E-2	+6.39641E-2
+9.08330E+0	+6.56578E-1	-4.16689E-2	+6.34060E-2
+9.09800E+0	+6.45883E-1	-4.09822E-2	+6.28391E-2
+9.11280E+0	+6.34986E-1	-3.90749E-2	+6.22524E-2
+9.12750E+0	+6.24036E-1	-3.79305E-2	+6.16299E-2
+9.14230E+0	+6.12886E-1	-4.25844E-2	+6.09953E-2
+9.15700E+0	+6.01689E-1	-4.54836E-2	+6.03434E-2
+9.17180E+0	+5.90295E-1	-4.73909E-2	+5.96777E-2
+9.18650E+0	+5.78861E-1	-4.95271E-2	+5.89868E-2
+9.20130E+0	+5.67233E-1	-4.87642E-2	+5.82593E-2
+9.21600E+0	+5.55570E-1	-4.91457E-2	+5.75143E-2
+9.23070E+0	+5.43797E-1	-4.99849E-2	+5.67505E-2
+9.24550E+0	+5.31835E-1	-5.04427E-2	+5.59606E-2
+9.26020E+0	+5.19847E-1	-5.11293E-2	+5.51507E-2
+9.27500E+0	+5.07674E-1	-5.17397E-2	+5.43201E-2
+9.28970E+0	+4.95482E-1	-5.18922E-2	+5.34769E-2
+9.30450E+0	+4.83107E-1	-5.78432E-2	+5.26148E-2
+9.31920E+0	+4.70720E-1	-5.73854E-2	+5.17211E-2
+9.33400E+0	+4.58154E-1	-5.91402E-2	+5.08073E-2
+9.34870E+0	+4.45582E-1	-6.22682E-2	+4.98835E-2
+9.36350E+0	+4.32835E-1	-6.34126E-2	+4.89292E-2
+9.37820E+0	+4.20087E-1	-6.53963E-2	+4.79627E-2
+9.39290E+0	+4.07256E-1	-6.94399E-2	+4.69788E-2
+9.40770E+0	+3.94256E-1	-6.96687E-2	+4.59715E-2
+9.42240E+0	+3.81266E-1	-7.44753E-2	+4.49424E-2
+9.43720E+0	+3.68110E-1	-7.09657E-2	+4.38853E-2
+9.45190E+0	+3.54970E-1	-6.92873E-2	+4.28134E-2
+9.46670E+0	+3.41670E-1	-7.05080E-2	+4.17344E-2
+9.48140E+0	+3.28391E-1	-7.65352E-2	+4.06196E-2
+9.49620E+0	+3.14956E-1	-8.57668E-2	+3.94858E-2
+9.51090E+0	+3.01549E-1	-8.29439E-2	+3.83378E-2
+9.52570E+0	+2.87990E-1	-7.72218E-2	+3.71802E-2
+9.54040E+0	+2.74466E-1	-7.89003E-2	+3.59993E-2
+9.55510E+0	+2.60887E-1	-8.18758E-2	+3.48012E-2
+9.56990E+0	+2.47163E-1	-8.40883E-2	+3.35778E-2
+9.58460E+0	+2.33483E-1	-8.27913E-2	+3.23367E-2
+9.59940E+0	+2.19662E-1	-8.11128E-2	+3.10888E-2
+9.61410E+0	+2.05892E-1	-9.09547E-2	+2.98206E-2
+9.62890E+0	+1.91986E-1	-9.41591E-2	+2.85333E-2
+9.64360E+0	+1.78136E-1	-8.59956E-2	+2.72242E-2
+9.65840E+0	+1.64157E-1	-8.74452E-2	+2.59086E-2
+9.67310E+0	+1.50238E-1	-9.30910E-2	+2.45875E-2
+9.68790E+0	+1.36196E-1	-8.81319E-2	+2.32375E-2
+9.70260E+0	+1.22220E-1	-8.56142E-2	+2.19050E-2
+9.71740E+0	+1.08126E-1	-9.47694E-2	+2.05523E-2
+9.73210E+0	+9.41045E-2	-9.77449E-2	+1.92033E-2
+9.74680E+0	+8.00647E-2	-8.91237E-2	+1.78425E-2
+9.76160E+0	+6.59134E-2	-8.98866E-2	+1.64748E-2
+9.77630E+0	+5.18445E-2	-9.40828E-2	+1.51076E-2
+9.79110E+0	+3.76695E-2	-9.06496E-2	+1.37298E-2
+9.80580E+0	+2.35828E-2	-9.12599E-2	+1.23675E-2
+9.82060E+0	+9.39549E-3	-9.71346E-2	+1.09762E-2
+9.83530E+0	-4.69780E-3	-8.93526E-2	+9.61368E-3
+9.85010E+0	-1.88860E-2	-9.26332E-2	+8.22889E-3
+9.86480E+0	-3.29746E-2	-9.62953E-2	+6.84379E-3
+9.87960E+0	-4.71524E-2	-8.98103E-2	+5.45563E-3
+9.89430E+0	-6.12250E-2	-9.11073E-2	+4.07835E-3
+9.90900E+0	-7.52855E-2	-9.87367E-2	+2.70020E-3
+9.92380E+0	-8.94265E-2	-9.32436E-2	+1.30746E-3
+9.93850E+0	-1.03454E-1	-8.93526E-2	-5.03787E-5
+9.95330E+0	-1.17556E-1	-9.47694E-2	-1.43059E-3
+9.96800E+0	-1.31540E-1	-9.59901E-2	-2.80733E-3
+9.98280E+0	-1.45592E-1	-8.68349E-2	-4.16507E-3
+9.99750E+0	-1.59521E-1	-9.35487E-2	-5.52136E-3
+1.00123E+1	-1.73512E-1	-9.74397E-2	-6.88129E-3
+1.00270E+1	-1.87374E-1	-8.69875E-2	-8.22269E-3
+1.00418E+1	-2.01292E-1	-8.74452E-2	-9.54730E-3
+1.00565E+1	-2.15077E-1	-9.15651E-2	-1.08746E-2
+1.00712E+1	-2.28819E-1	-9.13362E-2	-1.21928E-2
+1.00860E+1	-2.42608E-1	-8.48512E-2	-1.34998E-2
+1.01007E+1	-2.56256E-1	-8.63771E-2	-1.47934E-2
+1.01155E+1	-2.69945E-1	-8.92763E-2	-1.60801E-2
+1.01302E+1	-2.83488E-1	-8.75215E-2	-1.73586E-2
+1.01450E+1	-2.97066E-1	-8.48512E-2	-1.86184E-2
+1.01597E+1	-3.10494E-1	-8.14180E-2	-1.98654E-2
+1.01745E+1	-3.23950E-1	-8.39357E-2	-2.11059E-2
+1.01892E+1	-3.37251E-1	-8.45461E-2	-2.23263E-2
+1.02040E+1	-3.50575E-1	-8.19521E-2	-2.35463E-2
+1.02187E+1	-3.63738E-1	-7.92055E-2	-2.47390E-2
+1.02334E+1	-3.76830E-1	-7.71455E-2	-2.59197E-2
+1.02482E+1	-3.89935E-1	-7.54671E-2	-2.70808E-2
+1.02629E+1	-4.02873E-1	-7.67641E-2	-2.82352E-2
+1.02777E+1	-4.15819E-1	-7.72218E-2	-2.93838E-2
+1.02924E+1	-4.28595E-1	-7.73744E-2	-3.05154E-2
+1.03072E+1	-4.41371E-1	-8.01973E-2	-3.16315E-2
+1.03219E+1	-4.53973E-1	-7.72218E-2	-3.27360E-2
+1.03367E+1	-4.66570E-1	-7.60774E-2	-3.38266E-2
+1.03514E+1	-4.78989E-1	-7.24916E-2	-3.48918E-2
+1.03662E+1	-4.91396E-1	-7.49330E-2	-3.59409E-2
+1.03809E+1	-5.03621E-1	-7.31020E-2	-3.69762E-2
+1.03956E+1	-5.15746E-1	-7.12709E-2	-3.79966E-2
+1.04104E+1	-5.27851E-1	-6.94399E-2	-3.90059E-2
+1.04251E+1	-5.39768E-1	-7.00502E-2	-3.99878E-2
+1.04399E+1	-5.51658E-1	-6.79140E-2	-4.09653E-2
+1.04546E+1	-5.63358E-1	-6.78377E-2	-4.19145E-2
+1.04694E+1	-5.75024E-1	-6.37941E-2	-4.28569E-2
+1.04841E+1	-5.86497E-1	-6.28786E-2	-4.37680E-2
+1.04989E+1	-5.97930E-1	-6.15053E-2	-4.46811E-2
+1.05136E+1	-6.09167E-1	-5.72328E-2	-4.55726E-2
+1.05284E+1	-6.20358E-1	-5.82246E-2	-4.64597E-2
+1.05431E+1	-6.31350E-1	-5.80721E-2	-4.73130E-2
+1.05578E+1	-6.42216E-1	-5.60121E-2	-4.81538E-2
+1.05726E+1	-6.53028E-1	-5.80721E-2	-4.89820E-2
+1.05873E+1	-6.63636E-1	-5.25026E-2	-4.97901E-2
+1.06021E+1	-6.74183E-1	-5.28078E-2	-5.05864E-2
+1.06168E+1	-6.84525E-1	-5.25026E-2	-5.13471E-2
+1.06316E+1	-6.94799E-1	-4.95271E-2	-5.21114E-2
+1.06463E+1	-7.04866E-1	-5.28078E-2	-5.28552E-2
+1.06611E+1	-7.14860E-1	-4.92220E-2	-5.35859E-2
+1.06758E+1	-7.24644E-1	-4.62465E-2	-5.42927E-2
+1.06906E+1	-7.34349E-1	-4.85353E-2	-5.49858E-2
+1.07053E+1	-7.43842E-1	-4.59413E-2	-5.56601E-2
+1.07201E+1	-7.53250E-1	-4.61702E-2	-5.63260E-2
+1.07348E+1	-7.62444E-1	-4.55598E-2	-5.69663E-2
+1.07495E+1	-7.71488E-1	-4.38051E-2	-5.75931E-2
+1.07643E+1	-7.80438E-1	-4.18214E-2	-5.81968E-2
+1.07790E+1	-7.89172E-1	-4.15163E-2	-5.87928E-2
+1.07938E+1	-7.97806E-1	-3.75490E-2	-5.93762E-2
+1.08085E+1	-8.06224E-1	-3.72438E-2	-5.99382E-2
+1.08233E+1	-8.14537E-1	-3.58705E-2	-6.04984E-2
+1.08380E+1	-8.22632E-1	-3.61757E-2	-6.10299E-2
+1.08528E+1	-8.30616E-1	-3.22847E-2	-6.15495E-2
+1.08675E+1	-8.38382E-1	-3.61757E-2	-6.20617E-2
+1.08823E+1	-8.46031E-1	-3.28188E-2	-6.25565E-2
+1.08970E+1	-8.53461E-1	-3.25136E-2	-6.30263E-2
+1.09117E+1	-8.60721E-1	-3.20558E-2	-6.34907E-2
+1.09265E+1	-8.67857E-1	-2.95381E-2	-6.39364E-2
+1.09412E+1	-8.74773E-1	-2.85463E-2	-6.43677E-2
+1.09560E+1	-8.81559E-1	-2.49605E-2	-6.47857E-2
+1.09707E+1	-8.88125E-1	-2.85463E-2	-6.51925E-2
+1.09855E+1	-8.94557E-1	-2.80122E-2	-6.55882E-2
+1.10002E+1	-9.00767E-1	-2.27480E-2	-6.59650E-2
+1.10150E+1	-9.06838E-1	-2.46553E-2	-6.63338E-2
+1.10297E+1	-9.12688E-1	-2.56471E-2	-6.66867E-2
+1.10445E+1	-9.18395E-1	-2.36635E-2	-6.70261E-2
+1.10592E+1	-9.23880E-1	-2.30531E-2	-6.73514E-2
+1.10739E+1	-9.29181E-1	-2.32057E-2	-6.76624E-2
+1.10887E+1	-9.34332E-1	-2.03066E-2	-6.79692E-2
+1.11034E+1	-9.39262E-1	-1.89333E-2	-6.82601E-2
+1.11182E+1	-9.44037E-1	-1.66444E-2	-6.85423E-2
+1.11329E+1	-9.48592E-1	-1.64156E-2	-6.88114E-2
+1.11477E+1	-9.52987E-1	-2.01540E-2	-6.90659E-2
+1.11624E+1	-9.57163E-1	-1.14565E-2	-6.93165E-2
+1.11772E+1	-9.61175E-1	-1.72548E-2	-6.95550E-2
+1.11919E+1	-9.64968E-1	-1.58815E-2	-6.97753E-2
+1.12067E+1	-9.68594E-1	-1.29823E-2	-6.99929E-2
+1.12214E+1	-9.72002E-1	-1.84755E-2	-7.01995E-2
+1.12361E+1	-9.75217E-1	-1.13039E-2	-7.03916E-2
+1.12509E+1	-9.78258E-1	-1.26009E-2	-7.05801E-2
+1.12656E+1	-9.81083E-1	-1.80177E-2	-7.07524E-2
+1.12804E+1	-9.83731E-1	-4.97147E-3	-7.09195E-2
+1.12951E+1	-9.86165E-1	-9.85428E-3	-7.10732E-2
+1.13099E+1	-9.88418E-1	-1.17616E-2	-7.12176E-2
+1.13246E+1	-9.90459E-1	-3.21671E-3	-7.13645E-2
+1.13394E+1	-9.92314E-1	-1.16090E-2	-7.14962E-2
+1.13541E+1	-9.93960E-1	-9.01505E-3	-7.16197E-2
+1.13689E+1	-9.95417E-1	-1.26772E-2	-7.17295E-2
+1.13836E+1	-9.96666E-1	-3.82706E-3	-7.18302E-2
+1.13983E+1	-9.97717E-1	-6.26847E-3	-7.19322E-2
+1.14131E+1	-9.98574E-1	-3.44559E-3	-7.20084E-2
+1.14278E+1	-9.99228E-1	-1.76712E-3	-7.20864E-2
+1.14426E+1	-9.99685E-1	-2.53006E-3	-7.21475E-2
+1.14573E+1	-9.99939E-1	-3.52188E-3	-7.22145E-2
+1.14721E+1	-9.99995E-1	-3.06412E-3	-7.22647E-2
+1.14868E+1	-9.99851E-1	-2.60636E-3	-7.23104E-2
+1.15016E+1	-9.99506E-1	-1.46195E-3	-7.23368E-2
+1.15163E+1	-9.98963E-1	-1.99600E-3	-7.23608E-2
+1.15311E+1	-9.98217E-1	+1.97128E-3	-7.23840E-2
+1.15458E+1	-9.97276E-1	-3.52188E-3	-7.23979E-2
+1.15606E+1	-9.96129E-1	-2.60636E-3	-7.24066E-2
+1.15753E+1	-9.94792E-1	+2.12387E-3	-7.24069E-2
+1.15900E+1	-9.93256E-1	-2.83524E-3	-7.24049E-2
+1.16048E+1	-9.91511E-1	-1.08048E-3	-7.24005E-2
+1.16195E+1	-9.89581E-1	-3.17538E-4	-7.23824E-2
+1.16343E+1	-9.87438E-1	+6.24374E-3	-7.23695E-2
+1.16490E+1	-9.85113E-1	+7.15927E-3	-7.23537E-2
+1.16638E+1	-9.82575E-1	-3.44559E-3	-7.23288E-2
+1.16785E+1	-9.79858E-1	+5.63339E-3	-7.23101E-2
+1.16933E+1	-9.76926E-1	-6.57364E-3	-7.22769E-2
+1.17080E+1	-9.73819E-1	-2.75894E-3	-7.22410E-2
+1.17228E+1	-9.70495E-1	+5.09933E-3	-7.22037E-2
+1.17375E+1	-9.67001E-1	+1.66610E-3	-7.21614E-2
+1.17522E+1	-9.63314E-1	+1.74240E-3	-7.21072E-2
+1.17670E+1	-9.59409E-1	+2.35275E-3	-7.20562E-2
+1.17817E+1	-9.55340E-1	+1.81869E-3	-7.19937E-2
+1.17965E+1	-9.51051E-1	+2.35275E-3	-7.19217E-2
+1.18112E+1	-9.46601E-1	+7.23556E-3	-7.18482E-2
+1.18260E+1	-9.41931E-1	+5.93857E-3	-7.17698E-2
+1.18407E+1	-9.37105E-1	+3.19198E-3	-7.16805E-2
+1.18555E+1	-9.32058E-1	+5.55710E-3	-7.15884E-2
+1.18702E+1	-9.26859E-1	+7.92221E-3	-7.14823E-2
+1.18850E+1	-9.21440E-1	+6.85409E-3	-7.13741E-2
+1.18997E+1	-9.15873E-1	+6.62521E-3	-7.12592E-2
+1.19144E+1	-9.10124E-1	+1.11266E-2	-7.11326E-2
+1.19292E+1	-9.04153E-1	+1.12791E-2	-7.09971E-2
+1.19439E+1	-8.98043E-1	+1.03636E-2	-7.08521E-2
+1.19587E+1	-8.91711E-1	+1.04399E-2	-7.06971E-2
+1.19734E+1	-8.85243E-1	+1.03636E-2	-7.05323E-2
+1.19882E+1	-8.78555E-1	+1.36443E-2	-7.03536E-2
+1.20029E+1	-8.71736E-1	+1.26524E-2	-7.01732E-2
+1.20177E+1	-8.64696E-1	+1.06688E-2	-6.99794E-2
+1.20324E+1	-8.57531E-1	+1.30339E-2	-6.97733E-2
+1.20472E+1	-8.50146E-1	+1.42546E-2	-6.95564E-2
+1.20619E+1	-8.42641E-1	+1.57805E-2	-6.93255E-2
+1.20766E+1	-8.34968E-1	+1.72301E-2	-6.90827E-2
+1.20914E+1	-8.27076E-1	+1.68486E-2	-6.88196E-2
+1.21061E+1	-8.19073E-1	+1.92137E-2	-6.85607E-2
+1.21209E+1	-8.10850E-1	+2.05870E-2	-6.82743E-2
+1.21356E+1	-8.02522E-1	+2.02055E-2	-6.79750E-2
+1.21504E+1	-7.93975E-1	+2.50121E-2	-6.76663E-2
+1.21651E+1	-7.85329E-1	+2.21129E-2	-6.73385E-2
+1.21799E+1	-7.76466E-1	+2.35625E-2	-6.70004E-2
+1.21946E+1	-7.67508E-1	+2.27232E-2	-6.66476E-2
+1.22094E+1	-7.58335E-1	+2.53172E-2	-6.62870E-2
+1.22241E+1	-7.49073E-1	+2.58513E-2	-6.58988E-2
+1.22388E+1	-7.39662E-1	+2.86742E-2	-6.55040E-2
+1.22536E+1	-7.30039E-1	+2.74535E-2	-6.50743E-2
+1.22683E+1	-7.20335E-1	+3.17259E-2	-6.46512E-2
+1.22831E+1	-7.10421E-1	+2.85979E-2	-6.41996E-2
+1.22978E+1	-7.00432E-1	+3.15733E-2	-6.37273E-2
+1.23126E+1	-6.90235E-1	+3.69902E-2	-6.32415E-2
+1.23273E+1	-6.79969E-1	+3.02000E-2	-6.27315E-2
+1.23421E+1	-6.69496E-1	+3.50829E-2	-6.22079E-2
+1.23568E+1	-6.58961E-1	+4.19493E-2	-6.16748E-2
+1.23716E+1	-6.48222E-1	+3.90501E-2	-6.11168E-2
+1.23863E+1	-6.37427E-1	+3.71428E-2	-6.05310E-2
+1.24010E+1	-6.26505E-1	+4.05760E-2	-5.99293E-2
+1.24158E+1	-6.15383E-1	+4.48485E-2	-5.93093E-2
+1.24305E+1	-6.04213E-1	+4.72899E-2	-5.86698E-2
+1.24453E+1	-5.92846E-1	+4.69847E-2	-5.80040E-2
+1.24600E+1	-5.81438E-1	+4.21019E-2	-5.73143E-2
+1.24748E+1	-5.69836E-1	+4.40092E-2	-5.66101E-2
+1.24895E+1	-5.58198E-1	+4.42381E-2	-5.58770E-2
+1.25043E+1	-5.46369E-1	+5.04942E-2	-5.51261E-2
+1.25190E+1	-5.34512E-1	+5.51482E-2	-5.43402E-2
+1.25338E+1	-5.22466E-1	+5.52245E-2	-5.35518E-2
+1.25485E+1	-5.10397E-1	+5.85051E-2	-5.27318E-2
+1.25633E+1	-4.98145E-1	+6.02599E-2	-5.18904E-2
+1.25780E+1	-4.85875E-1	+6.04124E-2	-5.10228E-2
+1.25927E+1	-4.73509E-1	+6.28538E-2	-5.01603E-2
+1.26075E+1	-4.60964E-1	+6.10228E-2	-4.92509E-2
+1.26222E+1	-4.48412E-1	+6.20146E-2	-4.83358E-2
+1.26370E+1	-4.35684E-1	+5.85814E-2	-4.73792E-2
+1.26517E+1	-4.22956E-1	+6.04124E-2	-4.64291E-2
+1.26665E+1	-4.10056E-1	+6.04124E-2	-4.54379E-2
+1.26812E+1	-3.97162E-1	+6.92625E-2	-4.44328E-2
+1.26960E+1	-3.84100E-1	+7.07884E-2	-4.33999E-2
+1.27107E+1	-3.71050E-1	+7.20854E-2	-4.23705E-2
+1.27255E+1	-3.57837E-1	+7.46031E-2	-4.13039E-2
+1.27402E+1	-3.44641E-1	+7.42216E-2	-4.02248E-2
+1.27549E+1	-3.31378E-1	+7.07121E-2	-3.91314E-2
+1.27697E+1	-3.17957E-1	+7.77312E-2	-3.80136E-2
+1.27844E+1	-3.04564E-1	+8.40636E-2	-3.68737E-2
+1.27992E+1	-2.91019E-1	+8.36058E-2	-3.56912E-2
+1.28139E+1	-2.77507E-1	+8.00963E-2	-3.45298E-2
+1.28287E+1	-2.63847E-1	+7.47557E-2	-3.33329E-2
+1.28434E+1	-2.50227E-1	+8.23088E-2	-3.21295E-2
+1.28582E+1	-2.36465E-1	+8.59709E-2	-3.08825E-2
+1.28729E+1	-2.22748E-1	+8.66576E-2	-2.96315E-2
+1.28877E+1	-2.08893E-1	+8.33006E-2	-2.83540E-2
+1.29024E+1	-1.95090E-1	+9.28374E-2	-2.70611E-2
+1.29171E+1	-1.81249E-1	+9.36003E-2	-2.57631E-2
+1.29319E+1	-1.67277E-1	+8.43687E-2	-2.44356E-2
+1.29466E+1	-1.53366E-1	+8.58946E-2	-2.31255E-2
+1.29614E+1	-1.39329E-1	+9.29137E-2	-2.17669E-2
+1.29761E+1	-1.25360E-1	+9.20744E-2	-2.04270E-2
+1.29909E+1	-1.11270E-1	+8.94041E-2	-1.90620E-2
+1.30056E+1	-9.72538E-2	+9.67284E-2	-1.76912E-2
+1.30204E+1	-8.31224E-2	+9.73387E-2	-1.63174E-2
+1.30351E+1	-6.90700E-2	+8.74968E-2	-1.49482E-2
+1.30499E+1	-5.49081E-2	+9.43632E-2	-1.35700E-2
+1.30646E+1	-4.08309E-2	+9.48210E-2	-1.21784E-2
+1.30793E+1	-2.67456E-2	+9.10826E-2	-1.07945E-2
+1.30941E+1	-1.25591E-2	+9.40581E-2	-9.39427E-3
+1.31088E+1	+1.53398E-3	+9.78728E-2	-7.97614E-3
+1.31236E+1	+1.57227E-2	+8.90227E-2	-6.59997E-3
+1.31383E+1	+2.98123E-2	+9.13878E-2	-5.21663E-3
+1.31531E+1	+4.39919E-2	+9.69572E-2	-3.81522E-3
+1.31678E+1	+5.80668E-2	+9.36766E-2	-2.41920E-3
+1.31826E+1	+7.22259E-2	+9.26848E-2	-1.02351E-3
+1.31973E+1	+8.62749E-2	+9.94749E-2	+3.73390E-4
+1.32121E+1	+1.00402E-1	+9.41344E-2	+1.78879E-3
+1.32268E+1	+1.14414E-1	+9.02434E-2	+3.16232E-3
+1.32415E+1	+1.28403E-1	+9.51262E-2	+4.54575E-3
+1.32563E+1	+1.42461E-1	+9.55840E-2	+5.94061E-3
+1.32710E+1	+1.56397E-1	+8.94804E-2	+7.32318E-3
+1.32858E+1	+1.70395E-1	+9.33714E-2	+8.69864E-3
+1.33005E+1	+1.84265E-1	+9.83305E-2	+1.00755E-2
+1.33153E+1	+1.98192E-1	+9.31425E-2	+1.14527E-2
+1.33300E+1	+2.11986E-1	+8.56657E-2	+1.27875E-2
+1.33448E+1	+2.25831E-1	+9.34477E-2	+1.41306E-2
+1.33595E+1	+2.39538E-1	+9.13115E-2	+1.54584E-2
+1.33743E+1	+2.53289E-1	+8.77257E-2	+1.67868E-2
+1.33890E+1	+2.66898E-1	+8.53606E-2	+1.80863E-2
+1.34038E+1	+2.80545E-1	+8.82597E-2	+1.93930E-2
+1.34185E+1	+2.94044E-1	+9.27611E-2	+2.06890E-2
+1.34332E+1	+3.07485E-1	+8.71153E-2	+2.19573E-2
+1.34480E+1	+3.20955E-1	+7.98674E-2	+2.32238E-2
+1.34627E+1	+3.34271E-1	+8.25377E-2	+2.44621E-2
+1.34775E+1	+3.47610E-1	+8.61235E-2	+2.57103E-2
+1.34922E+1	+3.60789E-1	+8.48265E-2	+2.69293E-2
+1.35070E+1	+3.73986E-1	+7.99437E-2	+2.81513E-2
+1.35217E+1	+3.87019E-1	+8.14696E-2	+2.93489E-2
+1.35365E+1	+4.00064E-1	+7.79600E-2	+3.05363E-2
+1.35512E+1	+4.12940E-1	+7.64342E-2	+3.16918E-2
+1.35660E+1	+4.25821E-1	+7.52135E-2	+3.28422E-2
+1.35807E+1	+4.38530E-1	+7.75023E-2	+3.39763E-2
+1.35954E+1	+4.51152E-1	+7.70445E-2	+3.50926E-2
+1.36102E+1	+4.63770E-1	+7.77312E-2	+3.62025E-2
+1.36249E+1	+4.76209E-1	+7.79600E-2	+3.72902E-2
+1.36397E+1	+4.88638E-1	+7.46794E-2	+3.83706E-2
+1.36544E+1	+5.00885E-1	+7.41454E-2	+3.94207E-2
+1.36692E+1	+5.13116E-1	+7.23143E-2	+4.04641E-2
+1.36839E+1	+5.25161E-1	+7.18565E-2	+4.14835E-2
+1.36987E+1	+5.37183E-1	+7.13225E-2	+4.24965E-2
+1.37134E+1	+5.49016E-1	+6.92625E-2	+4.34853E-2
+1.37282E+1	+5.60820E-1	+6.72789E-2	+4.44647E-2
+1.37429E+1	+5.72433E-1	+6.32353E-2	+4.54242E-2
+1.37576E+1	+5.83931E-1	+6.19383E-2	+4.63725E-2
+1.37724E+1	+5.95391E-1	+5.96495E-2	+4.73014E-2
+1.37871E+1	+6.06655E-1	+6.17857E-2	+4.82024E-2
+1.38019E+1	+6.17873E-1	+5.94969E-2	+4.90975E-2
+1.38166E+1	+6.28893E-1	+6.04887E-2	+4.99710E-2
+1.38314E+1	+6.39862E-1	+5.80473E-2	+5.08357E-2
+1.38461E+1	+6.50628E-1	+5.52245E-2	+5.16737E-2
+1.38609E+1	+6.61338E-1	+5.48430E-2	+5.25090E-2
+1.38756E+1	+6.71843E-1	+5.70555E-2	+5.33124E-2
+1.38904E+1	+6.82285E-1	+5.43852E-2	+5.41072E-2
+1.39051E+1	+6.92520E-1	+5.23253E-2	+5.48812E-2
+1.39198E+1	+7.02618E-1	+5.04179E-2	+5.56326E-2
+1.39346E+1	+7.12644E-1	+4.95787E-2	+5.63761E-2
+1.39493E+1	+7.22460E-1	+4.81291E-2	+5.70988E-2
+1.39641E+1	+7.32197E-1	+4.86632E-2	+5.78109E-2
+1.39788E+1	+7.41723E-1	+4.33989E-2	+5.85024E-2
+1.39936E+1	+7.51165E-1	+4.32463E-2	+5.91763E-2
+1.40083E+1	+7.60394E-1	+4.14915E-2	+5.98356E-2
+1.40231E+1	+7.69532E-1	+4.27122E-2	+6.04806E-2
+1.40378E+1	+7.78456E-1	+3.90501E-2	+6.11075E-2
+1.40526E+1	+7.87284E-1	+3.99657E-2	+6.17195E-2
+1.40673E+1	+7.95895E-1	+3.93553E-2	+6.23054E-2
+1.40820E+1	+8.04348E-1	+4.04234E-2	+6.28732E-2
+1.40968E+1	+8.12698E-1	+3.72954E-2	+6.34354E-2
+1.41115E+1	+8.20829E-1	+3.52354E-2	+6.39778E-2
+1.41263E+1	+8.28850E-1	+3.80583E-2	+6.45071E-2
+1.41410E+1	+8.36653E-1	+3.30992E-2	+6.50200E-2
+1.41558E+1	+8.44340E-1	+3.17259E-2	+6.55181E-2
+1.41705E+1	+8.51808E-1	+2.68431E-2	+6.59969E-2
+1.41853E+1	+8.59155E-1	+3.25652E-2	+6.64680E-2
+1.42000E+1	+8.66281E-1	+2.95134E-2	+6.69211E-2
+1.42148E+1	+8.73282E-1	+2.82164E-2	+6.73633E-2
+1.42295E+1	+8.80061E-1	+2.76060E-2	+6.77901E-2
+1.42442E+1	+8.86666E-1	+2.79112E-2	+6.81972E-2
+1.42590E+1	+8.93138E-1	+2.62328E-2	+6.85919E-2
+1.42737E+1	+8.99388E-1	+2.63853E-2	+6.89711E-2
+1.42885E+1	+9.05500E-1	+2.63090E-2	+6.93440E-2
+1.43032E+1	+9.11391E-1	+2.22655E-2	+6.96965E-2
+1.43180E+1	+9.17138E-1	+2.18840E-2	+7.00435E-2
+1.43327E+1	+9.22664E-1	+2.31810E-2	+7.03712E-2
+1.43475E+1	+9.28043E-1	+2.16551E-2	+7.06946E-2
+1.43622E+1	+9.33200E-1	+2.28758E-2	+7.09983E-2
+1.43770E+1	+9.38205E-1	+1.86034E-2	+7.12935E-2
+1.43917E+1	+9.42989E-1	+1.67723E-2	+7.15743E-2
+1.44065E+1	+9.47616E-1	+1.86034E-2	+7.18453E-2
+1.44212E+1	+9.52024E-1	+1.77641E-2	+7.21045E-2
+1.44359E+1	+9.56242E-1	+1.57805E-2	+7.23570E-2
+1.44507E+1	+9.60297E-1	+1.66197E-2	+7.25910E-2
+1.44654E+1	+9.64133E-1	+1.37205E-2	+7.28153E-2
+1.44802E+1	+9.67802E-1	+1.16606E-2	+7.30319E-2
+1.44949E+1	+9.71253E-1	+1.70012E-2	+7.32398E-2
+1.45097E+1	+9.74533E-1	+8.76144E-3	+7.34350E-2
+1.45244E+1	+9.77597E-1	+1.02110E-2	+7.36232E-2
+1.45392E+1	+9.80485E-1	+1.15843E-2	+7.37945E-2
+1.45539E+1	+9.83158E-1	+1.18895E-2	+7.39493E-2
+1.45687E+1	+9.85652E-1	+1.42546E-2	+7.41088E-2
+1.45834E+1	+9.87933E-1	+1.41020E-2	+7.42559E-2
+1.45981E+1	+9.90018E-1	+1.44835E-2	+7.43843E-2
+1.46129E+1	+9.91918E-1	+5.25192E-3	+7.45109E-2
+1.46276E+1	+9.93608E-1	+7.84591E-3	+7.46213E-2
+1.46424E+1	+9.95109E-1	+7.31186E-3	+7.47302E-2
+1.46571E+1	+9.96403E-1	+4.18380E-3	+7.48294E-2
+1.46719E+1	+9.97505E-1	+5.32821E-3	+7.49163E-2
+1.46866E+1	+9.98401E-1	+1.25761E-2	+7.49990E-2
+1.47014E+1	+9.99102E-1	+9.98214E-3	+7.50637E-2
+1.47161E+1	+9.99600E-1	+3.72604E-3	+7.51285E-2
+1.47309E+1	+9.99901E-1	+2.12387E-3	+7.51893E-2
