+0.00000E+0	+0.00000E+0	-8.33926E-3	-4.16963E-7
+1.47000E-2	+1.40930E-2	+6.67473E-1	+5.14969E-3
+2.95000E-2	+2.82790E-2	+6.59691E-1	+1.49737E-2
+4.42000E-2	+4.23635E-2	+6.50612E-1	+2.46067E-2
+5.90000E-2	+5.65354E-2	+6.39473E-1	+3.41568E-2
+7.37000E-2	+7.06002E-2	+6.23680E-1	+4.34525E-2
+8.85000E-2	+8.47465E-2	+2.44804E-1	+5.01440E-2
+1.03200E-1	+9.87804E-2	+3.65883E-1	+5.58925E-2
+1.18000E-1	+1.12890E-1	+3.72520E-1	+6.00164E-2
+1.32700E-1	+1.26882E-1	+2.50068E-1	+6.40552E-2
+1.47500E-1	+1.40943E-1	+1.93458E-1	+6.77599E-2
+1.62200E-1	+1.54881E-1	+1.72630E-1	+7.10373E-2
+1.76900E-1	+1.68789E-1	+1.71333E-1	+7.38961E-2
+1.91700E-1	+1.82757E-1	+1.52183E-1	+7.64615E-2
+2.06400E-1	+1.96595E-1	+1.57676E-1	+7.88628E-2
+2.21200E-1	+2.10487E-1	+1.59965E-1	+8.10285E-2
+2.35900E-1	+2.24243E-1	+1.35551E-1	+8.30721E-2
+2.50700E-1	+2.38048E-1	+1.05720E-1	+8.49189E-2
+2.65400E-1	+2.51712E-1	+8.27557E-2	+8.65962E-2
+2.80200E-1	+2.65419E-1	+1.03965E-1	+8.81488E-2
+2.94900E-1	+2.78980E-1	+1.12358E-1	+8.96450E-2
+3.09700E-1	+2.92577E-1	+9.99981E-2	+9.10855E-2
+3.24400E-1	+3.06025E-1	+8.46631E-2	+9.23334E-2
+3.39100E-1	+3.19411E-1	+8.52734E-2	+9.35321E-2
+3.53900E-1	+3.32825E-1	+7.22271E-2	+9.46565E-2
+3.68600E-1	+3.46081E-1	+5.81891E-2	+9.57055E-2
+3.83400E-1	+3.59358E-1	+5.77313E-2	+9.66624E-2
+3.98100E-1	+3.72474E-1	+5.34588E-2	+9.75890E-2
+4.12900E-1	+3.85605E-1	+5.95623E-2	+9.84550E-2
+4.27600E-1	+3.98569E-1	+5.55188E-2	+9.92598E-2
+4.42400E-1	+4.11542E-1	+5.89520E-2	+1.00031E-1
+4.57100E-1	+4.24346E-1	+5.40692E-2	+1.00745E-1
+4.71900E-1	+4.37151E-1	+4.70501E-2	+1.01433E-1
+4.86600E-1	+4.49783E-1	+4.07177E-2	+1.02073E-1
+5.01400E-1	+4.62410E-1	+3.31646E-2	+1.02672E-1
+5.16100E-1	+4.74860E-1	+2.52301E-2	+1.03246E-1
+5.30800E-1	+4.87215E-1	+2.09576E-2	+1.03789E-1
+5.45600E-1	+4.99557E-1	+2.03473E-2	+1.04295E-1
+5.60300E-1	+5.11716E-1	+2.03473E-2	+1.04780E-1
+5.75100E-1	+5.23855E-1	+1.45489E-2	+1.05239E-1
+5.89800E-1	+5.35807E-1	+1.30993E-2	+1.05685E-1
+6.04600E-1	+5.47734E-1	+1.30993E-2	+1.06107E-1
+6.19300E-1	+5.59470E-1	+9.20835E-3	+1.06509E-1
+6.34100E-1	+5.71174E-1	+7.91135E-3	+1.06903E-1
+6.48800E-1	+5.82685E-1	+1.27942E-2	+1.07280E-1
+6.63600E-1	+5.94158E-1	+1.21075E-2	+1.07630E-1
+6.78300E-1	+6.05435E-1	+1.69903E-2	+1.07962E-1
+6.93000E-1	+6.16591E-1	+2.66034E-2	+1.08272E-1
+7.07800E-1	+6.27700E-1	+2.43145E-2	+1.08567E-1
+7.22500E-1	+6.38608E-1	+1.47778E-2	+1.08864E-1
+7.37300E-1	+6.49463E-1	+1.48541E-2	+1.09147E-1
+7.52000E-1	+6.60114E-1	+2.35516E-2	+1.09424E-1
+7.66800E-1	+6.70706E-1	+2.22546E-2	+1.09667E-1
+7.81500E-1	+6.81093E-1	+1.59222E-2	+1.09918E-1
+7.96300E-1	+6.91413E-1	+1.14972E-2	+1.10151E-1
+8.11000E-1	+7.01526E-1	+2.08813E-2	+1.10378E-1
+8.25800E-1	+7.11567E-1	+9.58982E-3	+1.10588E-1
+8.40500E-1	+7.21398E-1	+1.39386E-2	+1.10808E-1
+8.55200E-1	+7.31086E-1	+1.13446E-2	+1.10996E-1
+8.70000E-1	+7.40694E-1	+1.79059E-2	+1.11189E-1
+8.84700E-1	+7.50088E-1	+1.25653E-2	+1.11376E-1
+8.99500E-1	+7.59396E-1	+1.17260E-2	+1.11555E-1
+9.14200E-1	+7.68490E-1	+1.44726E-2	+1.11723E-1
+9.29000E-1	+7.77492E-1	+1.39386E-2	+1.11890E-1
+9.43700E-1	+7.86278E-1	+1.02765E-2	+1.12043E-1
+9.58500E-1	+7.94965E-1	+1.00476E-2	+1.12193E-1
+9.73200E-1	+8.03436E-1	+2.18930E-3	+1.12333E-1
+9.88000E-1	+8.11803E-1	+1.16498E-2	+1.12478E-1
+1.00270E+0	+8.19952E-1	+9.36093E-3	+1.12607E-1
+1.01740E+0	+8.27938E-1	+6.15659E-3	+1.12729E-1
+1.03220E+0	+8.35812E-1	+6.15659E-3	+1.12859E-1
+1.04690E+0	+8.43466E-1	+7.22470E-3	+1.12974E-1
+1.06170E+0	+8.51003E-1	+7.30100E-3	+1.13087E-1
+1.07640E+0	+8.58320E-1	+1.02002E-2	+1.13192E-1
+1.09120E+0	+8.65514E-1	+8.21652E-3	+1.13296E-1
+1.10590E+0	+8.72487E-1	+4.93589E-3	+1.13397E-1
+1.12070E+0	+8.79332E-1	+6.46176E-3	+1.13494E-1
+1.13540E+0	+8.85956E-1	+7.07212E-3	+1.13581E-1
+1.15020E+0	+8.92447E-1	+3.48630E-3	+1.13669E-1
+1.16490E+0	+8.98717E-1	+5.69882E-3	+1.13751E-1
+1.17960E+0	+9.04807E-1	+1.27378E-3	+1.13832E-1
+1.19440E+0	+9.10758E-1	+2.41818E-3	+1.13904E-1
+1.20910E+0	+9.16487E-1	+3.10483E-3	+1.13981E-1
+1.22390E+0	+9.22072E-1	+1.42636E-3	+1.14046E-1
+1.23860E+0	+9.27434E-1	+5.85141E-3	+1.14114E-1
+1.25340E+0	+9.32647E-1	-8.62455E-4	+1.14174E-1
+1.26810E+0	+9.37639E-1	+1.04290E-2	+1.14231E-1
+1.28290E+0	+9.42477E-1	+4.55442E-3	+1.14292E-1
+1.29760E+0	+9.47094E-1	+5.24106E-3	+1.14345E-1
+1.31240E+0	+9.51553E-1	+6.46176E-3	+1.14395E-1
+1.32710E+0	+9.55792E-1	+7.83506E-3	+1.14436E-1
+1.34180E+0	+9.59841E-1	+4.24924E-3	+1.14482E-1
+1.35660E+0	+9.63725E-1	+5.01218E-3	+1.14525E-1
+1.37130E+0	+9.67391E-1	+1.57895E-3	+1.14558E-1
+1.38610E+0	+9.70887E-1	-6.33573E-4	+1.14595E-1
+1.40080E+0	+9.74166E-1	+7.45359E-3	+1.14628E-1
+1.41560E+0	+9.77273E-1	+1.04290E-2	+1.14664E-1
+1.43030E+0	+9.80163E-1	+9.28464E-3	+1.14683E-1
+1.44510E+0	+9.82877E-1	-1.24591E-2	+1.14714E-1
+1.45980E+0	+9.85376E-1	+8.82688E-3	+1.14736E-1
+1.47460E+0	+9.87694E-1	+6.38547E-3	+1.14742E-1
+1.48930E+0	+9.89800E-1	+3.25742E-3	+1.14761E-1
+1.50410E+0	+9.91722E-1	-3.28397E-4	+1.14775E-1
+1.51880E+0	+9.93433E-1	-2.61722E-3	+1.14783E-1
+1.53350E+0	+9.94947E-1	-4.04691E-4	+1.14793E-1
+1.54830E+0	+9.96271E-1	-6.81338E-3	+1.14807E-1
+1.56300E+0	+9.97388E-1	+3.10483E-3	+1.14803E-1
+1.57780E+0	+9.98313E-1	+1.80783E-3	+1.14798E-1
+1.59250E+0	+9.99032E-1	-2.23575E-3	+1.14801E-1
+1.60730E+0	+9.99556E-1	+5.87130E-4	+1.14800E-1
+1.62200E+0	+9.99876E-1	-3.45645E-3	+1.14798E-1
+1.63680E+0	+9.99999E-1	-1.75809E-4	+1.14787E-1
+1.65150E+0	+9.99921E-1	-4.04691E-4	+1.14776E-1
+1.66630E+0	+9.99642E-1	-6.50821E-3	+1.14761E-1
+1.68100E+0	+9.99166E-1	+2.05660E-4	+1.14751E-1
+1.69570E+0	+9.98491E-1	-3.38015E-3	+1.14736E-1
+1.71050E+0	+9.97612E-1	+3.41001E-3	+1.14722E-1
+1.72520E+0	+9.96539E-1	+5.69882E-3	+1.14700E-1
+1.74000E+0	+9.95260E-1	-4.52456E-3	+1.14687E-1
+1.75470E+0	+9.93790E-1	+6.30918E-3	+1.14669E-1
+1.76950E+0	+9.92111E-1	-2.46463E-3	+1.14645E-1
+1.78420E+0	+9.90246E-1	+2.34189E-3	+1.14629E-1
+1.79900E+0	+9.88170E-1	-2.54092E-3	+1.14603E-1
+1.81370E+0	+9.85910E-1	-3.15127E-3	+1.14577E-1
+1.82850E+0	+9.83437E-1	+3.86777E-3	+1.14552E-1
+1.84320E+0	+9.80785E-1	-5.21121E-3	+1.14537E-1
+1.85790E+0	+9.77938E-1	+1.74481E-2	+1.14495E-1
+1.87270E+0	+9.74876E-1	-4.98233E-3	+1.14459E-1
+1.88740E+0	+9.71640E-1	-2.76980E-3	+1.14446E-1
+1.90220E+0	+9.68187E-1	-2.23575E-3	+1.14414E-1
+1.91690E+0	+9.64565E-1	-1.01504E-3	+1.14382E-1
+1.93170E+0	+9.60724E-1	-1.77798E-3	+1.14346E-1
+1.94640E+0	+9.56717E-1	-3.30386E-3	+1.14309E-1
+1.96120E+0	+9.52492E-1	-4.04691E-4	+1.14274E-1
+1.97590E+0	+9.48105E-1	-2.54092E-3	+1.14233E-1
+1.99070E+0	+9.43498E-1	-3.22757E-3	+1.14189E-1
+2.00540E+0	+9.38734E-1	-2.31204E-3	+1.14147E-1
+2.02010E+0	+9.33784E-1	-6.12674E-3	+1.14100E-1
+2.03490E+0	+9.28613E-1	-9.95153E-5	+1.14058E-1
+2.04960E+0	+9.23291E-1	-9.40738E-3	+1.14006E-1
+2.06440E+0	+9.17749E-1	+6.63424E-4	+1.13956E-1
+2.07910E+0	+9.12060E-1	-2.99869E-3	+1.13900E-1
+2.09390E+0	+9.06150E-1	-6.66079E-3	+1.13846E-1
+2.10860E+0	+9.00099E-1	-5.74527E-3	+1.13785E-1
+2.12340E+0	+8.93827E-1	-3.07498E-3	+1.13728E-1
+2.13810E+0	+8.87419E-1	-2.00686E-3	+1.13666E-1
+2.15290E+0	+8.80789E-1	+1.42636E-3	+1.13605E-1
+2.16760E+0	+8.74028E-1	-7.19485E-3	+1.13538E-1
+2.18230E+0	+8.67094E-1	-3.30386E-3	+1.13466E-1
+2.19710E+0	+8.59939E-1	-4.21939E-3	+1.13395E-1
+2.21180E+0	+8.52660E-1	-6.50821E-3	+1.13316E-1
+2.22660E+0	+8.45161E-1	-6.88968E-3	+1.13240E-1
+2.24130E+0	+8.37544E-1	-5.44009E-3	+1.13159E-1
+2.25610E+0	+8.29708E-1	-3.60904E-3	+1.13075E-1
+2.27080E+0	+8.21759E-1	-6.50821E-3	+1.12983E-1
+2.28560E+0	+8.13591E-1	-4.67715E-3	+1.12894E-1
+2.30030E+0	+8.05316E-1	-1.85428E-3	+1.12801E-1
+2.31510E+0	+7.96823E-1	-4.52456E-3	+1.12698E-1
+2.32980E+0	+7.88228E-1	-9.71255E-3	+1.12598E-1
+2.34460E+0	+7.79418E-1	-1.15436E-2	+1.12491E-1
+2.35930E+0	+7.70511E-1	-8.79703E-3	+1.12387E-1
+2.37400E+0	+7.61451E-1	-9.02591E-3	+1.12271E-1
+2.38880E+0	+7.52177E-1	-7.42373E-3	+1.12150E-1
+2.40350E+0	+7.42815E-1	-8.03409E-3	+1.12024E-1
+2.41830E+0	+7.33241E-1	-8.11038E-3	+1.11903E-1
+2.43300E+0	+7.23586E-1	-7.11856E-3	+1.11760E-1
+2.44780E+0	+7.13719E-1	-9.17849E-3	+1.11620E-1
+2.46250E+0	+7.03777E-1	-5.13492E-3	+1.11476E-1
+2.47730E+0	+6.93626E-1	-9.02591E-3	+1.11326E-1
+2.49200E+0	+6.83406E-1	-1.28406E-2	+1.11173E-1
+2.50680E+0	+6.72978E-1	-9.17849E-3	+1.11007E-1
+2.52150E+0	+6.62488E-1	-1.33747E-2	+1.10838E-1
+2.53620E+0	+6.51865E-1	-8.49185E-3	+1.10662E-1
+2.55100E+0	+6.41040E-1	-1.46717E-2	+1.10482E-1
+2.56570E+0	+6.30159E-1	-8.94961E-3	+1.10296E-1
+2.58050E+0	+6.19079E-1	-9.33108E-3	+1.10089E-1
+2.59520E+0	+6.07950E-1	-2.08515E-2	+1.09881E-1
+2.61000E+0	+5.96623E-1	-1.64264E-2	+1.09675E-1
+2.62470E+0	+5.85254E-1	-1.65790E-2	+1.09455E-1
+2.63950E+0	+5.73690E-1	-2.12329E-2	+1.09218E-1
+2.65420E+0	+5.62090E-1	-1.71131E-2	+1.08976E-1
+2.66900E+0	+5.50298E-1	-1.58161E-2	+1.08716E-1
+2.68370E+0	+5.38476E-1	-1.23065E-2	+1.08454E-1
+2.69840E+0	+5.26547E-1	-1.10095E-2	+1.08176E-1
+2.71320E+0	+5.14432E-1	-1.56635E-2	+1.07884E-1
+2.72790E+0	+5.02295E-1	-1.17725E-2	+1.07575E-1
+2.74270E+0	+4.89976E-1	-1.16962E-2	+1.07265E-1
+2.75740E+0	+4.77642E-1	-1.42902E-2	+1.06927E-1
+2.77220E+0	+4.65128E-1	-1.33747E-2	+1.06579E-1
+2.78690E+0	+4.52606E-1	-1.07807E-2	+1.06215E-1
+2.80170E+0	+4.39908E-1	-1.67316E-2	+1.05843E-1
+2.81640E+0	+4.27208E-1	-2.23773E-2	+1.05436E-1
+2.83120E+0	+4.14336E-1	-2.93964E-2	+1.05017E-1
+2.84590E+0	+4.01469E-1	-3.62628E-2	+1.04571E-1
+2.86060E+0	+3.88522E-1	-4.61811E-2	+1.04102E-1
+2.87540E+0	+3.75408E-1	-5.11402E-2	+1.03582E-1
+2.89010E+0	+3.62309E-1	-5.10639E-2	+1.03038E-1
+2.90490E+0	+3.49048E-1	-3.93146E-2	+1.02468E-1
+2.91960E+0	+3.35806E-1	-3.25244E-2	+1.01881E-1
+2.93440E+0	+3.22408E-1	-3.68732E-2	+1.01259E-1
+2.94910E+0	+3.09035E-1	-4.48078E-2	+1.00600E-1
+2.96390E+0	+2.95510E-1	-5.16742E-2	+9.98831E-2
+2.97860E+0	+2.82017E-1	-5.99140E-2	+9.91224E-2
+2.99340E+0	+2.68376E-1	-5.35053E-2	+9.83024E-2
+3.00810E+0	+2.54773E-1	-6.32709E-2	+9.74290E-2
+3.02280E+0	+2.41120E-1	-7.95978E-2	+9.64932E-2
+3.03760E+0	+2.27325E-1	-7.31128E-2	+9.54529E-2
+3.05230E+0	+2.13579E-1	-7.48676E-2	+9.43667E-2
+3.06710E+0	+1.99696E-1	-7.48676E-2	+9.32016E-2
+3.08180E+0	+1.85867E-1	-9.15760E-2	+9.19055E-2
+3.09660E+0	+1.71906E-1	-8.61591E-2	+9.05174E-2
+3.11130E+0	+1.58006E-1	-1.11183E-1	+8.89827E-2
+3.12610E+0	+1.43980E-1	-1.48033E-1	+8.72763E-2
+3.14080E+0	+1.30019E-1	-1.65200E-1	+8.53703E-2
+3.15560E+0	+1.15938E-1	-1.81755E-1	+8.32515E-2
+3.17030E+0	+1.01928E-1	-1.85646E-1	+8.09605E-2
+3.18500E+0	+8.78986E-2	-2.12654E-1	+7.83529E-2
+3.19980E+0	+7.37558E-2	-2.20360E-1	+7.54580E-2
+3.21450E+0	+5.96939E-2	-2.41646E-1	+7.21066E-2
+3.22930E+0	+4.55243E-2	-2.94594E-1	+6.82126E-2
+3.24400E+0	+3.14414E-2	-3.55172E-1	+6.33145E-2
+3.25880E+0	+1.72564E-2	-4.60915E-1	+5.74577E-2
+3.27350E+0	+3.16383E-3	-5.34081E-1	+5.00158E-2
+3.28830E+0	-1.10253E-2	-6.82091E-1	+4.10960E-2
+3.30300E+0	-2.51163E-2	-6.97960E-1	+3.08314E-2
+3.31780E+0	-3.92981E-2	-6.87889E-1	+2.05778E-2
+3.33250E+0	-5.33763E-2	-4.43138E-1	+1.20819E-2
+3.34730E+0	-6.75396E-2	-4.85634E-1	+4.93945E-3
+3.36200E+0	-8.15937E-2	-3.77526E-1	-6.10252E-4
+3.37670E+0	-9.56316E-2	-2.73690E-1	-5.85058E-3
+3.39150E+0	-1.09746E-1	-2.94442E-1	-1.03981E-2
+3.40620E+0	-1.23743E-1	-2.73003E-1	-1.40771E-2
+3.42100E+0	-1.37810E-1	-2.20284E-1	-1.74929E-2
+3.43570E+0	-1.51755E-1	-2.10976E-1	-2.05537E-2
+3.45050E+0	-1.65764E-1	-1.89919E-1	-2.33525E-2
+3.46520E+0	-1.79646E-1	-1.74965E-1	-2.59134E-2
+3.48000E+0	-1.93586E-1	-1.45668E-1	-2.82057E-2
+3.49470E+0	-2.07393E-1	-1.21254E-1	-3.03449E-2
+3.50950E+0	-2.21252E-1	-1.17668E-1	-3.22687E-2
+3.52420E+0	-2.34974E-1	-1.30791E-1	-3.40838E-2
+3.53890E+0	-2.48649E-1	-1.42388E-1	-3.58030E-2
+3.55370E+0	-2.62367E-1	-1.13625E-1	-3.74204E-2
+3.56840E+0	-2.75940E-1	-7.30365E-2	-3.88649E-2
+3.58320E+0	-2.89551E-1	-6.86115E-2	-4.01463E-2
+3.59790E+0	-3.03011E-1	-8.85242E-2	-4.14203E-2
+3.61270E+0	-3.16502E-1	-7.70038E-2	-4.26218E-2
+3.62740E+0	-3.29839E-1	-6.89167E-2	-4.37234E-2
+3.64220E+0	-3.43201E-1	-7.08240E-2	-4.47649E-2
+3.65690E+0	-3.56404E-1	-7.04425E-2	-4.57480E-2
+3.67170E+0	-3.69625E-1	-7.25025E-2	-4.66815E-2
+3.68640E+0	-3.82683E-1	-5.57941E-2	-4.75363E-2
+3.70110E+0	-3.95666E-1	-5.86933E-2	-4.83570E-2
+3.71590E+0	-4.08657E-1	-4.13745E-2	-4.91275E-2
+3.73060E+0	-4.21479E-1	-4.00012E-2	-4.98660E-2
+3.74540E+0	-4.34303E-1	-3.83991E-2	-5.05413E-2
+3.76010E+0	-4.46955E-1	-3.09223E-2	-5.11876E-2
+3.77490E+0	-4.59602E-1	-3.51947E-2	-5.18170E-2
+3.78960E+0	-4.72073E-1	-4.31293E-2	-5.23928E-2
+3.80440E+0	-4.84534E-1	-4.16034E-2	-5.29456E-2
+3.81910E+0	-4.96814E-1	-4.42737E-2	-5.34705E-2
+3.83390E+0	-5.09078E-1	-4.22138E-2	-5.39843E-2
+3.84860E+0	-5.21157E-1	-4.48078E-2	-5.44671E-2
+3.86330E+0	-5.33133E-1	-4.58759E-2	-5.49192E-2
+3.87810E+0	-5.45084E-1	-4.90802E-2	-5.53654E-2
+3.89280E+0	-5.56845E-1	-4.25189E-2	-5.57791E-2
+3.90760E+0	-5.68574E-1	-4.14508E-2	-5.61781E-2
+3.92230E+0	-5.80111E-1	-3.22956E-2	-5.65568E-2
+3.93710E+0	-5.91610E-1	-2.32166E-2	-5.69264E-2
+3.95180E+0	-6.02914E-1	-1.58924E-2	-5.72856E-2
+3.96660E+0	-6.14173E-1	-1.58161E-2	-5.76391E-2
+3.98130E+0	-6.25234E-1	-2.31403E-2	-5.79642E-2
+3.99610E+0	-6.36244E-1	-2.74890E-2	-5.82660E-2
+4.01080E+0	-6.47054E-1	-2.45136E-2	-5.85601E-2
+4.02550E+0	-6.57734E-1	-1.60449E-2	-5.88442E-2
+4.04030E+0	-6.68356E-1	-1.42902E-2	-5.91312E-2
+4.05500E+0	-6.78773E-1	-1.77234E-2	-5.93918E-2
+4.06980E+0	-6.89124E-1	-1.97834E-2	-5.96405E-2
+4.08450E+0	-6.99268E-1	-1.81049E-2	-5.99012E-2
+4.09930E+0	-7.09340E-1	-2.13092E-2	-6.01334E-2
+4.11400E+0	-7.19204E-1	-1.18488E-2	-6.03589E-2
+4.12880E+0	-7.28990E-1	-1.17725E-2	-6.05798E-2
+4.14350E+0	-7.38564E-1	-1.90204E-2	-6.07959E-2
+4.15830E+0	-7.48056E-1	-1.23065E-2	-6.09993E-2
+4.17300E+0	-7.57334E-1	-1.40613E-2	-6.11918E-2
+4.18780E+0	-7.66524E-1	-1.36798E-2	-6.13909E-2
+4.20250E+0	-7.75498E-1	-1.37561E-2	-6.15685E-2
+4.21720E+0	-7.84319E-1	-1.42902E-2	-6.17434E-2
+4.23200E+0	-7.93042E-1	-1.12384E-2	-6.19137E-2
+4.24670E+0	-8.01548E-1	-1.20014E-2	-6.20799E-2
+4.26150E+0	-8.09951E-1	-5.59268E-3	-6.22419E-2
+4.27620E+0	-8.18136E-1	-1.10858E-2	-6.24000E-2
+4.29100E+0	-8.26213E-1	-1.47480E-2	-6.25469E-2
+4.30570E+0	-8.34070E-1	-5.89786E-3	-6.26881E-2
+4.32050E+0	-8.41814E-1	-9.78885E-3	-6.28313E-2
+4.33520E+0	-8.49337E-1	-6.43191E-3	-6.29650E-2
+4.35000E+0	-8.56741E-1	-6.96597E-3	-6.31011E-2
+4.36470E+0	-8.63925E-1	-8.49185E-3	-6.32247E-2
+4.37940E+0	-8.70936E-1	-4.98233E-3	-6.33394E-2
+4.39420E+0	-8.77821E-1	-8.49185E-3	-6.34517E-2
+4.40890E+0	-8.84484E-1	-6.20303E-3	-6.35692E-2
+4.42370E+0	-8.91015E-1	-7.72891E-3	-6.36795E-2
+4.43840E+0	-8.97325E-1	-6.27932E-3	-6.37856E-2
+4.45320E+0	-9.03497E-1	-8.56814E-3	-6.38841E-2
+4.46790E+0	-9.09447E-1	-7.50003E-3	-6.39843E-2
+4.48270E+0	-9.15256E-1	-2.46463E-3	-6.40784E-2
+4.49740E+0	-9.20842E-1	-6.05044E-3	-6.41729E-2
+4.51220E+0	-9.26283E-1	-1.15436E-2	-6.42526E-2
+4.52690E+0	-9.31501E-1	-1.77798E-3	-6.43408E-2
+4.54160E+0	-9.36535E-1	+1.42636E-3	-6.44210E-2
+4.55640E+0	-9.41415E-1	-8.33926E-3	-6.44984E-2
+4.57110E+0	-9.46074E-1	-1.13147E-2	-6.45730E-2
+4.58590E+0	-9.50575E-1	-1.28406E-2	-6.46420E-2
+4.60060E+0	-9.54857E-1	-2.54092E-3	-6.47117E-2
+4.61540E+0	-9.58976E-1	-4.98233E-3	-6.47748E-2
+4.63010E+0	-9.62876E-1	-7.42373E-3	-6.48400E-2
+4.64490E+0	-9.66609E-1	-5.21121E-3	-6.49001E-2
+4.65960E+0	-9.70124E-1	-1.47281E-3	-6.49544E-2
+4.67440E+0	-9.73469E-1	-8.41556E-3	-6.50106E-2
+4.68910E+0	-9.76597E-1	-7.34744E-3	-6.50611E-2
+4.70380E+0	-9.79531E-1	-1.42902E-2	-6.51137E-2
+4.71860E+0	-9.82289E-1	+8.16012E-4	-6.51531E-2
+4.73330E+0	-9.84832E-1	-5.36380E-3	-6.52193E-2
+4.74810E+0	-9.87195E-1	+5.10836E-4	-6.52424E-2
+4.76280E+0	-9.89345E-1	-6.81338E-3	-6.52850E-2
+4.77760E+0	-9.91311E-1	-3.45645E-3	-6.53135E-2
+4.79230E+0	-9.93066E-1	-1.02466E-2	-6.53467E-2
+4.80710E+0	-9.94634E-1	-9.48367E-3	-6.53803E-2
+4.82180E+0	-9.95993E-1	+5.30726E-5	-6.54037E-2
+4.83660E+0	-9.97162E-1	-3.76162E-3	-6.54364E-2
+4.85130E+0	-9.98124E-1	-3.91421E-3	-6.54555E-2
+4.86600E+0	-9.98888E-1	+1.27378E-3	-6.54728E-2
+4.88080E+0	-9.99456E-1	+1.42636E-3	-6.54985E-2
+4.89550E+0	-9.99822E-1	-4.21939E-3	-6.55083E-2
+4.91030E+0	-9.99989E-1	-1.16763E-3	-6.55226E-2
+4.92500E+0	-9.99956E-1	-1.62539E-3	-6.55340E-2
+4.93980E+0	-9.99722E-1	+2.95224E-3	-6.55399E-2
+4.95450E+0	-9.99290E-1	+2.05660E-4	-6.55547E-2
+4.96930E+0	-9.98655E-1	+8.16012E-4	-6.55603E-2
+4.98400E+0	-9.97825E-1	-2.52103E-4	-6.55728E-2
+4.99880E+0	-9.96790E-1	-6.12674E-3	-6.55748E-2
+5.01350E+0	-9.95562E-1	+3.94406E-3	-6.55757E-2
+5.02820E+0	-9.94137E-1	-6.81338E-3	-6.55871E-2
+5.04300E+0	-9.92503E-1	-6.27932E-3	-6.55848E-2
+5.05770E+0	-9.90682E-1	+1.29367E-4	-6.55831E-2
+5.07250E+0	-9.88650E-1	-1.93057E-3	-6.55875E-2
+5.08720E+0	-9.86434E-1	-7.11856E-3	-6.55830E-2
+5.10200E+0	-9.84006E-1	-3.15127E-3	-6.55846E-2
+5.11670E+0	-9.81398E-1	+1.35571E-2	-6.55747E-2
+5.13150E+0	-9.78575E-1	-1.39850E-2	-6.55796E-2
+5.14620E+0	-9.75576E-1	-1.42902E-2	-6.55493E-2
+5.16100E+0	-9.72361E-1	+5.30726E-5	-6.55536E-2
+5.17570E+0	-9.68974E-1	+5.01218E-3	-6.55507E-2
+5.19050E+0	-9.65369E-1	-2.23575E-3	-6.55388E-2
+5.20520E+0	-9.61597E-1	-2.99869E-3	-6.55259E-2
+5.21990E+0	-9.57633E-1	+2.34189E-3	-6.55121E-2
+5.23470E+0	-9.53451E-1	+4.78330E-3	-6.54940E-2
+5.24940E+0	-9.49106E-1	-1.39651E-3	-6.54786E-2
+5.26420E+0	-9.44542E-1	+3.86777E-3	-6.54591E-2
+5.27890E+0	-9.39820E-1	+4.47812E-3	-6.54389E-2
+5.29370E+0	-9.34878E-1	+3.10483E-3	-6.54160E-2
+5.30840E+0	-9.29782E-1	+1.88413E-3	-6.53879E-2
+5.32320E+0	-9.24465E-1	-2.52103E-4	-6.53642E-2
+5.33790E+0	-9.19000E-1	+1.12119E-3	-6.53313E-2
+5.35270E+0	-9.13314E-1	+2.49448E-3	-6.53052E-2
+5.36740E+0	-9.07484E-1	-1.01504E-3	-6.52697E-2
+5.38210E+0	-9.01473E-1	+1.73154E-3	-6.52339E-2
+5.39690E+0	-8.95241E-1	+1.42636E-3	-6.51954E-2
+5.41160E+0	-8.88873E-1	+2.41818E-3	-6.51561E-2
+5.42640E+0	-8.82283E-1	+4.34542E-4	-6.51125E-2
+5.44110E+0	-8.75561E-1	-2.54092E-3	-6.50715E-2
+5.45590E+0	-8.68618E-1	+5.85141E-3	-6.50238E-2
+5.47060E+0	-8.61549E-1	+4.17295E-3	-6.49703E-2
+5.48540E+0	-8.54259E-1	+5.16477E-3	-6.49170E-2
+5.50010E+0	-8.46848E-1	+3.10483E-3	-6.48608E-2
+5.51490E+0	-8.39217E-1	+1.96042E-3	-6.48019E-2
+5.52960E+0	-8.31470E-1	+6.91953E-3	-6.47411E-2
+5.54430E+0	-8.23557E-1	+9.68600E-4	-6.46771E-2
+5.55910E+0	-8.15426E-1	+5.69882E-3	-6.46076E-2
+5.57380E+0	-8.07187E-1	+9.66611E-3	-6.45360E-2
+5.58860E+0	-7.98730E-1	+7.45359E-3	-6.44596E-2
+5.60330E+0	-7.90171E-1	+2.49448E-3	-6.43797E-2
+5.61810E+0	-7.81396E-1	+5.46994E-3	-6.42919E-2
+5.63280E+0	-7.72524E-1	+5.92771E-3	-6.42087E-2
+5.64760E+0	-7.63436E-1	+1.09631E-2	-6.41184E-2
+5.66230E+0	-7.54258E-1	+1.15735E-2	-6.40233E-2
+5.67710E+0	-7.44866E-1	+1.08868E-2	-6.39231E-2
+5.69180E+0	-7.35389E-1	+9.66611E-3	-6.38182E-2
+5.70650E+0	-7.25766E-1	+7.52988E-3	-6.37107E-2
+5.72130E+0	-7.15932E-1	+7.22470E-3	-6.35993E-2
+5.73600E+0	-7.06021E-1	+5.85141E-3	-6.34758E-2
+5.75080E+0	-6.95902E-1	+1.37097E-2	-6.33492E-2
+5.76550E+0	-6.85712E-1	+7.83506E-3	-6.32197E-2
+5.78030E+0	-6.75315E-1	+8.67429E-3	-6.30824E-2
+5.79500E+0	-6.64854E-1	+7.22470E-3	-6.29368E-2
+5.80980E+0	-6.54189E-1	+1.21075E-2	-6.27875E-2
+5.82450E+0	-6.43465E-1	+1.08868E-2	-6.26305E-2
+5.83930E+0	-6.32539E-1	+5.69882E-3	-6.24559E-2
+5.85400E+0	-6.21560E-1	+1.50830E-2	-6.22806E-2
+5.86870E+0	-6.10459E-1	+1.47778E-2	-6.21040E-2
+5.88350E+0	-5.99159E-1	+1.27942E-2	-6.19126E-2
+5.89820E+0	-5.87816E-1	+1.29467E-2	-6.17130E-2
+5.91300E+0	-5.76278E-1	+1.02002E-2	-6.15086E-2
+5.92770E+0	-5.64704E-1	+1.45489E-2	-6.12873E-2
+5.94250E+0	-5.52937E-1	+1.39386E-2	-6.10590E-2
+5.95720E+0	-5.41139E-1	+1.49304E-2	-6.08124E-2
+5.97200E+0	-5.29153E-1	+1.09631E-2	-6.05578E-2
+5.98670E+0	-5.17142E-1	+1.50067E-2	-6.02952E-2
+6.00150E+0	-5.04946E-1	+2.07287E-2	-6.00121E-2
+6.01620E+0	-4.92731E-1	+2.15680E-2	-5.97131E-2
+6.03100E+0	-4.80335E-1	+1.06579E-2	-5.94059E-2
+6.04570E+0	-4.67926E-1	+1.43200E-2	-5.90940E-2
+6.06040E+0	-4.55425E-1	+2.14154E-2	-5.87506E-2
+6.07520E+0	-4.42747E-1	+1.45489E-2	-5.83839E-2
+6.08990E+0	-4.30067E-1	+5.08847E-3	-5.80133E-2
+6.10470E+0	-4.17214E-1	+6.69065E-3	-5.76200E-2
+6.11940E+0	-4.04365E-1	+5.54624E-3	-5.72078E-2
+6.13420E+0	-3.91347E-1	+1.14972E-2	-5.67572E-2
+6.14890E+0	-3.78339E-1	+2.62219E-2	-5.63014E-2
+6.16370E+0	-3.65167E-1	+4.17096E-2	-5.57988E-2
+6.17840E+0	-3.52011E-1	+4.68976E-2	-5.52719E-2
+6.19320E+0	-3.38695E-1	+4.50665E-2	-5.46922E-2
+6.20790E+0	-3.25401E-1	+3.53772E-2	-5.41069E-2
+6.22260E+0	-3.12043E-1	+3.71319E-2	-5.34832E-2
+6.23740E+0	-2.98531E-1	+4.39221E-2	-5.28095E-2
+6.25210E+0	-2.85051E-1	+5.51373E-2	-5.20924E-2
+6.26690E+0	-2.71422E-1	+6.00201E-2	-5.13096E-2
+6.28160E+0	-2.57831E-1	+6.19275E-2	-5.04791E-2
+6.29640E+0	-2.44096E-1	+6.06305E-2	-4.95775E-2
+6.31110E+0	-2.30405E-1	+7.26086E-2	-4.86070E-2
+6.32590E+0	-2.16575E-1	+7.84832E-2	-4.75404E-2
+6.34060E+0	-2.02795E-1	+6.83362E-2	-4.64117E-2
+6.35540E+0	-1.88880E-1	+7.46686E-2	-4.51900E-2
+6.37010E+0	-1.75022E-1	+9.16058E-2	-4.38557E-2
+6.38480E+0	-1.61129E-1	+1.06865E-1	-4.24103E-2
+6.39960E+0	-1.47110E-1	+1.38374E-1	-4.07583E-2
+6.41430E+0	-1.33156E-1	+1.58363E-1	-3.89692E-2
+6.42910E+0	-1.19080E-1	+1.81633E-1	-3.68984E-2
+6.44380E+0	-1.05075E-1	+1.85447E-1	-3.46503E-2
+6.45860E+0	-9.09542E-2	+1.83006E-1	-3.21557E-2
+6.47330E+0	-7.69106E-2	+2.14744E-1	-2.94034E-2
+6.48810E+0	-6.27561E-2	+2.22297E-1	-2.62214E-2
+6.50280E+0	-4.86846E-2	+2.64030E-1	-2.24520E-2
+6.51760E+0	-3.45077E-2	+3.37654E-1	-1.80212E-2
+6.53230E+0	-2.04197E-2	+4.26155E-1	-1.24700E-2
+6.54700E+0	-6.32763E-3	+5.15876E-1	-5.62121E-3
+6.56180E+0	+7.86157E-3	+6.11244E-1	+3.01741E-3
+6.57650E+0	+2.19533E-2	+6.61369E-1	+1.23803E-2
+6.59130E+0	+3.61366E-2	+6.54197E-1	+2.21188E-2
+6.60600E+0	+5.02167E-2	+6.43440E-1	+3.16604E-2
+6.62080E+0	+6.43826E-2	+6.20475E-1	+4.10758E-2
+6.63550E+0	+7.84400E-2	+3.52455E-1	+4.76765E-2
+6.65030E+0	+9.25772E-2	+3.56804E-1	+5.38098E-2
+6.66500E+0	+1.06600E-1	+3.41392E-1	+5.85050E-2
+6.67980E+0	+1.20698E-1	+2.75169E-1	+6.27385E-2
+6.69450E+0	+1.34676E-1	+2.17643E-1	+6.65258E-2
+6.70920E+0	+1.48627E-1	+2.16575E-1	+6.99533E-2
+6.72400E+0	+1.62643E-1	+2.01545E-1	+7.29522E-2
+6.73870E+0	+1.76532E-1	+1.81022E-1	+7.57186E-2
+6.75350E+0	+1.90481E-1	+1.58592E-1	+7.82308E-2
+6.76820E+0	+2.04297E-1	+1.35170E-1	+8.04663E-2
+6.78300E+0	+2.18166E-1	+1.25938E-1	+8.25290E-2
+6.79770E+0	+2.31898E-1	+1.32652E-1	+8.44238E-2
+6.81250E+0	+2.45676E-1	+1.46843E-1	+8.62641E-2
+6.82720E+0	+2.59313E-1	+1.26396E-1	+8.79451E-2
+6.84200E+0	+2.72990E-1	+7.90173E-2	+8.94841E-2
+6.85670E+0	+2.86521E-1	+7.55078E-2	+9.08424E-2
+6.87140E+0	+2.99995E-1	+8.48919E-2	+9.21470E-2
+6.88620E+0	+3.13500E-1	+8.52734E-2	+9.33819E-2
+6.90090E+0	+3.26851E-1	+8.13824E-2	+9.45369E-2
+6.91570E+0	+3.40228E-1	+7.14642E-2	+9.56355E-2
+6.93040E+0	+3.53446E-1	+6.61236E-2	+9.66410E-2
+6.94520E+0	+3.66684E-1	+6.29956E-2	+9.75918E-2
+6.95990E+0	+3.79759E-1	+6.42926E-2	+9.84745E-2
+6.97470E+0	+3.92846E-1	+5.78076E-2	+9.93277E-2
+6.98940E+0	+4.05767E-1	+5.43744E-2	+1.00091E-1
+7.00420E+0	+4.18695E-1	+4.56006E-2	+1.00838E-1
+7.01890E+0	+4.31451E-1	+3.72082E-2	+1.01520E-1
+7.03370E+0	+4.44208E-1	+3.14862E-2	+1.02184E-1
+7.04840E+0	+4.56790E-1	+3.72845E-2	+1.02786E-1
+7.06310E+0	+4.69282E-1	+2.72137E-2	+1.03366E-1
+7.07790E+0	+4.81764E-1	+2.91974E-2	+1.03924E-1
+7.09260E+0	+4.94066E-1	+2.21783E-2	+1.04450E-1
+7.10740E+0	+5.06352E-1	+2.62982E-2	+1.04943E-1
+7.12210E+0	+5.18454E-1	+2.49249E-2	+1.05417E-1
+7.13690E+0	+5.30535E-1	+2.67560E-2	+1.05869E-1
+7.15160E+0	+5.42429E-1	+2.27887E-2	+1.06297E-1
+7.16640E+0	+5.54294E-1	+1.82110E-2	+1.06709E-1
+7.18110E+0	+5.65969E-1	+1.50067E-2	+1.07108E-1
+7.19590E+0	+5.77610E-1	+1.24127E-2	+1.07489E-1
+7.21060E+0	+5.89057E-1	+1.08105E-2	+1.07857E-1
+7.22530E+0	+6.00386E-1	+1.44726E-2	+1.08197E-1
+7.24010E+0	+6.11673E-1	+2.33990E-2	+1.08531E-1
+7.25480E+0	+6.22761E-1	+2.33990E-2	+1.08828E-1
+7.26960E+0	+6.33800E-1	+2.67560E-2	+1.09120E-1
+7.28430E+0	+6.44638E-1	+2.09576E-2	+1.09401E-1
+7.29910E+0	+6.55420E-1	+1.53119E-2	+1.09682E-1
+7.31380E+0	+6.65999E-1	+1.83636E-2	+1.09945E-1
+7.32860E+0	+6.76516E-1	+2.35516E-2	+1.10191E-1
+7.34330E+0	+6.86828E-1	+1.11920E-2	+1.10438E-1
+7.35810E+0	+6.97071E-1	+1.25653E-2	+1.10668E-1
+7.37280E+0	+7.07107E-1	+1.37860E-2	+1.10880E-1
+7.38750E+0	+7.17002E-1	+1.63037E-2	+1.11094E-1
+7.40230E+0	+7.26820E-1	+1.07342E-2	+1.11302E-1
+7.41700E+0	+7.36428E-1	+1.22601E-2	+1.11491E-1
+7.43180E+0	+7.45952E-1	+9.36093E-3	+1.11691E-1
+7.44650E+0	+7.55264E-1	+1.37097E-2	+1.11858E-1
+7.46130E+0	+7.64488E-1	+1.04290E-2	+1.12037E-1
+7.47600E+0	+7.73497E-1	+1.13446E-2	+1.12202E-1
+7.49080E+0	+7.82412E-1	+7.22470E-3	+1.12369E-1
+7.50550E+0	+7.91111E-1	+6.61435E-3	+1.12512E-1
+7.52030E+0	+7.99710E-1	+1.24127E-2	+1.12660E-1
+7.53500E+0	+8.08092E-1	+1.12683E-2	+1.12796E-1
+7.54970E+0	+8.16313E-1	+1.18023E-2	+1.12926E-1
+7.56450E+0	+8.24427E-1	+3.86777E-3	+1.13064E-1
+7.57920E+0	+8.32321E-1	+1.21838E-2	+1.13188E-1
+7.59400E+0	+8.40102E-1	+9.20835E-3	+1.13297E-1
+7.60870E+0	+8.47663E-1	+1.18023E-2	+1.13418E-1
+7.62350E+0	+8.55105E-1	+1.01239E-2	+1.13528E-1
+7.63820E+0	+8.62327E-1	+6.61435E-3	+1.13632E-1
+7.65300E+0	+8.69425E-1	+4.09665E-3	+1.13735E-1
+7.66770E+0	+8.76301E-1	+2.11301E-3	+1.13829E-1
+7.68250E+0	+8.83049E-1	+8.29282E-3	+1.13921E-1
+7.69720E+0	+8.89574E-1	+1.01239E-2	+1.14008E-1
+7.71190E+0	+8.95924E-1	+7.52988E-3	+1.14094E-1
+7.72670E+0	+9.02136E-1	+4.09665E-3	+1.14177E-1
+7.74140E+0	+9.08127E-1	+3.71518E-3	+1.14253E-1
+7.75620E+0	+9.13976E-1	+9.81870E-3	+1.14327E-1
+7.77090E+0	+9.19604E-1	+9.81870E-3	+1.14393E-1
+7.78570E+0	+9.25086E-1	+8.16012E-4	+1.14457E-1
+7.80040E+0	+9.30346E-1	+3.86777E-3	+1.14529E-1
+7.81520E+0	+9.35455E-1	+3.02854E-3	+1.14586E-1
+7.82990E+0	+9.40343E-1	-9.38749E-4	+1.14641E-1
+7.84470E+0	+9.45076E-1	+5.08847E-3	+1.14691E-1
+7.85940E+0	+9.49588E-1	+5.69882E-3	+1.14741E-1
+7.87420E+0	+9.53941E-1	+3.02854E-3	+1.14797E-1
+7.88890E+0	+9.58074E-1	+1.73154E-3	+1.14841E-1
+7.90360E+0	+9.62017E-1	+7.07212E-3	+1.14881E-1
+7.91840E+0	+9.65793E-1	+2.87595E-3	+1.14920E-1
+7.93310E+0	+9.69352E-1	-1.70169E-3	+1.14957E-1
+7.94790E+0	+9.72740E-1	+7.68247E-3	+1.14994E-1
+7.96260E+0	+9.75912E-1	+4.78330E-3	+1.15029E-1
+7.97740E+0	+9.78909E-1	+6.30918E-3	+1.15061E-1
+7.99210E+0	+9.81691E-1	+1.30993E-2	+1.15077E-1
+8.00690E+0	+9.84295E-1	-1.21540E-2	+1.15107E-1
+8.02160E+0	+9.86685E-1	+1.57895E-3	+1.15116E-1
+8.03640E+0	+9.88893E-1	-2.84610E-3	+1.15136E-1
+8.05110E+0	+9.90890E-1	+4.78330E-3	+1.15156E-1
+8.06580E+0	+9.92689E-1	-2.08316E-3	+1.15159E-1
+8.08060E+0	+9.94302E-1	+2.18930E-3	+1.15171E-1
+8.09530E+0	+9.95706E-1	+3.86777E-3	+1.15178E-1
+8.11010E+0	+9.96919E-1	-1.77798E-3	+1.15191E-1
+8.12480E+0	+9.97925E-1	+1.88413E-3	+1.15186E-1
+8.13960E+0	+9.98738E-1	+2.64707E-3	+1.15184E-1
+8.15430E+0	+9.99347E-1	-5.59268E-3	+1.15185E-1
+8.16910E+0	+9.99759E-1	-7.09867E-4	+1.15178E-1
+8.18380E+0	+9.99969E-1	-2.54092E-3	+1.15173E-1
+8.19860E+0	+9.99980E-1	-3.07498E-3	+1.15164E-1
+8.21330E+0	+9.99791E-1	+2.11301E-3	+1.15144E-1
+8.22800E+0	+9.99404E-1	-4.98233E-3	+1.15136E-1
+8.24280E+0	+9.98814E-1	-3.45645E-3	+1.15121E-1
+8.25750E+0	+9.98029E-1	-5.89786E-3	+1.15109E-1
+8.27230E+0	+9.97038E-1	+2.72336E-3	+1.15096E-1
+8.28700E+0	+9.95855E-1	+1.80783E-3	+1.15072E-1
+8.30180E+0	+9.94464E-1	-3.99051E-3	+1.15063E-1
+8.31650E+0	+9.92885E-1	+2.26560E-3	+1.15043E-1
+8.33130E+0	+9.91095E-1	+1.50266E-3	+1.15018E-1
+8.34600E+0	+9.89120E-1	-3.15127E-3	+1.15000E-1
+8.36080E+0	+9.86933E-1	-5.36380E-3	+1.14978E-1
+8.37550E+0	+9.84564E-1	-6.58450E-3	+1.14953E-1
+8.39020E+0	+9.82000E-1	-2.69351E-3	+1.14920E-1
+8.40500E+0	+9.79221E-1	-6.43191E-3	+1.14910E-1
+8.41970E+0	+9.76266E-1	+2.01947E-2	+1.14875E-1
+8.43450E+0	+9.73095E-1	+1.11920E-2	+1.14839E-1
+8.44920E+0	+9.69751E-1	-1.06281E-2	+1.14814E-1
+8.46400E+0	+9.66190E-1	+7.39718E-4	+1.14784E-1
+8.47870E+0	+9.62460E-1	+1.73154E-3	+1.14746E-1
+8.49350E+0	+9.58512E-1	-2.92239E-3	+1.14712E-1
+8.50820E+0	+9.54400E-1	-4.67715E-3	+1.14676E-1
+8.52300E+0	+9.50068E-1	-3.22757E-3	+1.14636E-1
+8.53770E+0	+9.45576E-1	+1.12119E-3	+1.14596E-1
+8.55240E+0	+9.40896E-1	-1.01504E-3	+1.14553E-1
+8.56720E+0	+9.35996E-1	-2.99869E-3	+1.14507E-1
+8.58190E+0	+9.30942E-1	-7.27115E-3	+1.14459E-1
+8.59670E+0	+9.25667E-1	+1.42636E-3	+1.14411E-1
+8.61140E+0	+9.20243E-1	-9.40738E-3	+1.14361E-1
+8.62620E+0	+9.14598E-1	-2.52103E-4	+1.14305E-1
+8.64090E+0	+9.08808E-1	-5.13492E-3	+1.14253E-1
+8.65570E+0	+9.02797E-1	-4.90603E-3	+1.14198E-1
+8.67040E+0	+8.96646E-1	-5.51639E-3	+1.14137E-1
+8.68520E+0	+8.90274E-1	-5.28750E-3	+1.14077E-1
+8.69990E+0	+8.83767E-1	-4.21939E-3	+1.14015E-1
+8.71460E+0	+8.77085E-1	-3.60904E-3	+1.13947E-1
+8.72940E+0	+8.70181E-1	-1.77798E-3	+1.13880E-1
+8.74410E+0	+8.63151E-1	-4.82974E-3	+1.13805E-1
+8.75890E+0	+8.55900E-1	-4.06680E-3	+1.13735E-1
+8.77360E+0	+8.48526E-1	-5.44009E-3	+1.13654E-1
+8.78840E+0	+8.40933E-1	-7.88150E-3	+1.13574E-1
+8.80310E+0	+8.33223E-1	-4.82974E-3	+1.13491E-1
+8.81790E+0	+8.25294E-1	-7.57632E-3	+1.13404E-1
+8.83260E+0	+8.17253E-1	-3.07498E-3	+1.13316E-1
+8.84740E+0	+8.08994E-1	-2.99869E-3	+1.13222E-1
+8.86210E+0	+8.00630E-1	-8.11038E-3	+1.13127E-1
+8.87690E+0	+7.92048E-1	-8.94961E-3	+1.13027E-1
+8.89160E+0	+7.83366E-1	-2.38833E-3	+1.12926E-1
+8.90630E+0	+7.74529E-1	-3.15127E-3	+1.12817E-1
+8.92110E+0	+7.65476E-1	-2.99869E-3	+1.12701E-1
+8.93580E+0	+7.56331E-1	-3.07498E-3	+1.12584E-1
+8.95060E+0	+7.46973E-1	-4.29568E-3	+1.12459E-1
+8.96530E+0	+7.37529E-1	-2.23575E-3	+1.12336E-1
+8.98010E+0	+7.27873E-1	-6.20303E-3	+1.12208E-1
+8.99480E+0	+7.18137E-1	-7.27115E-3	+1.12067E-1
+9.00960E+0	+7.08191E-1	-1.39087E-2	+1.11933E-1
+9.02430E+0	+6.98170E-1	-9.10220E-3	+1.11779E-1
+9.03910E+0	+6.87942E-1	-8.72073E-3	+1.11628E-1
+9.05380E+0	+6.77645E-1	-1.50531E-2	+1.11471E-1
+9.06850E+0	+6.67214E-1	-7.04226E-3	+1.11308E-1
+9.08330E+0	+6.56578E-1	-1.04755E-2	+1.11128E-1
+9.09800E+0	+6.45883E-1	-1.37561E-2	+1.10954E-1
+9.11280E+0	+6.34986E-1	-1.36035E-2	+1.10771E-1
+9.12750E+0	+6.24036E-1	-1.25354E-2	+1.10572E-1
+9.14230E+0	+6.12886E-1	-1.39850E-2	+1.10371E-1
+9.15700E+0	+6.01689E-1	-8.56814E-3	+1.10154E-1
+9.17180E+0	+5.90295E-1	-1.84101E-2	+1.09934E-1
+9.18650E+0	+5.78861E-1	-2.05463E-2	+1.09709E-1
+9.20130E+0	+5.67233E-1	-2.00122E-2	+1.09469E-1
+9.21600E+0	+5.55570E-1	-1.86389E-2	+1.09223E-1
+9.23070E+0	+5.43797E-1	-1.90204E-2	+1.08965E-1
+9.24550E+0	+5.31835E-1	-1.52057E-2	+1.08690E-1
+9.26020E+0	+5.19847E-1	-1.64264E-2	+1.08406E-1
+9.27500E+0	+5.07674E-1	-1.27643E-2	+1.08103E-1
+9.28970E+0	+4.95482E-1	-1.45191E-2	+1.07797E-1
+9.30450E+0	+4.83107E-1	-1.72657E-2	+1.07473E-1
+9.31920E+0	+4.70720E-1	-1.79523E-2	+1.07132E-1
+9.33400E+0	+4.58154E-1	-1.42902E-2	+1.06773E-1
+9.34870E+0	+4.45582E-1	-2.43610E-2	+1.06403E-1
+9.36350E+0	+4.32835E-1	-2.89386E-2	+1.06005E-1
+9.37820E+0	+4.20087E-1	-3.16089E-2	+1.05596E-1
+9.39290E+0	+4.07256E-1	-4.35871E-2	+1.05160E-1
+9.40770E+0	+3.94256E-1	-4.90802E-2	+1.04696E-1
+9.42240E+0	+3.81266E-1	-5.41919E-2	+1.04198E-1
+9.43720E+0	+3.68110E-1	-4.55707E-2	+1.03674E-1
+9.45190E+0	+3.54970E-1	-3.85517E-2	+1.03118E-1
+9.46670E+0	+3.41670E-1	-3.11512E-2	+1.02552E-1
+9.48140E+0	+3.28391E-1	-3.51947E-2	+1.01937E-1
+9.49620E+0	+3.14956E-1	-5.41919E-2	+1.01286E-1
+9.51090E+0	+3.01549E-1	-5.76252E-2	+1.00591E-1
+9.52570E+0	+2.87990E-1	-5.25897E-2	+9.98433E-2
+9.54040E+0	+2.74466E-1	-5.25135E-2	+9.90567E-2
+9.55510E+0	+2.60887E-1	-4.88513E-2	+9.82124E-2
+9.56990E+0	+2.47163E-1	-6.99848E-2	+9.73150E-2
+9.58460E+0	+2.33483E-1	-6.89167E-2	+9.63319E-2
+9.59940E+0	+2.19662E-1	-7.54779E-2	+9.52733E-2
+9.61410E+0	+2.05892E-1	-8.64643E-2	+9.41385E-2
+9.62890E+0	+1.91986E-1	-1.03096E-1	+9.29021E-2
+9.64360E+0	+1.78136E-1	-1.05385E-1	+9.15049E-2
+9.65840E+0	+1.64157E-1	-9.81372E-2	+8.99915E-2
+9.67310E+0	+1.50238E-1	-9.48566E-2	+8.84123E-2
+9.68790E+0	+1.36196E-1	-1.00960E-1	+8.66072E-2
+9.70260E+0	+1.22220E-1	-1.10497E-1	+8.46733E-2
+9.71740E+0	+1.08126E-1	-1.33690E-1	+8.24871E-2
+9.73210E+0	+9.41045E-2	-1.65810E-1	+8.00728E-2
+9.74680E+0	+8.00647E-2	-1.84731E-1	+7.72406E-2
+9.76160E+0	+6.59134E-2	-2.24709E-1	+7.40201E-2
+9.77630E+0	+5.18445E-2	-2.69570E-1	+7.03543E-2
+9.79110E+0	+3.76695E-2	-3.43880E-1	+6.59489E-2
+9.80580E+0	+2.35828E-2	-3.87520E-1	+6.06825E-2
+9.82060E+0	+9.39549E-3	-5.04250E-1	+5.37725E-2
+9.83530E+0	-4.69780E-3	-6.15181E-1	+4.57946E-2
+9.85010E+0	-1.88860E-2	-7.02004E-1	+3.57194E-2
+9.86480E+0	-3.29746E-2	-6.92238E-1	+2.54699E-2
+9.87960E+0	-4.71524E-2	-5.55062E-1	+1.56284E-2
+9.89430E+0	-6.12250E-2	-4.97689E-1	+8.60379E-3
+9.90900E+0	-7.52855E-2	-3.37471E-1	+2.06554E-3
+9.92380E+0	-8.94265E-2	-3.57842E-1	-3.42371E-3
+9.93850E+0	-1.03454E-1	-3.24883E-1	-7.84263E-3
+9.95330E+0	-1.17556E-1	-2.36840E-1	-1.20565E-2
+9.96800E+0	-1.31540E-1	-2.21352E-1	-1.57961E-2
+9.98280E+0	-1.45592E-1	-1.95793E-1	-1.89418E-2
+9.99750E+0	-1.59521E-1	-1.63216E-1	-2.18454E-2
+1.00123E+1	-1.73512E-1	-1.59554E-1	-2.44227E-2
+1.00270E+1	-1.87374E-1	-1.54366E-1	-2.68040E-2
+1.00418E+1	-2.01292E-1	-1.62224E-1	-2.90135E-2
+1.00565E+1	-2.15077E-1	-1.44066E-1	-3.10888E-2
+1.00712E+1	-2.28819E-1	-1.21788E-1	-3.29940E-2
+1.00860E+1	-2.42608E-1	-9.63062E-2	-3.47006E-2
+1.01007E+1	-2.56256E-1	-9.16522E-2	-3.62791E-2
+1.01155E+1	-2.69945E-1	-1.09505E-1	-3.77669E-2
+1.01302E+1	-2.83488E-1	-1.08361E-1	-3.92081E-2
+1.01450E+1	-2.97066E-1	-9.35596E-2	-4.05165E-2
+1.01597E+1	-3.10494E-1	-7.91400E-2	-4.17488E-2
+1.01745E+1	-3.23950E-1	-6.60175E-2	-4.28953E-2
+1.01892E+1	-3.37251E-1	-6.12110E-2	-4.39323E-2
+1.02040E+1	-3.50575E-1	-5.74726E-2	-4.49463E-2
+1.02187E+1	-3.63738E-1	-7.12055E-2	-4.58796E-2
+1.02334E+1	-3.76830E-1	-5.67096E-2	-4.67685E-2
+1.02482E+1	-3.89935E-1	-5.56415E-2	-4.76046E-2
+1.02629E+1	-4.02873E-1	-5.25897E-2	-4.83983E-2
+1.02777E+1	-4.15819E-1	-4.06116E-2	-4.91411E-2
+1.02924E+1	-4.28595E-1	-4.19086E-2	-4.98594E-2
+1.03072E+1	-4.41371E-1	-4.72492E-2	-5.05129E-2
+1.03219E+1	-4.53973E-1	-4.00775E-2	-5.11524E-2
+1.03367E+1	-4.66570E-1	-4.75543E-2	-5.17683E-2
+1.03514E+1	-4.78989E-1	-4.54181E-2	-5.23309E-2
+1.03662E+1	-4.91396E-1	-5.65570E-2	-5.28730E-2
+1.03809E+1	-5.03621E-1	-5.43445E-2	-5.33950E-2
+1.03956E+1	-5.15746E-1	-5.48786E-2	-5.38887E-2
+1.04104E+1	-5.27851E-1	-5.18268E-2	-5.43582E-2
+1.04251E+1	-5.39768E-1	-5.31238E-2	-5.48001E-2
+1.04399E+1	-5.51658E-1	-4.87751E-2	-5.52322E-2
+1.04546E+1	-5.63358E-1	-4.86988E-2	-5.56310E-2
+1.04694E+1	-5.75024E-1	-4.25189E-2	-5.60177E-2
+1.04841E+1	-5.86497E-1	-3.58814E-2	-5.63791E-2
+1.04989E+1	-5.97930E-1	-2.75653E-2	-5.67478E-2
+1.05136E+1	-6.09167E-1	-1.53583E-2	-5.70914E-2
+1.05284E+1	-6.20358E-1	-1.36798E-2	-5.74373E-2
+1.05431E+1	-6.31350E-1	-1.46717E-2	-5.77499E-2
+1.05578E+1	-6.42216E-1	-2.48950E-2	-5.80566E-2
+1.05726E+1	-6.53028E-1	-2.06989E-2	-5.83401E-2
+1.05873E+1	-6.63636E-1	-1.29169E-2	-5.86219E-2
+1.06021E+1	-6.74183E-1	-1.52057E-2	-5.88985E-2
+1.06168E+1	-6.84525E-1	-2.20722E-2	-5.91445E-2
+1.06316E+1	-6.94799E-1	-1.47480E-2	-5.93981E-2
+1.06463E+1	-7.04866E-1	-1.67316E-2	-5.96446E-2
+1.06611E+1	-7.14860E-1	-1.73419E-2	-5.98810E-2
+1.06758E+1	-7.24644E-1	-1.06281E-2	-6.00975E-2
+1.06906E+1	-7.34349E-1	-1.83338E-2	-6.03191E-2
+1.07053E+1	-7.43842E-1	-1.29169E-2	-6.05174E-2
+1.07201E+1	-7.53250E-1	-1.52057E-2	-6.07234E-2
+1.07348E+1	-7.62444E-1	-1.55109E-2	-6.09142E-2
+1.07495E+1	-7.71488E-1	-1.29169E-2	-6.11026E-2
+1.07643E+1	-7.80438E-1	-1.33747E-2	-6.12706E-2
+1.07790E+1	-7.89172E-1	-1.29169E-2	-6.14544E-2
+1.07938E+1	-7.97806E-1	-9.10220E-3	-6.16197E-2
+1.08085E+1	-8.06224E-1	-9.10220E-3	-6.17868E-2
+1.08233E+1	-8.14537E-1	-8.87332E-3	-6.19481E-2
+1.08380E+1	-8.22632E-1	-1.32984E-2	-6.20922E-2
+1.08528E+1	-8.30616E-1	-4.44827E-3	-6.22397E-2
+1.08675E+1	-8.38382E-1	-1.41376E-2	-6.23880E-2
+1.08823E+1	-8.46031E-1	-7.42373E-3	-6.25244E-2
+1.08970E+1	-8.53461E-1	-1.28406E-2	-6.26530E-2
+1.09117E+1	-8.60721E-1	-9.55996E-3	-6.27819E-2
+1.09265E+1	-8.67857E-1	-9.48367E-3	-6.29031E-2
+1.09412E+1	-8.74773E-1	-7.72891E-3	-6.30211E-2
+1.09560E+1	-8.81559E-1	-7.09867E-4	-6.31361E-2
+1.09707E+1	-8.88125E-1	-8.41556E-3	-6.32488E-2
+1.09855E+1	-8.94557E-1	-7.72891E-3	-6.33552E-2
+1.10002E+1	-9.00767E-1	-6.35562E-3	-6.34555E-2
+1.10150E+1	-9.06838E-1	-8.03409E-3	-6.35618E-2
+1.10297E+1	-9.12688E-1	-7.72891E-3	-6.36550E-2
+1.10445E+1	-9.18395E-1	-7.42373E-3	-6.37442E-2
+1.10592E+1	-9.23880E-1	-7.80520E-3	-6.38324E-2
+1.10739E+1	-9.29181E-1	-7.57632E-3	-6.39188E-2
+1.10887E+1	-9.34332E-1	-6.43191E-3	-6.40010E-2
+1.11034E+1	-9.39262E-1	-1.77798E-3	-6.40777E-2
+1.11182E+1	-9.44037E-1	-2.08316E-3	-6.41504E-2
+1.11329E+1	-9.48592E-1	-1.62539E-3	-6.42252E-2
+1.11477E+1	-9.52987E-1	-8.94961E-3	-6.42931E-2
+1.11624E+1	-9.57163E-1	+1.12119E-3	-6.43643E-2
+1.11772E+1	-9.61175E-1	-7.57632E-3	-6.44273E-2
+1.11919E+1	-9.64968E-1	-5.97415E-3	-6.44836E-2
+1.12067E+1	-9.68594E-1	-1.32022E-3	-6.45424E-2
+1.12214E+1	-9.72002E-1	-8.11038E-3	-6.45998E-2
+1.12361E+1	-9.75217E-1	-2.08316E-3	-6.46527E-2
+1.12509E+1	-9.78258E-1	-1.01504E-3	-6.47093E-2
+1.12656E+1	-9.81083E-1	-1.53583E-2	-6.47577E-2
+1.12804E+1	-9.83731E-1	+3.58248E-4	-6.47914E-2
+1.12951E+1	-9.86165E-1	-7.04226E-3	-6.48443E-2
+1.13099E+1	-9.88418E-1	-6.05044E-3	-6.48701E-2
+1.13246E+1	-9.90459E-1	+7.39718E-4	-6.49102E-2
+1.13394E+1	-9.92314E-1	-1.93057E-3	-6.49435E-2
+1.13541E+1	-9.93960E-1	-4.52456E-3	-6.49786E-2
+1.13689E+1	-9.95417E-1	-1.01703E-2	-6.50093E-2
+1.13836E+1	-9.96666E-1	+1.73154E-3	-6.50313E-2
+1.13983E+1	-9.97717E-1	+1.29367E-4	-6.50657E-2
+1.14131E+1	-9.98574E-1	-4.21939E-3	-6.50787E-2
+1.14278E+1	-9.99228E-1	+1.80783E-3	-6.50969E-2
+1.14426E+1	-9.99685E-1	+3.33371E-3	-6.51116E-2
+1.14573E+1	-9.99939E-1	+1.27378E-3	-6.51255E-2
+1.14721E+1	-9.99995E-1	-1.24392E-3	-6.51391E-2
+1.14868E+1	-9.99851E-1	-9.38749E-4	-6.51483E-2
+1.15016E+1	-9.99506E-1	+1.65525E-3	-6.51541E-2
+1.15163E+1	-9.98963E-1	-4.37198E-3	-6.51596E-2
+1.15311E+1	-9.98217E-1	+5.39365E-3	-6.51698E-2
+1.15458E+1	-9.97276E-1	-7.09867E-4	-6.51845E-2
+1.15606E+1	-9.96129E-1	-4.52456E-3	-6.51873E-2
+1.15753E+1	-9.94792E-1	+6.15659E-3	-6.51857E-2
+1.15900E+1	-9.93256E-1	+1.50266E-3	-6.51976E-2
+1.16048E+1	-9.91511E-1	-2.31204E-3	-6.51957E-2
+1.16195E+1	-9.89581E-1	-4.67715E-3	-6.51888E-2
+1.16343E+1	-9.87438E-1	+4.78330E-3	-6.51873E-2
+1.16490E+1	-9.85113E-1	+1.27378E-3	-6.51872E-2
+1.16638E+1	-9.82575E-1	-9.02591E-3	-6.51884E-2
+1.16785E+1	-9.79858E-1	+1.62274E-2	-6.51819E-2
+1.16933E+1	-9.76926E-1	-1.10858E-2	-6.51870E-2
+1.17080E+1	-9.73819E-1	-1.84101E-2	-6.51631E-2
+1.17228E+1	-9.70495E-1	+8.59799E-3	-6.51559E-2
+1.17375E+1	-9.67001E-1	-5.57279E-4	-6.51501E-2
+1.17522E+1	-9.63314E-1	+1.27378E-3	-6.51357E-2
+1.17670E+1	-9.59409E-1	-4.21939E-3	-6.51235E-2
+1.17817E+1	-9.55340E-1	-4.80985E-4	-6.51136E-2
+1.17965E+1	-9.51051E-1	-1.75809E-4	-6.50926E-2
+1.18112E+1	-9.46601E-1	-8.62455E-4	-6.50730E-2
+1.18260E+1	-9.41931E-1	-2.54092E-3	-6.50530E-2
+1.18407E+1	-9.37105E-1	-1.54910E-3	-6.50338E-2
+1.18555E+1	-9.32058E-1	+4.02036E-3	-6.50094E-2
+1.18702E+1	-9.26859E-1	+3.56259E-3	-6.49790E-2
+1.18850E+1	-9.21440E-1	-1.85428E-3	-6.49547E-2
+1.18997E+1	-9.15873E-1	+2.64707E-3	-6.49206E-2
+1.19144E+1	-9.10124E-1	+4.93589E-3	-6.48943E-2
+1.19292E+1	-9.04153E-1	+5.24106E-3	-6.48605E-2
+1.19439E+1	-8.98043E-1	+2.79965E-3	-6.48223E-2
+1.19587E+1	-8.91711E-1	+4.63071E-3	-6.47832E-2
+1.19734E+1	-8.85243E-1	+5.46994E-3	-6.47419E-2
+1.19882E+1	-8.78555E-1	+3.86777E-3	-6.46925E-2
+1.20029E+1	-8.71736E-1	+1.65525E-3	-6.46492E-2
+1.20177E+1	-8.64696E-1	+2.11301E-3	-6.46044E-2
+1.20324E+1	-8.57531E-1	+2.64707E-3	-6.45524E-2
+1.20472E+1	-8.50146E-1	+4.63071E-3	-6.44998E-2
+1.20619E+1	-8.42641E-1	+9.68600E-4	-6.44388E-2
+1.20766E+1	-8.34968E-1	+3.25742E-3	-6.43780E-2
+1.20914E+1	-8.27076E-1	+5.01218E-3	-6.43126E-2
+1.21061E+1	-8.19073E-1	+6.08029E-3	-6.42469E-2
+1.21209E+1	-8.10850E-1	+4.93589E-3	-6.41764E-2
+1.21356E+1	-8.02522E-1	+4.63071E-3	-6.41021E-2
+1.21504E+1	-7.93975E-1	+6.91953E-3	-6.40210E-2
+1.21651E+1	-7.85329E-1	+5.85141E-3	-6.39412E-2
+1.21799E+1	-7.76466E-1	+6.91953E-3	-6.38574E-2
+1.21946E+1	-7.67508E-1	+7.07212E-3	-6.37705E-2
+1.22094E+1	-7.58335E-1	+8.75058E-3	-6.36835E-2
+1.22241E+1	-7.49073E-1	+6.30918E-3	-6.35826E-2
+1.22388E+1	-7.39662E-1	+6.61435E-3	-6.34805E-2
+1.22536E+1	-7.30039E-1	+6.00400E-3	-6.33712E-2
+1.22683E+1	-7.20335E-1	+9.20835E-3	-6.32579E-2
+1.22831E+1	-7.10421E-1	+6.38547E-3	-6.31414E-2
+1.22978E+1	-7.00432E-1	+6.91953E-3	-6.30179E-2
+1.23126E+1	-6.90235E-1	+1.16498E-2	-6.28876E-2
+1.23273E+1	-6.79969E-1	+1.01239E-2	-6.27523E-2
+1.23421E+1	-6.69496E-1	+6.76694E-3	-6.26087E-2
+1.23568E+1	-6.58961E-1	+1.35571E-2	-6.24599E-2
+1.23716E+1	-6.48222E-1	+1.04290E-2	-6.23112E-2
+1.23863E+1	-6.37427E-1	+7.07212E-3	-6.21457E-2
+1.24010E+1	-6.26505E-1	+1.10394E-2	-6.19775E-2
+1.24158E+1	-6.15383E-1	+7.52988E-3	-6.17911E-2
+1.24305E+1	-6.04213E-1	+1.82110E-2	-6.16054E-2
+1.24453E+1	-5.92846E-1	+1.58459E-2	-6.14128E-2
+1.24600E+1	-5.81438E-1	+1.28705E-2	-6.12124E-2
+1.24748E+1	-5.69836E-1	+1.25653E-2	-6.09975E-2
+1.24895E+1	-5.58198E-1	+9.66611E-3	-6.07735E-2
+1.25043E+1	-5.46369E-1	+1.42437E-2	-6.05366E-2
+1.25190E+1	-5.34512E-1	+9.36093E-3	-6.02834E-2
+1.25338E+1	-5.22466E-1	+1.33282E-2	-6.00306E-2
+1.25485E+1	-5.10397E-1	+1.59222E-2	-5.97526E-2
+1.25633E+1	-4.98145E-1	+1.40912E-2	-5.94675E-2
+1.25780E+1	-4.85875E-1	+9.89499E-3	-5.91610E-2
+1.25927E+1	-4.73509E-1	+1.29467E-2	-5.88556E-2
+1.26075E+1	-4.60964E-1	+1.14209E-2	-5.85198E-2
+1.26222E+1	-4.48412E-1	+9.20835E-3	-5.81727E-2
+1.26370E+1	-4.35684E-1	+9.68600E-4	-5.78073E-2
+1.26517E+1	-4.22956E-1	+4.63071E-3	-5.74313E-2
+1.26665E+1	-4.10056E-1	+8.14023E-3	-5.70264E-2
+1.26812E+1	-3.97162E-1	+1.96606E-2	-5.65957E-2
+1.26960E+1	-3.84100E-1	+3.01129E-2	-5.61371E-2
+1.27107E+1	-3.71050E-1	+3.67505E-2	-5.56529E-2
+1.27255E+1	-3.57837E-1	+4.43799E-2	-5.51269E-2
+1.27402E+1	-3.44641E-1	+4.66687E-2	-5.45719E-2
+1.27549E+1	-3.31378E-1	+3.65216E-2	-5.39984E-2
+1.27697E+1	-3.17957E-1	+3.98022E-2	-5.33886E-2
+1.27844E+1	-3.04564E-1	+4.43799E-2	-5.27368E-2
+1.27992E+1	-2.91019E-1	+5.15515E-2	-5.20167E-2
+1.28139E+1	-2.77507E-1	+5.13989E-2	-5.12797E-2
+1.28287E+1	-2.63847E-1	+4.49139E-2	-5.04685E-2
+1.28434E+1	-2.50227E-1	+6.20038E-2	-4.96217E-2
+1.28582E+1	-2.36465E-1	+6.04016E-2	-4.86854E-2
+1.28729E+1	-2.22748E-1	+8.20691E-2	-4.76699E-2
+1.28877E+1	-2.08893E-1	+7.84070E-2	-4.65588E-2
+1.29024E+1	-1.95090E-1	+9.37420E-2	-4.53496E-2
+1.29171E+1	-1.81249E-1	+9.34369E-2	-4.40640E-2
+1.29319E+1	-1.67277E-1	+9.79382E-2	-4.26232E-2
+1.29466E+1	-1.53366E-1	+8.85540E-2	-4.10966E-2
+1.29614E+1	-1.39329E-1	+9.36657E-2	-3.93850E-2
+1.29761E+1	-1.25360E-1	+1.19529E-1	-3.75141E-2
+1.29909E+1	-1.11270E-1	+1.36161E-1	-3.54169E-2
+1.30056E+1	-9.72538E-2	+1.67213E-1	-3.30262E-2
+1.30204E+1	-8.31224E-2	+1.99180E-1	-3.03945E-2
+1.30351E+1	-6.90700E-2	+2.19780E-1	-2.73270E-2
+1.30499E+1	-5.49081E-2	+2.62962E-1	-2.37933E-2
+1.30646E+1	-4.08309E-2	+2.98820E-1	-1.96949E-2
+1.30793E+1	-2.67456E-2	+3.78929E-1	-1.47358E-2
+1.30941E+1	-1.25591E-2	+4.65599E-1	-8.46869E-3
+1.31088E+1	+1.53398E-3	+6.05446E-1	-6.83220E-4
+1.31236E+1	+1.57227E-2	+6.46568E-1	+8.46988E-3
+1.31383E+1	+2.98123E-2	+6.57402E-1	+1.81632E-2
+1.31531E+1	+4.39919E-2	+6.48399E-1	+2.78356E-2
+1.31678E+1	+5.80668E-2	+6.36039E-1	+3.72836E-2
+1.31826E+1	+7.22259E-2	+3.95408E-1	+4.57624E-2
+1.31973E+1	+8.62749E-2	+4.51790E-1	+5.14084E-2
+1.32121E+1	+1.00402E-1	+3.13163E-1	+5.67211E-2
+1.32268E+1	+1.14414E-1	+2.70057E-1	+6.13816E-2
+1.32415E+1	+1.28403E-1	+2.57469E-1	+6.54207E-2
+1.32563E+1	+1.42461E-1	+2.38853E-1	+6.89113E-2
+1.32710E+1	+1.56397E-1	+1.93077E-1	+7.20453E-2
+1.32858E+1	+1.70395E-1	+1.76216E-1	+7.48965E-2
+1.33005E+1	+1.84265E-1	+1.77436E-1	+7.74642E-2
+1.33153E+1	+1.98192E-1	+1.69731E-1	+7.98972E-2
+1.33300E+1	+2.11986E-1	+1.50810E-1	+8.20507E-2
+1.33448E+1	+2.25831E-1	+1.17241E-1	+8.40590E-2
+1.33595E+1	+2.39538E-1	+1.03965E-1	+8.58692E-2
+1.33743E+1	+2.53289E-1	+9.74041E-2	+8.75327E-2
+1.33890E+1	+2.66898E-1	+1.14875E-1	+8.91057E-2
+1.34038E+1	+2.80545E-1	+1.10908E-1	+9.06176E-2
+1.34185E+1	+2.94044E-1	+9.63360E-2	+9.20170E-2
+1.34332E+1	+3.07485E-1	+7.95514E-2	+9.32490E-2
+1.34480E+1	+3.20955E-1	+7.74151E-2	+9.44395E-2
+1.34627E+1	+3.34271E-1	+6.26141E-2	+9.55359E-2
+1.34775E+1	+3.47610E-1	+5.77313E-2	+9.65757E-2
+1.34922E+1	+3.60789E-1	+6.52844E-2	+9.75304E-2
+1.35070E+1	+3.73986E-1	+6.65814E-2	+9.84537E-2
+1.35217E+1	+3.87019E-1	+5.89520E-2	+9.93202E-2
+1.35365E+1	+4.00064E-1	+5.87994E-2	+1.00136E-1
+1.35512E+1	+4.12940E-1	+5.07123E-2	+1.00880E-1
+1.35660E+1	+4.25821E-1	+4.43036E-2	+1.01596E-1
+1.35807E+1	+4.38530E-1	+4.01837E-2	+1.02265E-1
+1.35954E+1	+4.51152E-1	+3.41565E-2	+1.02898E-1
+1.36102E+1	+4.63770E-1	+3.62164E-2	+1.03492E-1
+1.36249E+1	+4.76209E-1	+3.45379E-2	+1.04064E-1
+1.36397E+1	+4.88638E-1	+3.35461E-2	+1.04606E-1
+1.36544E+1	+5.00885E-1	+3.24780E-2	+1.05104E-1
+1.36692E+1	+5.13116E-1	+3.74371E-2	+1.05593E-1
+1.36839E+1	+5.25161E-1	+3.89630E-2	+1.06053E-1
+1.36987E+1	+5.37183E-1	+3.96496E-2	+1.06498E-1
+1.37134E+1	+5.49016E-1	+3.47668E-2	+1.06908E-1
+1.37282E+1	+5.60820E-1	+3.53009E-2	+1.07310E-1
+1.37429E+1	+5.72433E-1	+2.58404E-2	+1.07692E-1
+1.37576E+1	+5.83931E-1	+2.35516E-2	+1.08066E-1
+1.37724E+1	+5.95391E-1	+1.50067E-2	+1.08413E-1
+1.37871E+1	+6.06655E-1	+1.82110E-2	+1.08750E-1
+1.38019E+1	+6.17873E-1	+1.84399E-2	+1.09071E-1
+1.38166E+1	+6.28893E-1	+2.80530E-2	+1.09370E-1
+1.38314E+1	+6.39862E-1	+2.28650E-2	+1.09653E-1
+1.38461E+1	+6.50628E-1	+1.83636E-2	+1.09931E-1
+1.38609E+1	+6.61338E-1	+1.33282E-2	+1.10213E-1
+1.38756E+1	+6.71843E-1	+1.86688E-2	+1.10461E-1
+1.38904E+1	+6.82285E-1	+1.64563E-2	+1.10701E-1
+1.39051E+1	+6.92520E-1	+1.63800E-2	+1.10932E-1
+1.39198E+1	+7.02618E-1	+1.28705E-2	+1.11162E-1
+1.39346E+1	+7.12644E-1	+1.96606E-2	+1.11368E-1
+1.39493E+1	+7.22460E-1	+1.08868E-2	+1.11583E-1
+1.39641E+1	+7.32197E-1	+1.83636E-2	+1.11780E-1
+1.39788E+1	+7.41723E-1	+1.23364E-2	+1.11970E-1
+1.39936E+1	+7.51165E-1	+1.08105E-2	+1.12153E-1
+1.40083E+1	+7.60394E-1	+9.66611E-3	+1.12329E-1
+1.40231E+1	+7.69532E-1	+1.24127E-2	+1.12503E-1
+1.40378E+1	+7.78456E-1	+7.37729E-3	+1.12665E-1
+1.40526E+1	+7.87284E-1	+1.19549E-2	+1.12821E-1
+1.40673E+1	+7.95895E-1	+1.39386E-2	+1.12963E-1
+1.40820E+1	+8.04348E-1	+1.25653E-2	+1.13099E-1
+1.40968E+1	+8.12698E-1	+6.30918E-3	+1.13240E-1
+1.41115E+1	+8.20829E-1	+8.21652E-3	+1.13376E-1
+1.41263E+1	+8.28850E-1	+1.30230E-2	+1.13498E-1
+1.41410E+1	+8.36653E-1	+5.85141E-3	+1.13621E-1
+1.41558E+1	+8.44340E-1	+6.08029E-3	+1.13739E-1
+1.41705E+1	+8.51808E-1	+2.64707E-3	+1.13847E-1
+1.41853E+1	+8.59155E-1	+9.28464E-3	+1.13957E-1
+1.42000E+1	+8.66281E-1	+4.24924E-3	+1.14062E-1
+1.42148E+1	+8.73282E-1	+4.17295E-3	+1.14160E-1
+1.42295E+1	+8.80061E-1	+5.24106E-3	+1.14258E-1
+1.42442E+1	+8.86666E-1	+6.53806E-3	+1.14345E-1
+1.42590E+1	+8.93138E-1	+5.62253E-3	+1.14427E-1
+1.42737E+1	+8.99388E-1	+7.22470E-3	+1.14508E-1
+1.42885E+1	+9.05500E-1	+5.39365E-3	+1.14587E-1
+1.43032E+1	+9.11391E-1	+1.42636E-3	+1.14660E-1
+1.43180E+1	+9.17138E-1	+4.63071E-3	+1.14734E-1
+1.43327E+1	+9.22664E-1	+5.62253E-3	+1.14803E-1
+1.43475E+1	+9.28043E-1	+3.10483E-3	+1.14876E-1
+1.43622E+1	+9.33200E-1	+8.44541E-3	+1.14929E-1
+1.43770E+1	+9.38205E-1	+1.42636E-3	+1.14990E-1
+1.43917E+1	+9.42989E-1	-1.09134E-3	+1.15042E-1
+1.44065E+1	+9.47616E-1	+5.10836E-4	+1.15095E-1
+1.44212E+1	+9.52024E-1	+1.12119E-3	+1.15145E-1
+1.44359E+1	+9.56242E-1	+1.42636E-3	+1.15193E-1
+1.44507E+1	+9.60297E-1	+3.71518E-3	+1.15232E-1
+1.44654E+1	+9.64133E-1	+1.12119E-3	+1.15274E-1
+1.44802E+1	+9.67802E-1	-7.86161E-4	+1.15312E-1
+1.44949E+1	+9.71253E-1	+6.30918E-3	+1.15350E-1
+1.45097E+1	+9.74533E-1	-1.01504E-3	+1.15384E-1
+1.45244E+1	+9.77597E-1	-3.07498E-3	+1.15417E-1
+1.45392E+1	+9.80485E-1	-7.09867E-4	+1.15449E-1
+1.45539E+1	+9.83158E-1	+1.53119E-2	+1.15465E-1
+1.45687E+1	+9.85652E-1	-7.27115E-3	+1.15490E-1
+1.45834E+1	+9.87933E-1	+1.12119E-3	+1.15508E-1
+1.45981E+1	+9.90018E-1	+2.49448E-3	+1.15516E-1
+1.46129E+1	+9.91918E-1	-4.04691E-4	+1.15526E-1
+1.46276E+1	+9.93608E-1	+1.42636E-3	+1.15535E-1
+1.46424E+1	+9.95109E-1	+8.92306E-4	+1.15547E-1
+1.46571E+1	+9.96403E-1	+4.63071E-3	+1.15553E-1
+1.46719E+1	+9.97505E-1	-3.38015E-3	+1.15556E-1
+1.46866E+1	+9.98401E-1	+8.52170E-3	+1.15563E-1
+1.47014E+1	+9.99102E-1	+7.68247E-3	+1.15553E-1
+1.47161E+1	+9.99600E-1	-2.76980E-3	+1.15549E-1
+1.47309E+1	+9.99901E-1	+8.16012E-4	+1.15546E-1
