+0.00000E+0	+0.00000E+0	-5.36763E-3	-2.68382E-7
+1.47000E-2	+1.40930E-2	+8.92369E-2	+1.73773E-3
+2.95000E-2	+2.82790E-2	+1.31351E-1	+4.14714E-3
+4.42000E-2	+4.23635E-2	+1.82163E-1	+7.10033E-3
+5.90000E-2	+5.65354E-2	+2.21073E-1	+1.02200E-2
+7.37000E-2	+7.06002E-2	+2.22522E-1	+1.33534E-2
+8.85000E-2	+8.47465E-2	+2.26871E-1	+1.64628E-2
+1.03200E-1	+9.87804E-2	+2.23362E-1	+1.96594E-2
+1.18000E-1	+1.12890E-1	+2.20005E-1	+2.26541E-2
+1.32700E-1	+1.26882E-1	+2.05356E-1	+2.56102E-2
+1.47500E-1	+1.40943E-1	+1.96506E-1	+2.85526E-2
+1.62200E-1	+1.54881E-1	+1.73999E-1	+3.13988E-2
+1.76900E-1	+1.68789E-1	+1.61029E-1	+3.40637E-2
+1.91700E-1	+1.82757E-1	+1.45542E-1	+3.65571E-2
+2.06400E-1	+1.96595E-1	+1.59122E-1	+3.89839E-2
+2.21200E-1	+2.10487E-1	+1.73160E-1	+4.12913E-2
+2.35900E-1	+2.24243E-1	+1.61029E-1	+4.36007E-2
+2.50700E-1	+2.38048E-1	+1.42948E-1	+4.57850E-2
+2.65400E-1	+2.51712E-1	+1.08616E-1	+4.78289E-2
+2.80200E-1	+2.65419E-1	+1.04648E-1	+4.97237E-2
+2.94900E-1	+2.78980E-1	+1.02512E-1	+5.15055E-2
+3.09700E-1	+2.92577E-1	+1.32267E-1	+5.32708E-2
+3.24400E-1	+3.06025E-1	+1.46152E-1	+5.49550E-2
+3.39100E-1	+3.19411E-1	+1.25019E-1	+5.65865E-2
+3.53900E-1	+3.32825E-1	+8.92369E-2	+5.80988E-2
+3.68600E-1	+3.46081E-1	+7.38255E-2	+5.95467E-2
+3.83400E-1	+3.59358E-1	+8.31333E-2	+6.09473E-2
+3.98100E-1	+3.72474E-1	+8.13023E-2	+6.23225E-2
+4.12900E-1	+3.85605E-1	+8.44303E-2	+6.36236E-2
+4.27600E-1	+3.98569E-1	+8.29808E-2	+6.48364E-2
+4.42400E-1	+4.11542E-1	+8.53459E-2	+6.60026E-2
+4.57100E-1	+4.24346E-1	+7.50462E-2	+6.70847E-2
+4.71900E-1	+4.37151E-1	+7.55039E-2	+6.81257E-2
+4.86600E-1	+4.49783E-1	+6.91716E-2	+6.91099E-2
+5.01400E-1	+4.62410E-1	+5.23106E-2	+7.00383E-2
+5.16100E-1	+4.74860E-1	+6.06266E-2	+7.09203E-2
+5.30800E-1	+4.87215E-1	+4.17820E-2	+7.17641E-2
+5.45600E-1	+4.99557E-1	+5.39128E-2	+7.25415E-2
+5.60300E-1	+5.11716E-1	+4.05613E-2	+7.33001E-2
+5.75100E-1	+5.23855E-1	+4.35368E-2	+7.40231E-2
+5.89800E-1	+5.35807E-1	+3.90354E-2	+7.47221E-2
+6.04600E-1	+5.47734E-1	+3.62889E-2	+7.53988E-2
+6.19300E-1	+5.59470E-1	+4.21635E-2	+7.60358E-2
+6.34100E-1	+5.71174E-1	+4.31553E-2	+7.66732E-2
+6.48800E-1	+5.82685E-1	+5.31498E-2	+7.72705E-2
+6.63600E-1	+5.94158E-1	+5.21580E-2	+7.78326E-2
+6.78300E-1	+6.05435E-1	+5.13951E-2	+7.83536E-2
+6.93000E-1	+6.16591E-1	+3.90354E-2	+7.88553E-2
+7.07800E-1	+6.27700E-1	+1.57658E-2	+7.93589E-2
+7.22500E-1	+6.38608E-1	+3.78764E-3	+7.98664E-2
+7.37300E-1	+6.49463E-1	+2.06486E-2	+8.03339E-2
+7.52000E-1	+6.60114E-1	+4.84196E-2	+8.07594E-2
+7.66800E-1	+6.70706E-1	+4.36894E-2	+8.11340E-2
+7.81500E-1	+6.81093E-1	+2.08775E-2	+8.15306E-2
+7.96300E-1	+6.91413E-1	+2.20982E-2	+8.19158E-2
+8.11000E-1	+7.01526E-1	+3.34660E-2	+8.22647E-2
+8.25800E-1	+7.11567E-1	+1.38584E-2	+8.26034E-2
+8.40500E-1	+7.21398E-1	+2.36241E-2	+8.29405E-2
+8.55200E-1	+7.31086E-1	+2.17167E-2	+8.32406E-2
+8.70000E-1	+7.40694E-1	+1.28666E-2	+8.35377E-2
+8.84700E-1	+7.50088E-1	+2.68284E-2	+8.38207E-2
+8.99500E-1	+7.59396E-1	+1.55369E-2	+8.41057E-2
+9.14200E-1	+7.68490E-1	+2.02671E-2	+8.43635E-2
+9.29000E-1	+7.77492E-1	+1.98857E-2	+8.46210E-2
+9.43700E-1	+7.86278E-1	+1.72154E-2	+8.48571E-2
+9.58500E-1	+7.94965E-1	+1.34007E-2	+8.50965E-2
+9.73200E-1	+8.03436E-1	+1.17222E-2	+8.53078E-2
+9.88000E-1	+8.11803E-1	+1.61473E-2	+8.55221E-2
+1.00270E+0	+8.19952E-1	+1.14170E-2	+8.57213E-2
+1.01740E+0	+8.27938E-1	+1.14170E-2	+8.59159E-2
+1.03220E+0	+8.35812E-1	+1.51554E-2	+8.61084E-2
+1.04690E+0	+8.43466E-1	+6.68681E-3	+8.62911E-2
+1.06170E+0	+8.51003E-1	+1.40110E-2	+8.64589E-2
+1.07640E+0	+8.58320E-1	+9.20451E-3	+8.66230E-2
+1.09120E+0	+8.65514E-1	+1.49266E-2	+8.67817E-2
+1.10590E+0	+8.72487E-1	+8.51787E-3	+8.69435E-2
+1.12070E+0	+8.79332E-1	+5.84758E-3	+8.70884E-2
+1.13540E+0	+8.85956E-1	+1.15696E-2	+8.72238E-2
+1.15020E+0	+8.92447E-1	+1.05778E-2	+8.73628E-2
+1.16490E+0	+8.98717E-1	+1.01200E-2	+8.74878E-2
+1.17960E+0	+9.04807E-1	+8.51787E-3	+8.76181E-2
+1.19440E+0	+9.10758E-1	+7.90751E-3	+8.77301E-2
+1.20910E+0	+9.16487E-1	+9.66227E-3	+8.78491E-2
+1.22390E+0	+9.22072E-1	+3.71135E-3	+8.79495E-2
+1.23860E+0	+9.27434E-1	+6.22905E-3	+8.80539E-2
+1.25340E+0	+9.32647E-1	+3.25358E-3	+8.81545E-2
+1.26810E+0	+9.37639E-1	+1.00437E-2	+8.82358E-2
+1.28290E+0	+9.42477E-1	+5.46611E-3	+8.83351E-2
+1.29760E+0	+9.47094E-1	+7.83122E-3	+8.84140E-2
+1.31240E+0	+9.51553E-1	+1.27903E-2	+8.84931E-2
+1.32710E+0	+9.55792E-1	+9.66227E-3	+8.85597E-2
+1.34180E+0	+9.59841E-1	+2.94841E-3	+8.86353E-2
+1.35660E+0	+9.63725E-1	+9.05192E-3	+8.87065E-2
+1.37130E+0	+9.67391E-1	+2.71953E-3	+8.87607E-2
+1.38610E+0	+9.70887E-1	+1.04106E-3	+8.88170E-2
+1.40080E+0	+9.74166E-1	+8.89933E-3	+8.88706E-2
+1.41560E+0	+9.77273E-1	+8.44157E-3	+8.89269E-2
+1.43030E+0	+9.80163E-1	+5.00834E-3	+8.89624E-2
+1.44510E+0	+9.82877E-1	-4.90987E-3	+8.90157E-2
+1.45980E+0	+9.85376E-1	+4.85576E-3	+8.90450E-2
+1.47460E+0	+9.87694E-1	+1.07304E-2	+8.90851E-2
+1.48930E+0	+9.89800E-1	+1.65141E-3	+8.91074E-2
+1.50410E+0	+9.91722E-1	-1.01888E-3	+8.91344E-2
+1.51880E+0	+9.93433E-1	-1.55294E-3	+8.91526E-2
+1.53350E+0	+9.94947E-1	-1.62923E-3	+8.91729E-2
+1.54830E+0	+9.96271E-1	-2.62105E-3	+8.91996E-2
+1.56300E+0	+9.97388E-1	-2.77364E-3	+8.92039E-2
+1.57780E+0	+9.98313E-1	+1.04106E-3	+8.92036E-2
+1.59250E+0	+9.99032E-1	+1.04106E-3	+8.92142E-2
+1.60730E+0	+9.99556E-1	+1.19365E-3	+8.92137E-2
+1.62200E+0	+9.99876E-1	-3.32233E-4	+8.92267E-2
+1.63680E+0	+9.99999E-1	+2.78119E-4	+8.92131E-2
+1.65150E+0	+9.99921E-1	-2.08699E-3	+8.92076E-2
+1.66630E+0	+9.99642E-1	-3.07881E-3	+8.91958E-2
+1.68100E+0	+9.99166E-1	+2.64323E-3	+8.91840E-2
+1.69570E+0	+9.98491E-1	-4.84821E-4	+8.91736E-2
+1.71050E+0	+9.97612E-1	+4.55058E-3	+8.91565E-2
+1.72520E+0	+9.96539E-1	+4.30707E-4	+8.91392E-2
+1.74000E+0	+9.95260E-1	-1.01888E-3	+8.91321E-2
+1.75470E+0	+9.93790E-1	+2.56694E-3	+8.91023E-2
+1.76950E+0	+9.92111E-1	-7.96163E-3	+8.90909E-2
+1.78420E+0	+9.90246E-1	+7.83122E-3	+8.90693E-2
+1.79900E+0	+9.88170E-1	-5.06246E-3	+8.90448E-2
+1.81370E+0	+9.85910E-1	-4.98616E-3	+8.90157E-2
+1.82850E+0	+9.83437E-1	+5.16093E-3	+8.89921E-2
+1.84320E+0	+9.80785E-1	+4.32170E-3	+8.89824E-2
+1.85790E+0	+9.77938E-1	-3.32233E-4	+8.89288E-2
+1.87270E+0	+9.74876E-1	-6.81722E-3	+8.89113E-2
+1.88740E+0	+9.71640E-1	+4.01652E-3	+8.88774E-2
+1.90220E+0	+9.68187E-1	-7.19869E-3	+8.88437E-2
+1.91690E+0	+9.64565E-1	-2.77364E-3	+8.88085E-2
+1.93170E+0	+9.60724E-1	-3.32233E-4	+8.87685E-2
+1.94640E+0	+9.56717E-1	-4.98616E-3	+8.87235E-2
+1.96120E+0	+9.52492E-1	-3.23140E-3	+8.86836E-2
+1.97590E+0	+9.48105E-1	-3.00252E-3	+8.86348E-2
+1.99070E+0	+9.43498E-1	-1.70552E-3	+8.85856E-2
+2.00540E+0	+9.38734E-1	-5.06246E-3	+8.85337E-2
+2.02010E+0	+9.33784E-1	-1.12423E-2	+8.84762E-2
+2.03490E+0	+9.28613E-1	+1.57512E-3	+8.84195E-2
+2.04960E+0	+9.23291E-1	-5.29134E-3	+8.83657E-2
+2.06440E+0	+9.17749E-1	-3.30770E-3	+8.82966E-2
+2.07910E+0	+9.12060E-1	-2.62105E-3	+8.82272E-2
+2.09390E+0	+9.06150E-1	-4.90987E-3	+8.81581E-2
+2.10860E+0	+9.00099E-1	-7.12239E-3	+8.80832E-2
+2.12340E+0	+8.93827E-1	-6.51204E-3	+8.80067E-2
+2.13810E+0	+8.87419E-1	-6.58834E-3	+8.79278E-2
+2.15290E+0	+8.80789E-1	-1.09517E-3	+8.78500E-2
+2.16760E+0	+8.74028E-1	-5.36763E-3	+8.77619E-2
+2.18230E+0	+8.67094E-1	-4.83358E-3	+8.76688E-2
+2.19710E+0	+8.59939E-1	-4.29952E-3	+8.75724E-2
+2.21180E+0	+8.52660E-1	-7.80904E-3	+8.74663E-2
+2.22660E+0	+8.45161E-1	-6.05428E-3	+8.73619E-2
+2.24130E+0	+8.37544E-1	-1.07082E-2	+8.72543E-2
+2.25610E+0	+8.29708E-1	-4.90987E-3	+8.71404E-2
+2.27080E+0	+8.21759E-1	-1.19289E-2	+8.70158E-2
+2.28560E+0	+8.13591E-1	-4.60469E-3	+8.68959E-2
+2.30030E+0	+8.05316E-1	-7.19869E-3	+8.67599E-2
+2.31510E+0	+7.96823E-1	-1.46755E-2	+8.66200E-2
+2.32980E+0	+7.88228E-1	-1.14711E-2	+8.64867E-2
+2.34460E+0	+7.79418E-1	-7.19869E-3	+8.63300E-2
+2.35930E+0	+7.70511E-1	-9.79268E-3	+8.61718E-2
+2.37400E+0	+7.61451E-1	-9.64009E-3	+8.60044E-2
+2.38880E+0	+7.52177E-1	-1.10134E-2	+8.58306E-2
+2.40350E+0	+7.42815E-1	-1.44466E-2	+8.56443E-2
+2.41830E+0	+7.33241E-1	-1.07082E-2	+8.54672E-2
+2.43300E+0	+7.23586E-1	-1.23104E-2	+8.52607E-2
+2.44780E+0	+7.13719E-1	-1.67354E-2	+8.50479E-2
+2.46250E+0	+7.03777E-1	-6.89351E-3	+8.48354E-2
+2.47730E+0	+6.93626E-1	-2.14657E-2	+8.46015E-2
+2.49200E+0	+6.83406E-1	-1.81850E-2	+8.43714E-2
+2.50680E+0	+6.72978E-1	-1.78798E-2	+8.41223E-2
+2.52150E+0	+6.62488E-1	-1.34548E-2	+8.38515E-2
+2.53620E+0	+6.51865E-1	-2.03212E-2	+8.35792E-2
+2.55100E+0	+6.41040E-1	-2.18471E-2	+8.33021E-2
+2.56570E+0	+6.30159E-1	-1.57436E-2	+8.29952E-2
+2.58050E+0	+6.19079E-1	-1.23867E-2	+8.26673E-2
+2.59520E+0	+6.07950E-1	-2.38308E-2	+8.23391E-2
+2.61000E+0	+5.96623E-1	-3.42067E-2	+8.19989E-2
+2.62470E+0	+5.85254E-1	-3.09261E-2	+8.16531E-2
+2.63950E+0	+5.73690E-1	-3.02395E-2	+8.12710E-2
+2.65420E+0	+5.62090E-1	-2.01687E-2	+8.08729E-2
+2.66900E+0	+5.50298E-1	-1.37600E-2	+8.04344E-2
+2.68370E+0	+5.38476E-1	-9.18233E-3	+7.99783E-2
+2.69840E+0	+5.26547E-1	-1.94820E-2	+7.94840E-2
+2.71320E+0	+5.14432E-1	-3.02395E-2	+7.89861E-2
+2.72790E+0	+5.02295E-1	-4.35146E-2	+7.84663E-2
+2.74270E+0	+4.89976E-1	-4.87026E-2	+7.79407E-2
+2.75740E+0	+4.77642E-1	-4.83974E-2	+7.73578E-2
+2.77220E+0	+4.65128E-1	-4.73293E-2	+7.67438E-2
+2.78690E+0	+4.52606E-1	-4.42775E-2	+7.60918E-2
+2.80170E+0	+4.39908E-1	-4.34383E-2	+7.54162E-2
+2.81640E+0	+4.27208E-1	-4.62612E-2	+7.46707E-2
+2.83120E+0	+4.14336E-1	-5.22121E-2	+7.39130E-2
+2.84590E+0	+4.01469E-1	-5.35854E-2	+7.30921E-2
+2.86060E+0	+3.88522E-1	-6.67843E-2	+7.22505E-2
+2.87540E+0	+3.75408E-1	-7.35744E-2	+7.12883E-2
+2.89010E+0	+3.62309E-1	-8.12801E-2	+7.03082E-2
+2.90490E+0	+3.49048E-1	-7.45662E-2	+6.92536E-2
+2.91960E+0	+3.35806E-1	-7.38033E-2	+6.81433E-2
+2.93440E+0	+3.22408E-1	-6.95308E-2	+6.69865E-2
+2.94910E+0	+3.09035E-1	-8.00594E-2	+6.57469E-2
+2.96390E+0	+2.95510E-1	-8.34926E-2	+6.44594E-2
+2.97860E+0	+2.82017E-1	-9.63863E-2	+6.30665E-2
+2.99340E+0	+2.68376E-1	-1.01727E-1	+6.15995E-2
+3.00810E+0	+2.54773E-1	-1.15918E-1	+6.00468E-2
+3.02280E+0	+2.41120E-1	-1.44833E-1	+5.84111E-2
+3.03760E+0	+2.27325E-1	-1.47045E-1	+5.66076E-2
+3.05230E+0	+2.13579E-1	-1.47885E-1	+5.47417E-2
+3.06710E+0	+1.99696E-1	-1.33770E-1	+5.27991E-2
+3.08180E+0	+1.85867E-1	-1.39721E-1	+5.07289E-2
+3.09660E+0	+1.71906E-1	-1.22631E-1	+4.85635E-2
+3.11130E+0	+1.58006E-1	-1.29727E-1	+4.62655E-2
+3.12610E+0	+1.43980E-1	-1.64059E-1	+4.38547E-2
+3.14080E+0	+1.30019E-1	-1.79776E-1	+4.12274E-2
+3.15560E+0	+1.15938E-1	-2.06021E-1	+3.83905E-2
+3.17030E+0	+1.01928E-1	-2.13955E-1	+3.54354E-2
+3.18500E+0	+8.78986E-2	-2.38217E-1	+3.22482E-2
+3.19980E+0	+7.37558E-2	-2.25781E-1	+2.89390E-2
+3.21450E+0	+5.96939E-2	-2.23263E-1	+2.54714E-2
+3.22930E+0	+4.55243E-2	-2.45236E-1	+2.20188E-2
+3.24400E+0	+3.14414E-2	-2.40048E-1	+1.84221E-2
+3.25880E+0	+1.72564E-2	-2.57748E-1	+1.48494E-2
+3.27350E+0	+3.16383E-3	-2.43100E-1	+1.13310E-2
+3.28830E+0	-1.10253E-2	-2.42794E-1	+7.67774E-3
+3.30300E+0	-2.51163E-2	-2.32495E-1	+4.06562E-3
+3.31780E+0	-3.92981E-2	-2.34936E-1	+4.76311E-4
+3.33250E+0	-5.33763E-2	-2.47219E-1	-2.98139E-3
+3.34730E+0	-6.75396E-2	-2.27993E-1	-6.47630E-3
+3.36200E+0	-8.15937E-2	-2.29901E-1	-9.81841E-3
+3.37670E+0	-9.56316E-2	-2.15710E-1	-1.29869E-2
+3.39150E+0	-1.09746E-1	-2.06631E-1	-1.61796E-2
+3.40620E+0	-1.23743E-1	-1.97247E-1	-1.91500E-2
+3.42100E+0	-1.37810E-1	-1.91220E-1	-2.20965E-2
+3.43570E+0	-1.51755E-1	-2.06555E-1	-2.49044E-2
+3.45050E+0	-1.65764E-1	-1.95187E-1	-2.76113E-2
+3.46520E+0	-1.79646E-1	-1.88702E-1	-3.02329E-2
+3.48000E+0	-1.93586E-1	-1.67950E-1	-3.26838E-2
+3.49470E+0	-2.07393E-1	-1.49258E-1	-3.50882E-2
+3.50950E+0	-2.21252E-1	-1.37585E-1	-3.73306E-2
+3.52420E+0	-2.34974E-1	-1.44299E-1	-3.94922E-2
+3.53890E+0	-2.48649E-1	-1.61694E-1	-4.15726E-2
+3.55370E+0	-2.62367E-1	-1.58566E-1	-4.36179E-2
+3.56840E+0	-2.75940E-1	-1.44604E-1	-4.55661E-2
+3.58320E+0	-2.89551E-1	-1.10043E-1	-4.73805E-2
+3.59790E+0	-3.03011E-1	-8.86043E-2	-4.91052E-2
+3.61270E+0	-3.16502E-1	-8.18905E-2	-5.07121E-2
+3.62740E+0	-3.29839E-1	-9.37923E-2	-5.22670E-2
+3.64220E+0	-3.43201E-1	-1.19503E-1	-5.37867E-2
+3.65690E+0	-3.56404E-1	-1.15765E-1	-5.52987E-2
+3.67170E+0	-3.69625E-1	-1.08975E-1	-5.67009E-2
+3.68640E+0	-3.82683E-1	-8.54763E-2	-5.80145E-2
+3.70110E+0	-3.95666E-1	-8.94436E-2	-5.92508E-2
+3.71590E+0	-4.08657E-1	-7.57869E-2	-6.04767E-2
+3.73060E+0	-4.21479E-1	-6.67843E-2	-6.16313E-2
+3.74540E+0	-4.34303E-1	-5.81630E-2	-6.27030E-2
+3.76010E+0	-4.46955E-1	-6.01467E-2	-6.37481E-2
+3.77490E+0	-4.59602E-1	-5.99178E-2	-6.47471E-2
+3.78960E+0	-4.72073E-1	-5.45772E-2	-6.56861E-2
+3.80440E+0	-4.84534E-1	-6.33510E-2	-6.65820E-2
+3.81910E+0	-4.96814E-1	-5.06862E-2	-6.74433E-2
+3.83390E+0	-5.09078E-1	-6.04519E-2	-6.82698E-2
+3.84860E+0	-5.21157E-1	-4.95418E-2	-6.90514E-2
+3.86330E+0	-5.33133E-1	-5.14492E-2	-6.97911E-2
+3.87810E+0	-5.45084E-1	-4.54982E-2	-7.05002E-2
+3.89280E+0	-5.56845E-1	-3.63430E-2	-7.11932E-2
+3.90760E+0	-5.68574E-1	-3.19942E-2	-7.18331E-2
+3.92230E+0	-5.80111E-1	-2.46700E-2	-7.24533E-2
+3.93710E+0	-5.91610E-1	-2.77981E-2	-7.30603E-2
+3.95180E+0	-6.02914E-1	-3.33675E-2	-7.36270E-2
+3.96660E+0	-6.14173E-1	-4.45827E-2	-7.41768E-2
+3.98130E+0	-6.25234E-1	-5.99178E-2	-7.46630E-2
+3.99610E+0	-6.36244E-1	-5.28225E-2	-7.51193E-2
+4.01080E+0	-6.47054E-1	-2.67299E-2	-7.55915E-2
+4.02550E+0	-6.57734E-1	-8.95345E-3	-7.60616E-2
+4.04030E+0	-6.68356E-1	-2.16945E-2	-7.65214E-2
+4.05500E+0	-6.78773E-1	-3.56563E-2	-7.69048E-2
+4.06980E+0	-6.89124E-1	-2.23049E-2	-7.72837E-2
+4.08450E+0	-6.99268E-1	-1.84902E-2	-7.76824E-2
+4.09930E+0	-7.09340E-1	-3.00869E-2	-7.80377E-2
+4.11400E+0	-7.19204E-1	-1.84902E-2	-7.83733E-2
+4.12880E+0	-7.28990E-1	-1.60488E-2	-7.87191E-2
+4.14350E+0	-7.38564E-1	-2.66536E-2	-7.90290E-2
+4.15830E+0	-7.48056E-1	-1.68117E-2	-7.93491E-2
+4.17300E+0	-7.57334E-1	-1.83376E-2	-7.96326E-2
+4.18780E+0	-7.66524E-1	-1.81850E-2	-7.99226E-2
+4.20250E+0	-7.75498E-1	-2.32967E-2	-8.01954E-2
+4.21720E+0	-7.84319E-1	-1.84902E-2	-8.04579E-2
+4.23200E+0	-7.93042E-1	-1.29207E-2	-8.06962E-2
+4.24670E+0	-8.01548E-1	-1.58199E-2	-8.09446E-2
+4.26150E+0	-8.09951E-1	-1.23867E-2	-8.11816E-2
+4.27620E+0	-8.18136E-1	-1.99398E-2	-8.14064E-2
+4.29100E+0	-8.26213E-1	-1.61251E-2	-8.16213E-2
+4.30570E+0	-8.34070E-1	-8.11422E-3	-8.18340E-2
+4.32050E+0	-8.41814E-1	-1.43703E-2	-8.20283E-2
+4.33520E+0	-8.49337E-1	-9.56380E-3	-8.22291E-2
+4.35000E+0	-8.56741E-1	-1.67354E-2	-8.24132E-2
+4.36470E+0	-8.63925E-1	-1.05556E-2	-8.25920E-2
+4.37940E+0	-8.70936E-1	-4.98616E-3	-8.27501E-2
+4.39420E+0	-8.77821E-1	-1.34548E-2	-8.29106E-2
+4.40890E+0	-8.84484E-1	-1.12423E-2	-8.30776E-2
+4.42370E+0	-8.91015E-1	-1.05556E-2	-8.32259E-2
+4.43840E+0	-8.97325E-1	-1.09371E-2	-8.33728E-2
+4.45320E+0	-9.03497E-1	-8.57198E-3	-8.35053E-2
+4.46790E+0	-9.09447E-1	-1.07082E-2	-8.36462E-2
+4.48270E+0	-9.15256E-1	-4.90987E-3	-8.37705E-2
+4.49740E+0	-9.20842E-1	-1.28444E-2	-8.38953E-2
+4.51220E+0	-9.26283E-1	-1.11660E-2	-8.40053E-2
+4.52690E+0	-9.31501E-1	-4.68099E-3	-8.41302E-2
+4.54160E+0	-9.36535E-1	-4.14693E-3	-8.42364E-2
+4.55640E+0	-9.41415E-1	-8.41939E-3	-8.43388E-2
+4.57110E+0	-9.46074E-1	-1.16237E-2	-8.44327E-2
+4.58590E+0	-9.50575E-1	-1.23104E-2	-8.45222E-2
+4.60060E+0	-9.54857E-1	-2.77364E-3	-8.46191E-2
+4.61540E+0	-9.58976E-1	-2.23958E-3	-8.47041E-2
+4.63010E+0	-9.62876E-1	-1.33022E-2	-8.47855E-2
+4.64490E+0	-9.66609E-1	-6.28316E-3	-8.48620E-2
+4.65960E+0	-9.70124E-1	-2.69734E-3	-8.49314E-2
+4.67440E+0	-9.73469E-1	-8.49568E-3	-8.50042E-2
+4.68910E+0	-9.76597E-1	-8.49568E-3	-8.50657E-2
+4.70380E+0	-9.79531E-1	-1.20815E-2	-8.51305E-2
+4.71860E+0	-9.82289E-1	+4.55058E-3	-8.51851E-2
+4.73330E+0	-9.84832E-1	-2.01687E-2	-8.52527E-2
+4.74810E+0	-9.87195E-1	+4.32170E-3	-8.53115E-2
+4.76280E+0	-9.89345E-1	-1.01742E-2	-8.53426E-2
+4.77760E+0	-9.91311E-1	-4.52840E-3	-8.53852E-2
+4.79230E+0	-9.93066E-1	-1.06319E-2	-8.54189E-2
+4.80710E+0	-9.94634E-1	-1.10134E-2	-8.54611E-2
+4.82180E+0	-9.95993E-1	+2.64323E-3	-8.54893E-2
+4.83660E+0	-9.97162E-1	-6.58834E-3	-8.55254E-2
+4.85130E+0	-9.98124E-1	-1.24776E-3	-8.55447E-2
+4.86600E+0	-9.98888E-1	-6.37408E-4	-8.55647E-2
+4.88080E+0	-9.99456E-1	-3.30770E-3	-8.55891E-2
+4.89550E+0	-9.99822E-1	+1.04106E-3	-8.55950E-2
+4.91030E+0	-9.99989E-1	-3.76546E-3	-8.56206E-2
+4.92500E+0	-9.99956E-1	+2.56694E-3	-8.56263E-2
+4.93980E+0	-9.99722E-1	+4.55058E-3	-8.56318E-2
+4.95450E+0	-9.99290E-1	-3.07881E-3	-8.56409E-2
+4.96930E+0	-9.98655E-1	+6.61052E-3	-8.56470E-2
+4.98400E+0	-9.97825E-1	-6.13057E-3	-8.56495E-2
+4.99880E+0	-9.96790E-1	+1.04106E-3	-8.56488E-2
+5.01350E+0	-9.95562E-1	+6.30534E-3	-8.56494E-2
+5.02820E+0	-9.94137E-1	-1.42177E-2	-8.56483E-2
+5.04300E+0	-9.92503E-1	+2.56694E-3	-8.56457E-2
+5.05770E+0	-9.90682E-1	-1.17147E-3	-8.56415E-2
+5.07250E+0	-9.88650E-1	-7.89996E-4	-8.56392E-2
+5.08720E+0	-9.86434E-1	-8.11422E-3	-8.56246E-2
+5.10200E+0	-9.84006E-1	-7.04610E-3	-8.56242E-2
+5.11670E+0	-9.81398E-1	+2.17930E-2	-8.56099E-2
+5.13150E+0	-9.78575E-1	-2.60433E-2	-8.55878E-2
+5.14620E+0	-9.75576E-1	+9.96745E-3	-8.55697E-2
+5.16100E+0	-9.72361E-1	-9.64009E-3	-8.55636E-2
+5.17570E+0	-9.68974E-1	+6.99199E-3	-8.55459E-2
+5.19050E+0	-9.65369E-1	+5.07001E-4	-8.55271E-2
+5.20520E+0	-9.61597E-1	-2.84993E-3	-8.55033E-2
+5.21990E+0	-9.57633E-1	+2.33806E-3	-8.54791E-2
+5.23470E+0	-9.53451E-1	+3.48246E-3	-8.54524E-2
+5.24940E+0	-9.49106E-1	-2.70569E-5	-8.54238E-2
+5.26420E+0	-9.44542E-1	+4.39799E-3	-8.53932E-2
+5.27890E+0	-9.39820E-1	+1.65141E-3	-8.53576E-2
+5.29370E+0	-9.34878E-1	+5.31352E-3	-8.53233E-2
+5.30840E+0	-9.29782E-1	+9.50969E-3	-8.52761E-2
+5.32320E+0	-9.24465E-1	-1.70552E-3	-8.52359E-2
+5.33790E+0	-9.19000E-1	+2.56694E-3	-8.51905E-2
+5.35270E+0	-9.13314E-1	+3.25358E-3	-8.51429E-2
+5.36740E+0	-9.07484E-1	+1.49882E-3	-8.50919E-2
+5.38210E+0	-9.01473E-1	+4.39799E-3	-8.50361E-2
+5.39690E+0	-8.95241E-1	+4.39799E-3	-8.49791E-2
+5.41160E+0	-8.88873E-1	+1.03489E-2	-8.49143E-2
+5.42640E+0	-8.82283E-1	+6.38163E-3	-8.48456E-2
+5.44110E+0	-8.75561E-1	-2.70569E-5	-8.47782E-2
+5.45590E+0	-8.68618E-1	+7.22087E-3	-8.47052E-2
+5.47060E+0	-8.61549E-1	+6.30534E-3	-8.46260E-2
+5.48540E+0	-8.54259E-1	+8.21269E-3	-8.45404E-2
+5.50010E+0	-8.46848E-1	+9.05192E-3	-8.44586E-2
+5.51490E+0	-8.39217E-1	+2.33806E-3	-8.43644E-2
+5.52960E+0	-8.31470E-1	+8.13640E-3	-8.42660E-2
+5.54430E+0	-8.23557E-1	+2.41435E-3	-8.41602E-2
+5.55910E+0	-8.15426E-1	+1.12644E-2	-8.40525E-2
+5.57380E+0	-8.07187E-1	+9.58598E-3	-8.39459E-2
+5.58860E+0	-7.98730E-1	+4.62687E-3	-8.38189E-2
+5.60330E+0	-7.90171E-1	+7.75493E-3	-8.36890E-2
+5.61810E+0	-7.81396E-1	+1.52317E-2	-8.35531E-2
+5.63280E+0	-7.72524E-1	+9.28080E-3	-8.34205E-2
+5.64760E+0	-7.63436E-1	+1.34007E-2	-8.32757E-2
+5.66230E+0	-7.54258E-1	+1.21800E-2	-8.31253E-2
+5.67710E+0	-7.44866E-1	+1.46977E-2	-8.29572E-2
+5.69180E+0	-7.35389E-1	+1.34007E-2	-8.27918E-2
+5.70650E+0	-7.25766E-1	+8.67045E-3	-8.26096E-2
+5.72130E+0	-7.15932E-1	+1.50791E-2	-8.24282E-2
+5.73600E+0	-7.06021E-1	+1.02726E-2	-8.22223E-2
+5.75080E+0	-6.95902E-1	+1.40110E-2	-8.20216E-2
+5.76550E+0	-6.85712E-1	+1.70628E-2	-8.18060E-2
+5.78030E+0	-6.75315E-1	+1.37821E-2	-8.15793E-2
+5.79500E+0	-6.64854E-1	+1.82072E-2	-8.13332E-2
+5.80980E+0	-6.54189E-1	+1.93516E-2	-8.10908E-2
+5.82450E+0	-6.43465E-1	+1.44688E-2	-8.08218E-2
+5.83930E+0	-6.32539E-1	+1.25614E-2	-8.05261E-2
+5.85400E+0	-6.21560E-1	+1.91227E-2	-8.02369E-2
+5.86870E+0	-6.10459E-1	+2.86595E-2	-7.99340E-2
+5.88350E+0	-5.99159E-1	+2.59129E-2	-7.96195E-2
+5.89820E+0	-5.87816E-1	+2.36241E-2	-7.92753E-2
+5.91300E+0	-5.76278E-1	+1.33244E-2	-7.89172E-2
+5.92770E+0	-5.64704E-1	+1.22563E-2	-7.85311E-2
+5.94250E+0	-5.52937E-1	+1.79020E-2	-7.81186E-2
+5.95720E+0	-5.41139E-1	+2.72862E-2	-7.76853E-2
+5.97200E+0	-5.29153E-1	+3.94932E-2	-7.72399E-2
+5.98670E+0	-5.17142E-1	+5.62779E-2	-7.67871E-2
+6.00150E+0	-5.04946E-1	+6.37547E-2	-7.63046E-2
+6.01620E+0	-4.92731E-1	+5.93296E-2	-7.57904E-2
+6.03100E+0	-4.80335E-1	+5.01744E-2	-7.52380E-2
+6.04570E+0	-4.67926E-1	+4.13243E-2	-7.46536E-2
+6.06040E+0	-4.55425E-1	+5.58201E-2	-7.40159E-2
+6.07520E+0	-4.42747E-1	+5.78038E-2	-7.33550E-2
+6.08990E+0	-4.30067E-1	+5.45994E-2	-7.26480E-2
+6.10470E+0	-4.17214E-1	+5.74986E-2	-7.19071E-2
+6.11940E+0	-4.04365E-1	+5.27684E-2	-7.11101E-2
+6.13420E+0	-3.91347E-1	+5.87956E-2	-7.02627E-2
+6.14890E+0	-3.78339E-1	+6.08555E-2	-6.93822E-2
+6.16370E+0	-3.65167E-1	+7.27574E-2	-6.84381E-2
+6.17840E+0	-3.52011E-1	+7.03160E-2	-6.74328E-2
+6.19320E+0	-3.38695E-1	+7.61143E-2	-6.63399E-2
+6.20790E+0	-3.25401E-1	+7.27574E-2	-6.52266E-2
+6.22260E+0	-3.12043E-1	+7.15367E-2	-6.40261E-2
+6.23740E+0	-2.98531E-1	+8.22178E-2	-6.27448E-2
+6.25210E+0	-2.85051E-1	+9.11442E-2	-6.14196E-2
+6.26690E+0	-2.71422E-1	+1.15253E-1	-5.99701E-2
+6.28160E+0	-2.57831E-1	+1.15558E-1	-5.84463E-2
+6.29640E+0	-2.44096E-1	+1.28986E-1	-5.67980E-2
+6.31110E+0	-2.30405E-1	+1.45771E-1	-5.50738E-2
+6.32590E+0	-2.16575E-1	+1.50653E-1	-5.31895E-2
+6.34060E+0	-2.02795E-1	+1.33487E-1	-5.12474E-2
+6.35540E+0	-1.88880E-1	+1.09836E-1	-4.92230E-2
+6.37010E+0	-1.75022E-1	+1.16626E-1	-4.71189E-2
+6.38480E+0	-1.61129E-1	+1.22501E-1	-4.48741E-2
+6.39960E+0	-1.47110E-1	+1.49509E-1	-4.24437E-2
+6.41430E+0	-1.33156E-1	+1.67362E-1	-3.99043E-2
+6.42910E+0	-1.19080E-1	+1.97116E-1	-3.70430E-2
+6.44380E+0	-1.05075E-1	+2.11536E-1	-3.40385E-2
+6.45860E+0	-9.09542E-2	+2.09018E-1	-3.08394E-2
+6.47330E+0	-7.69106E-2	+2.33509E-1	-2.75211E-2
+6.48810E+0	-6.27561E-2	+2.26566E-1	-2.40519E-2
+6.50280E+0	-4.86846E-2	+2.37629E-1	-2.04422E-2
+6.51760E+0	-3.45077E-2	+2.57236E-1	-1.68342E-2
+6.53230E+0	-2.04197E-2	+2.55558E-1	-1.31175E-2
+6.54700E+0	-6.32763E-3	+2.53193E-1	-9.38497E-3
+6.56180E+0	+7.86157E-3	+2.22370E-1	-5.68237E-3
+6.57650E+0	+2.19533E-2	+2.51972E-1	-1.99943E-3
+6.59130E+0	+3.61366E-2	+2.38163E-1	+1.63472E-3
+6.60600E+0	+5.02167E-2	+2.46174E-1	+5.34512E-3
+6.62080E+0	+6.43826E-2	+2.54566E-1	+8.88965E-3
+6.63550E+0	+7.84400E-2	+2.35340E-1	+1.24075E-2
+6.65030E+0	+9.25772E-2	+2.29313E-1	+1.58277E-2
+6.66500E+0	+1.06600E-1	+2.05967E-1	+1.90933E-2
+6.67980E+0	+1.20698E-1	+2.05509E-1	+2.22809E-2
+6.69450E+0	+1.34676E-1	+2.00321E-1	+2.53040E-2
+6.70920E+0	+1.48627E-1	+2.17945E-1	+2.82887E-2
+6.72400E+0	+1.62643E-1	+2.07950E-1	+3.11130E-2
+6.73870E+0	+1.76532E-1	+1.87732E-1	+3.38927E-2
+6.75350E+0	+1.90481E-1	+1.74991E-1	+3.65445E-2
+6.76820E+0	+2.04297E-1	+1.53705E-1	+3.90014E-2
+6.78300E+0	+2.18166E-1	+1.44016E-1	+4.13758E-2
+6.79770E+0	+2.31898E-1	+1.47983E-1	+4.36113E-2
+6.81250E+0	+2.45676E-1	+1.68506E-1	+4.58431E-2
+6.82720E+0	+2.59313E-1	+1.71787E-1	+4.79430E-2
+6.84200E+0	+2.72990E-1	+1.47220E-1	+5.00034E-2
+6.85670E+0	+2.86521E-1	+1.25324E-1	+5.19180E-2
+6.87140E+0	+2.99995E-1	+9.50352E-2	+5.36987E-2
+6.88620E+0	+3.13500E-1	+9.66374E-2	+5.53787E-2
+6.90090E+0	+3.26851E-1	+1.06403E-1	+5.70067E-2
+6.91570E+0	+3.40228E-1	+1.27079E-1	+5.86412E-2
+6.93040E+0	+3.53446E-1	+1.17695E-1	+6.01800E-2
+6.94520E+0	+3.66684E-1	+1.00147E-1	+6.16547E-2
+6.95990E+0	+3.79759E-1	+9.06102E-2	+6.30082E-2
+6.97470E+0	+3.92846E-1	+9.13731E-2	+6.43376E-2
+6.98940E+0	+4.05767E-1	+8.14549E-2	+6.55545E-2
+7.00420E+0	+4.18695E-1	+7.15367E-2	+6.67383E-2
+7.01890E+0	+4.31451E-1	+6.74168E-2	+6.78470E-2
+7.03370E+0	+4.44208E-1	+6.12370E-2	+6.89398E-2
+7.04840E+0	+4.56790E-1	+5.68882E-2	+6.99180E-2
+7.06310E+0	+4.69282E-1	+5.52098E-2	+7.09152E-2
+7.07790E+0	+4.81764E-1	+5.18528E-2	+7.18126E-2
+7.09260E+0	+4.94066E-1	+4.83433E-2	+7.27139E-2
+7.10740E+0	+5.06352E-1	+5.00218E-2	+7.35199E-2
+7.12210E+0	+5.18454E-1	+3.81962E-2	+7.43324E-2
+7.13690E+0	+5.30535E-1	+4.78092E-2	+7.50834E-2
+7.15160E+0	+5.42429E-1	+2.85069E-2	+7.58165E-2
+7.16640E+0	+5.54294E-1	+3.68992E-2	+7.65090E-2
+7.18110E+0	+5.65969E-1	+2.88121E-2	+7.71633E-2
+7.19590E+0	+5.77610E-1	+3.61363E-2	+7.78084E-2
+7.21060E+0	+5.89057E-1	+4.11717E-2	+7.84042E-2
+7.22530E+0	+6.00386E-1	+4.81144E-2	+7.89517E-2
+7.24010E+0	+6.11673E-1	+5.65831E-2	+7.94801E-2
+7.25480E+0	+6.22761E-1	+4.13243E-2	+7.99600E-2
+7.26960E+0	+6.33800E-1	+2.14878E-2	+8.04554E-2
+7.28430E+0	+6.44638E-1	+6.61052E-3	+8.09402E-2
+7.29910E+0	+6.55420E-1	+2.09538E-2	+8.14096E-2
+7.31380E+0	+6.65999E-1	+4.10191E-2	+8.18275E-2
+7.32860E+0	+6.76516E-1	+3.59074E-2	+8.22125E-2
+7.34330E+0	+6.86828E-1	+1.57658E-2	+8.26122E-2
+7.35810E+0	+6.97071E-1	+2.13352E-2	+8.29931E-2
+7.37280E+0	+7.07107E-1	+2.69810E-2	+8.33311E-2
+7.38750E+0	+7.17002E-1	+1.71391E-2	+8.36690E-2
+7.40230E+0	+7.26820E-1	+2.15641E-2	+8.40060E-2
+7.41700E+0	+7.36428E-1	+1.66813E-2	+8.43042E-2
+7.43180E+0	+7.45952E-1	+2.12590E-2	+8.46184E-2
+7.44650E+0	+7.55264E-1	+2.20219E-2	+8.48899E-2
+7.46130E+0	+7.64488E-1	+1.50791E-2	+8.51719E-2
+7.47600E+0	+7.73497E-1	+1.80546E-2	+8.54261E-2
+7.49080E+0	+7.82412E-1	+1.52317E-2	+8.56992E-2
+7.50550E+0	+7.91111E-1	+1.24852E-2	+8.59205E-2
+7.52030E+0	+7.99710E-1	+1.50029E-2	+8.61499E-2
+7.53500E+0	+8.08092E-1	+1.23326E-2	+8.63648E-2
+7.54970E+0	+8.16313E-1	+1.58421E-2	+8.65669E-2
+7.56450E+0	+8.24427E-1	+1.18748E-2	+8.67802E-2
+7.57920E+0	+8.32321E-1	+1.04252E-2	+8.69696E-2
+7.59400E+0	+8.40102E-1	+9.43339E-3	+8.71485E-2
+7.60870E+0	+8.47663E-1	+1.61473E-2	+8.73261E-2
+7.62350E+0	+8.55105E-1	+1.21037E-2	+8.75055E-2
+7.63820E+0	+8.62327E-1	+1.30192E-2	+8.76630E-2
+7.65300E+0	+8.69425E-1	+9.43339E-3	+8.78245E-2
+7.66770E+0	+8.76301E-1	+1.34623E-3	+8.79684E-2
+7.68250E+0	+8.83049E-1	+1.11119E-2	+8.81069E-2
+7.69720E+0	+8.89574E-1	+1.47740E-2	+8.82442E-2
+7.71190E+0	+8.95924E-1	+9.73857E-3	+8.83741E-2
+7.72670E+0	+9.02136E-1	+8.51787E-3	+8.85020E-2
+7.74140E+0	+9.08127E-1	+8.59416E-3	+8.86201E-2
+7.75620E+0	+9.13976E-1	+1.30192E-2	+8.87327E-2
+7.77090E+0	+9.19604E-1	+1.01963E-2	+8.88377E-2
+7.78570E+0	+9.25086E-1	-6.37408E-4	+8.89418E-2
+7.80040E+0	+9.30346E-1	+8.82304E-3	+8.90517E-2
+7.81520E+0	+9.35455E-1	+6.30534E-3	+8.91369E-2
+7.82990E+0	+9.40343E-1	+3.02470E-3	+8.92264E-2
+7.84470E+0	+9.45076E-1	+4.32170E-3	+8.93045E-2
+7.85940E+0	+9.49588E-1	+3.63505E-3	+8.93792E-2
+7.87420E+0	+9.53941E-1	+9.64764E-4	+8.94662E-2
+7.88890E+0	+9.58074E-1	+1.19365E-3	+8.95366E-2
+7.90360E+0	+9.62017E-1	+1.21037E-2	+8.95966E-2
+7.91840E+0	+9.65793E-1	+4.55058E-3	+8.96610E-2
+7.93310E+0	+9.69352E-1	-1.79645E-4	+8.97171E-2
+7.94790E+0	+9.72740E-1	+8.51787E-3	+8.97765E-2
+7.96260E+0	+9.75912E-1	+7.52604E-3	+8.98303E-2
+7.97740E+0	+9.78909E-1	+7.29716E-3	+8.98780E-2
+7.99210E+0	+9.81691E-1	+7.14457E-3	+8.99100E-2
+8.00690E+0	+9.84295E-1	-3.15511E-3	+8.99646E-2
+8.02160E+0	+9.86685E-1	-5.36763E-3	+8.99880E-2
+8.03640E+0	+9.88893E-1	-5.21505E-3	+9.00208E-2
+8.05110E+0	+9.90890E-1	+8.51787E-3	+9.00532E-2
+8.06580E+0	+9.92689E-1	-4.45211E-3	+9.00694E-2
+8.08060E+0	+9.94302E-1	+3.32988E-3	+9.00885E-2
+8.09530E+0	+9.95706E-1	+5.07001E-4	+9.01076E-2
+8.11010E+0	+9.96919E-1	+7.60234E-3	+9.01341E-2
+8.12480E+0	+9.97925E-1	+8.12177E-4	+9.01269E-2
+8.13960E+0	+9.98738E-1	-3.00252E-3	+9.01349E-2
+8.15430E+0	+9.99347E-1	-2.84993E-3	+9.01404E-2
+8.16910E+0	+9.99759E-1	+1.19365E-3	+9.01320E-2
+8.18380E+0	+9.99969E-1	-1.40035E-3	+9.01458E-2
+8.19860E+0	+9.99980E-1	+1.19365E-3	+9.01331E-2
+8.21330E+0	+9.99791E-1	-5.61114E-4	+9.01170E-2
+8.22800E+0	+9.99404E-1	-2.70569E-5	+9.01162E-2
+8.24280E+0	+9.98814E-1	-3.84175E-3	+9.00971E-2
+8.25750E+0	+9.98029E-1	-3.99434E-3	+9.00918E-2
+8.27230E+0	+9.97038E-1	+5.23723E-3	+9.00727E-2
+8.28700E+0	+9.95855E-1	-3.15511E-3	+9.00544E-2
+8.30180E+0	+9.94464E-1	+2.33806E-3	+9.00494E-2
+8.31650E+0	+9.92885E-1	+5.83295E-4	+9.00202E-2
+8.33130E+0	+9.91095E-1	-1.62923E-3	+9.00058E-2
+8.34600E+0	+9.89120E-1	-1.70552E-3	+8.99818E-2
+8.36080E+0	+9.86933E-1	-7.96163E-3	+8.99632E-2
+8.37550E+0	+9.84564E-1	-6.58834E-3	+8.99352E-2
+8.39020E+0	+9.82000E-1	-9.02974E-3	+8.98961E-2
+8.40500E+0	+9.79221E-1	+9.43339E-3	+8.98925E-2
+8.41970E+0	+9.76266E-1	+4.24540E-3	+8.98402E-2
+8.43450E+0	+9.73095E-1	+3.78764E-3	+8.98201E-2
+8.44920E+0	+9.69751E-1	-6.43575E-3	+8.97845E-2
+8.46400E+0	+9.66190E-1	-1.40035E-3	+8.97472E-2
+8.47870E+0	+9.62460E-1	+4.30707E-4	+8.97046E-2
+8.49350E+0	+9.58512E-1	-2.01070E-3	+8.96660E-2
+8.50820E+0	+9.54400E-1	-2.84993E-3	+8.96245E-2
+8.52300E+0	+9.50068E-1	-3.84175E-3	+8.95778E-2
+8.53770E+0	+9.45576E-1	+1.11735E-3	+8.95281E-2
+8.55240E+0	+9.40896E-1	+1.65141E-3	+8.94777E-2
+8.56720E+0	+9.35996E-1	-7.89996E-4	+8.94266E-2
+8.58190E+0	+9.30942E-1	-7.96163E-3	+8.93723E-2
+8.59670E+0	+9.25667E-1	-3.84175E-3	+8.93060E-2
+8.61140E+0	+9.20243E-1	-3.23140E-3	+8.92478E-2
+8.62620E+0	+9.14598E-1	-8.19051E-3	+8.91793E-2
+8.64090E+0	+9.08808E-1	-8.11422E-3	+8.91119E-2
+8.65570E+0	+9.02797E-1	-8.41939E-3	+8.90444E-2
+8.67040E+0	+8.96646E-1	-6.28316E-3	+8.89696E-2
+8.68520E+0	+8.90274E-1	-1.02504E-2	+8.88921E-2
+8.69990E+0	+8.83767E-1	-9.18233E-3	+8.88111E-2
+8.71460E+0	+8.77085E-1	-1.15474E-2	+8.87231E-2
+8.72940E+0	+8.70181E-1	-5.90169E-3	+8.86337E-2
+8.74410E+0	+8.63151E-1	-5.21505E-3	+8.85401E-2
+8.75890E+0	+8.55900E-1	-1.00979E-2	+8.84418E-2
+8.77360E+0	+8.48526E-1	-9.86898E-3	+8.83374E-2
+8.78840E+0	+8.40933E-1	-1.25393E-2	+8.82311E-2
+8.80310E+0	+8.33223E-1	-8.41939E-3	+8.81174E-2
+8.81790E+0	+8.25294E-1	-1.39126E-2	+8.80007E-2
+8.83260E+0	+8.17253E-1	-6.74092E-3	+8.78761E-2
+8.84740E+0	+8.08994E-1	-9.33492E-3	+8.77430E-2
+8.86210E+0	+8.00630E-1	-9.33492E-3	+8.76151E-2
+8.87690E+0	+7.92048E-1	-8.26680E-3	+8.74720E-2
+8.89160E+0	+7.83366E-1	-4.45211E-3	+8.73212E-2
+8.90630E+0	+7.74529E-1	-1.04030E-2	+8.71672E-2
+8.92110E+0	+7.65476E-1	-1.28444E-2	+8.70051E-2
+8.93580E+0	+7.56331E-1	-1.29970E-2	+8.68384E-2
+8.95060E+0	+7.46973E-1	-1.51333E-2	+8.66544E-2
+8.96530E+0	+7.37529E-1	-1.13186E-2	+8.64733E-2
+8.98010E+0	+7.27873E-1	-1.45992E-2	+8.62828E-2
+8.99480E+0	+7.18137E-1	-1.46755E-2	+8.60687E-2
+9.00960E+0	+7.08191E-1	-1.42177E-2	+8.58678E-2
+9.02430E+0	+6.98170E-1	-1.91005E-2	+8.56394E-2
+9.03910E+0	+6.87942E-1	-1.42177E-2	+8.54043E-2
+9.05380E+0	+6.77645E-1	-2.26101E-2	+8.51698E-2
+9.06850E+0	+6.67214E-1	-8.95345E-3	+8.49056E-2
+9.08330E+0	+6.56578E-1	-1.70406E-2	+8.46326E-2
+9.09800E+0	+6.45883E-1	-1.97109E-2	+8.43600E-2
+9.11280E+0	+6.34986E-1	-2.13894E-2	+8.40832E-2
+9.12750E+0	+6.24036E-1	-1.73458E-2	+8.37656E-2
+9.14230E+0	+6.12886E-1	-1.69643E-2	+8.34357E-2
+9.15700E+0	+6.01689E-1	-2.33730E-2	+8.30877E-2
+9.17180E+0	+5.90295E-1	-2.94002E-2	+8.27435E-2
+9.18650E+0	+5.78861E-1	-3.83266E-2	+8.23787E-2
+9.20130E+0	+5.67233E-1	-3.10024E-2	+8.19897E-2
+9.21600E+0	+5.55570E-1	-2.44411E-2	+8.15830E-2
+9.23070E+0	+5.43797E-1	-1.42177E-2	+8.11421E-2
+9.24550E+0	+5.31835E-1	-7.65645E-3	+8.06669E-2
+9.26020E+0	+5.19847E-1	-1.04030E-2	+8.01708E-2
+9.27500E+0	+5.07674E-1	-1.59725E-2	+7.96485E-2
+9.28970E+0	+4.95482E-1	-3.08498E-2	+7.91200E-2
+9.30450E+0	+4.83107E-1	-3.92421E-2	+7.85655E-2
+9.31920E+0	+4.70720E-1	-4.06917E-2	+7.79665E-2
+9.33400E+0	+4.58154E-1	-3.51986E-2	+7.73357E-2
+9.34870E+0	+4.45582E-1	-4.25228E-2	+7.66744E-2
+9.36350E+0	+4.32835E-1	-3.65719E-2	+7.59707E-2
+9.37820E+0	+4.20087E-1	-4.49642E-2	+7.52203E-2
+9.39290E+0	+4.07256E-1	-4.92367E-2	+7.44363E-2
+9.40770E+0	+3.94256E-1	-5.45009E-2	+7.35993E-2
+9.42240E+0	+3.81266E-1	-6.60213E-2	+7.26979E-2
+9.43720E+0	+3.68110E-1	-6.57924E-2	+7.17394E-2
+9.45190E+0	+3.54970E-1	-7.11330E-2	+7.07222E-2
+9.46670E+0	+3.41670E-1	-7.22011E-2	+6.96557E-2
+9.48140E+0	+3.28391E-1	-8.07461E-2	+6.85103E-2
+9.49620E+0	+3.14956E-1	-9.63100E-2	+6.72973E-2
+9.51090E+0	+3.01549E-1	-9.89040E-2	+6.60099E-2
+9.52570E+0	+2.87990E-1	-1.03253E-1	+6.46441E-2
+9.54040E+0	+2.74466E-1	-9.39449E-2	+6.31981E-2
+9.55510E+0	+2.60887E-1	-9.02065E-2	+6.16892E-2
+9.56990E+0	+2.47163E-1	-9.64626E-2	+6.01191E-2
+9.58460E+0	+2.33483E-1	-1.00735E-1	+5.84185E-2
+9.59940E+0	+2.19662E-1	-1.10043E-1	+5.66566E-2
+9.61410E+0	+2.05892E-1	-1.31024E-1	+5.47826E-2
+9.62890E+0	+1.91986E-1	-1.62991E-1	+5.27980E-2
+9.64360E+0	+1.78136E-1	-1.75122E-1	+5.06247E-2
+9.65840E+0	+1.64157E-1	-1.82980E-1	+4.83026E-2
+9.67310E+0	+1.50238E-1	-1.81607E-1	+4.59289E-2
+9.68790E+0	+1.36196E-1	-1.76190E-1	+4.33030E-2
+9.70260E+0	+1.22220E-1	-1.80310E-1	+4.06077E-2
+9.71740E+0	+1.08126E-1	-1.93509E-1	+3.76936E-2
+9.73210E+0	+9.41045E-2	-2.21890E-1	+3.46674E-2
+9.74680E+0	+8.00647E-2	-2.27002E-1	+3.13638E-2
+9.76160E+0	+6.59134E-2	-2.42642E-1	+2.79236E-2
+9.77630E+0	+5.18445E-2	-2.42337E-1	+2.44590E-2
+9.79110E+0	+3.76695E-2	-2.41269E-1	+2.08635E-2
+9.80580E+0	+2.35828E-2	-2.34402E-1	+1.73798E-2
+9.82060E+0	+9.39549E-3	-2.30282E-1	+1.37590E-2
+9.83530E+0	-4.69780E-3	-2.49356E-1	+1.02087E-2
+9.85010E+0	-1.88860E-2	-2.49966E-1	+6.56196E-3
+9.86480E+0	-3.29746E-2	-2.57061E-1	+2.94263E-3
+9.87960E+0	-4.71524E-2	-2.39819E-1	-6.15697E-4
+9.89430E+0	-6.12250E-2	-2.25705E-1	-4.11394E-3
+9.90900E+0	-7.52855E-2	-2.17541E-1	-7.42636E-3
+9.92380E+0	-8.94265E-2	-2.13650E-1	-1.07101E-2
+9.93850E+0	-1.03454E-1	-2.21890E-1	-1.38502E-2
+9.95330E+0	-1.17556E-1	-2.09607E-1	-1.69720E-2
+9.96800E+0	-1.31540E-1	-2.07013E-1	-2.00062E-2
+9.98280E+0	-1.45592E-1	-1.83743E-1	-2.28166E-2
+9.99750E+0	-1.59521E-1	-1.52691E-1	-2.55992E-2
+1.00123E+1	-1.73512E-1	-1.57879E-1	-2.82167E-2
+1.00270E+1	-1.87374E-1	-1.58490E-1	-3.07228E-2
+1.00418E+1	-2.01292E-1	-1.75503E-1	-3.31364E-2
+1.00565E+1	-2.15077E-1	-1.68866E-1	-3.54872E-2
+1.00712E+1	-2.28819E-1	-1.55819E-1	-3.77548E-2
+1.00860E+1	-2.42608E-1	-1.33236E-1	-3.98687E-2
+1.01007E+1	-2.56256E-1	-1.04626E-1	-4.18993E-2
+1.01155E+1	-2.69945E-1	-1.05618E-1	-4.37770E-2
+1.01302E+1	-2.83488E-1	-1.25149E-1	-4.56181E-2
+1.01450E+1	-2.97066E-1	-1.51394E-1	-4.74064E-2
+1.01597E+1	-3.10494E-1	-1.43078E-1	-4.91864E-2
+1.01745E+1	-3.23950E-1	-1.12637E-1	-5.08673E-2
+1.01892E+1	-3.37251E-1	-7.94491E-2	-5.23768E-2
+1.02040E+1	-3.50575E-1	-7.09804E-2	-5.38313E-2
+1.02187E+1	-3.63738E-1	-8.70022E-2	-5.51905E-2
+1.02334E+1	-3.76830E-1	-9.69204E-2	-5.65523E-2
+1.02482E+1	-3.89935E-1	-8.73836E-2	-5.78393E-2
+1.02629E+1	-4.02873E-1	-7.70076E-2	-5.90796E-2
+1.02777E+1	-4.15819E-1	-7.98305E-2	-6.02579E-2
+1.02924E+1	-4.28595E-1	-7.54818E-2	-6.13869E-2
+1.03072E+1	-4.41371E-1	-7.53292E-2	-6.24392E-2
+1.03219E+1	-4.53973E-1	-7.31930E-2	-6.34798E-2
+1.03367E+1	-4.66570E-1	-7.38796E-2	-6.44381E-2
+1.03514E+1	-4.78989E-1	-6.48769E-2	-6.53695E-2
+1.03662E+1	-4.91396E-1	-7.73128E-2	-6.62290E-2
+1.03809E+1	-5.03621E-1	-6.20540E-2	-6.70874E-2
+1.03956E+1	-5.15746E-1	-6.91494E-2	-6.78790E-2
+1.04104E+1	-5.27851E-1	-5.75527E-2	-6.86429E-2
+1.04251E+1	-5.39768E-1	-6.09096E-2	-6.93578E-2
+1.04399E+1	-5.51658E-1	-5.12966E-2	-7.00510E-2
+1.04546E+1	-5.63358E-1	-4.78634E-2	-7.07085E-2
+1.04694E+1	-5.75024E-1	-3.61904E-2	-7.13366E-2
+1.04841E+1	-5.86497E-1	-2.52804E-2	-7.19251E-2
+1.04989E+1	-5.97930E-1	-2.61196E-2	-7.25295E-2
+1.05136E+1	-6.09167E-1	-2.63485E-2	-7.30864E-2
+1.05284E+1	-6.20358E-1	-4.25991E-2	-7.36314E-2
+1.05431E+1	-6.31350E-1	-5.48061E-2	-7.40966E-2
+1.05578E+1	-6.42216E-1	-4.96181E-2	-7.45543E-2
+1.05726E+1	-6.53028E-1	-2.50515E-2	-7.50092E-2
+1.05873E+1	-6.63636E-1	-6.89351E-3	-7.54764E-2
+1.06021E+1	-6.74183E-1	-2.35256E-2	-7.59126E-2
+1.06168E+1	-6.84525E-1	-3.45119E-2	-7.62748E-2
+1.06316E+1	-6.94799E-1	-1.97109E-2	-7.66615E-2
+1.06463E+1	-7.04866E-1	-2.04738E-2	-7.70465E-2
+1.06611E+1	-7.14860E-1	-3.13839E-2	-7.73984E-2
+1.06758E+1	-7.24644E-1	-1.74221E-2	-7.77292E-2
+1.06906E+1	-7.34349E-1	-2.81032E-2	-7.80626E-2
+1.07053E+1	-7.43842E-1	-1.97872E-2	-7.83623E-2
+1.07201E+1	-7.53250E-1	-1.48281E-2	-7.86700E-2
+1.07348E+1	-7.62444E-1	-2.05501E-2	-7.89454E-2
+1.07495E+1	-7.71488E-1	-1.98635E-2	-7.92351E-2
+1.07643E+1	-7.80438E-1	-1.53621E-2	-7.94829E-2
+1.07790E+1	-7.89172E-1	-1.68117E-2	-7.97485E-2
+1.07938E+1	-7.97806E-1	-1.44466E-2	-7.99898E-2
+1.08085E+1	-8.06224E-1	-2.34493E-2	-8.02280E-2
+1.08233E+1	-8.14537E-1	-1.51333E-2	-8.04625E-2
+1.08380E+1	-8.22632E-1	-1.53621E-2	-8.06738E-2
+1.08528E+1	-8.30616E-1	-1.48281E-2	-8.08885E-2
+1.08675E+1	-8.38382E-1	-1.56673E-2	-8.10930E-2
+1.08823E+1	-8.46031E-1	-1.17763E-2	-8.12949E-2
+1.08970E+1	-8.53461E-1	-1.36074E-2	-8.14616E-2
+1.09117E+1	-8.60721E-1	-1.44466E-2	-8.16563E-2
+1.09265E+1	-8.67857E-1	-8.26680E-3	-8.18208E-2
+1.09412E+1	-8.74773E-1	-1.52858E-2	-8.19846E-2
+1.09560E+1	-8.81559E-1	-5.21505E-3	-8.21541E-2
+1.09707E+1	-8.88125E-1	-9.41121E-3	-8.23011E-2
+1.09855E+1	-8.94557E-1	-9.18233E-3	-8.24493E-2
+1.10002E+1	-9.00767E-1	-5.82540E-3	-8.25885E-2
+1.10150E+1	-9.06838E-1	-1.20052E-2	-8.27278E-2
+1.10297E+1	-9.12688E-1	-7.65645E-3	-8.28581E-2
+1.10445E+1	-9.18395E-1	-8.87715E-3	-8.29800E-2
+1.10592E+1	-9.23880E-1	-8.49568E-3	-8.31011E-2
+1.10739E+1	-9.29181E-1	-1.09371E-2	-8.32148E-2
+1.10887E+1	-9.34332E-1	-8.34310E-3	-8.33225E-2
+1.11034E+1	-9.39262E-1	-4.90987E-3	-8.34313E-2
+1.11182E+1	-9.44037E-1	-6.37408E-4	-8.35279E-2
+1.11329E+1	-9.48592E-1	-3.99434E-3	-8.36267E-2
+1.11477E+1	-9.52987E-1	-6.89351E-3	-8.37165E-2
+1.11624E+1	-9.57163E-1	-2.23958E-3	-8.38083E-2
+1.11772E+1	-9.61175E-1	-1.00216E-2	-8.38852E-2
+1.11919E+1	-9.64968E-1	-5.29134E-3	-8.39616E-2
+1.12067E+1	-9.68594E-1	-1.85811E-3	-8.40333E-2
+1.12214E+1	-9.72002E-1	-8.57198E-3	-8.41094E-2
+1.12361E+1	-9.75217E-1	-3.84175E-3	-8.41755E-2
+1.12509E+1	-9.78258E-1	-4.07064E-3	-8.42425E-2
+1.12656E+1	-9.81083E-1	-1.33785E-2	-8.42968E-2
+1.12804E+1	-9.83731E-1	+6.99199E-3	-8.43531E-2
+1.12951E+1	-9.86165E-1	-1.18526E-2	-8.44070E-2
+1.13099E+1	-9.88418E-1	-8.87715E-3	-8.44529E-2
+1.13246E+1	-9.90459E-1	+4.24540E-3	-8.44975E-2
+1.13394E+1	-9.92314E-1	-6.43575E-3	-8.45395E-2
+1.13541E+1	-9.93960E-1	-3.76546E-3	-8.45771E-2
+1.13689E+1	-9.95417E-1	-9.94527E-3	-8.46077E-2
+1.13836E+1	-9.96666E-1	+4.70317E-3	-8.46388E-2
+1.13983E+1	-9.97717E-1	-7.89996E-4	-8.46714E-2
+1.14131E+1	-9.98574E-1	-2.31588E-3	-8.46851E-2
+1.14278E+1	-9.99228E-1	+4.01652E-3	-8.47103E-2
+1.14426E+1	-9.99685E-1	-2.54476E-3	-8.47216E-2
+1.14573E+1	-9.99939E-1	+2.94841E-3	-8.47415E-2
+1.14721E+1	-9.99995E-1	-2.01070E-3	-8.47501E-2
+1.14868E+1	-9.99851E-1	-5.61114E-4	-8.47568E-2
+1.15016E+1	-9.99506E-1	+4.24540E-3	-8.47597E-2
+1.15163E+1	-9.98963E-1	-5.97798E-3	-8.47589E-2
+1.15311E+1	-9.98217E-1	+6.38163E-3	-8.47671E-2
+1.15458E+1	-9.97276E-1	-7.96163E-3	-8.47734E-2
+1.15606E+1	-9.96129E-1	+8.88470E-4	-8.47738E-2
+1.15753E+1	-9.94792E-1	+8.89933E-3	-8.47748E-2
+1.15900E+1	-9.93256E-1	-1.13186E-2	-8.47709E-2
+1.16048E+1	-9.91511E-1	+6.30534E-3	-8.47679E-2
+1.16195E+1	-9.89581E-1	-7.04610E-3	-8.47541E-2
+1.16343E+1	-9.87438E-1	+5.16093E-3	-8.47501E-2
+1.16490E+1	-9.85113E-1	+2.87211E-3	-8.47383E-2
+1.16638E+1	-9.82575E-1	-1.62014E-2	-8.47292E-2
+1.16785E+1	-9.79858E-1	+1.94279E-2	-8.47311E-2
+1.16933E+1	-9.76926E-1	-2.39834E-2	-8.47056E-2
+1.17080E+1	-9.73819E-1	+1.57512E-3	-8.46944E-2
+1.17228E+1	-9.70495E-1	+3.32988E-3	-8.46765E-2
+1.17375E+1	-9.67001E-1	-7.13702E-4	-8.46583E-2
+1.17522E+1	-9.63314E-1	-1.79645E-4	-8.46333E-2
+1.17670E+1	-9.59409E-1	-1.85811E-3	-8.46121E-2
+1.17817E+1	-9.55340E-1	-1.09517E-3	-8.45891E-2
+1.17965E+1	-9.51051E-1	-7.89996E-4	-8.45597E-2
+1.18112E+1	-9.46601E-1	+8.88470E-4	-8.45252E-2
+1.18260E+1	-9.41931E-1	-1.85811E-3	-8.44944E-2
+1.18407E+1	-9.37105E-1	-2.77364E-3	-8.44591E-2
+1.18555E+1	-9.32058E-1	-1.32405E-3	-8.44232E-2
+1.18702E+1	-9.26859E-1	+8.74675E-3	-8.43786E-2
+1.18850E+1	-9.21440E-1	+4.30707E-4	-8.43337E-2
+1.18997E+1	-9.15873E-1	+2.56694E-3	-8.42870E-2
+1.19144E+1	-9.10124E-1	+7.22087E-3	-8.42380E-2
+1.19292E+1	-9.04153E-1	+4.77946E-3	-8.41837E-2
+1.19439E+1	-8.98043E-1	+1.19365E-3	-8.41250E-2
+1.19587E+1	-8.91711E-1	+1.95659E-3	-8.40648E-2
+1.19734E+1	-8.85243E-1	+1.95659E-3	-8.39991E-2
+1.19882E+1	-8.78555E-1	+3.40617E-3	-8.39282E-2
+1.20029E+1	-8.71736E-1	+5.16093E-3	-8.38568E-2
+1.20177E+1	-8.64696E-1	+1.34623E-3	-8.37812E-2
+1.20324E+1	-8.57531E-1	+3.71135E-3	-8.37027E-2
+1.20472E+1	-8.50146E-1	+4.70317E-3	-8.36191E-2
+1.20619E+1	-8.42641E-1	+8.88470E-4	-8.35247E-2
+1.20766E+1	-8.34968E-1	+6.99199E-3	-8.34297E-2
+1.20914E+1	-8.27076E-1	+7.75493E-3	-8.33262E-2
+1.21061E+1	-8.19073E-1	+1.26377E-2	-8.32263E-2
+1.21209E+1	-8.10850E-1	+4.47429E-3	-8.31152E-2
+1.21356E+1	-8.02522E-1	+7.37346E-3	-8.29924E-2
+1.21504E+1	-7.93975E-1	+1.62998E-2	-8.28694E-2
+1.21651E+1	-7.85329E-1	+8.21269E-3	-8.27428E-2
+1.21799E+1	-7.76466E-1	+6.38163E-3	-8.26030E-2
+1.21946E+1	-7.67508E-1	+7.90751E-3	-8.24605E-2
+1.22094E+1	-7.58335E-1	+9.35710E-3	-8.23176E-2
+1.22241E+1	-7.49073E-1	+1.12644E-2	-8.21560E-2
+1.22388E+1	-7.39662E-1	+1.08067E-2	-8.19918E-2
+1.22536E+1	-7.30039E-1	+1.05015E-2	-8.18111E-2
+1.22683E+1	-7.20335E-1	+1.89701E-2	-8.16333E-2
+1.22831E+1	-7.10421E-1	+1.08830E-2	-8.14437E-2
+1.22978E+1	-7.00432E-1	+1.35533E-2	-8.12394E-2
+1.23126E+1	-6.90235E-1	+2.07249E-2	-8.10209E-2
+1.23273E+1	-6.79969E-1	+1.08067E-2	-8.08034E-2
+1.23421E+1	-6.69496E-1	+1.38584E-2	-8.05630E-2
+1.23568E+1	-6.58961E-1	+2.34715E-2	-8.03159E-2
+1.23716E+1	-6.48222E-1	+2.20982E-2	-8.00641E-2
+1.23863E+1	-6.37427E-1	+1.61473E-2	-7.97916E-2
+1.24010E+1	-6.26505E-1	+1.26377E-2	-7.95010E-2
+1.24158E+1	-6.15383E-1	+2.20982E-2	-7.91936E-2
+1.24305E+1	-6.04213E-1	+3.30845E-2	-7.88781E-2
+1.24453E+1	-5.92846E-1	+3.20164E-2	-7.85506E-2
+1.24600E+1	-5.81438E-1	+2.25560E-2	-7.82064E-2
+1.24748E+1	-5.69836E-1	+1.53843E-2	-7.78381E-2
+1.24895E+1	-5.58198E-1	+6.00016E-3	-7.74368E-2
+1.25043E+1	-5.46369E-1	+1.26377E-2	-7.70162E-2
+1.25190E+1	-5.34512E-1	+2.22508E-2	-7.65571E-2
+1.25338E+1	-5.22466E-1	+3.80436E-2	-7.61042E-2
+1.25485E+1	-5.10397E-1	+5.29972E-2	-7.56259E-2
+1.25633E+1	-4.98145E-1	+5.90245E-2	-7.51234E-2
+1.25780E+1	-4.85875E-1	+5.59727E-2	-7.45849E-2
+1.25927E+1	-4.73509E-1	+5.53623E-2	-7.40349E-2
+1.26075E+1	-4.60964E-1	+4.54441E-2	-7.34137E-2
+1.26222E+1	-4.48412E-1	+4.97166E-2	-7.27779E-2
+1.26370E+1	-4.35684E-1	+4.16294E-2	-7.20764E-2
+1.26517E+1	-4.22956E-1	+4.49864E-2	-7.13713E-2
+1.26665E+1	-4.10056E-1	+3.73570E-2	-7.06030E-2
+1.26812E+1	-3.97162E-1	+5.36839E-2	-6.97867E-2
+1.26960E+1	-3.84100E-1	+4.94114E-2	-6.89246E-2
+1.27107E+1	-3.71050E-1	+6.31443E-2	-6.80124E-2
+1.27255E+1	-3.57837E-1	+7.56565E-2	-6.70383E-2
+1.27402E+1	-3.44641E-1	+7.96238E-2	-6.59823E-2
+1.27549E+1	-3.31378E-1	+8.19889E-2	-6.48875E-2
+1.27697E+1	-3.17957E-1	+8.53459E-2	-6.37049E-2
+1.27844E+1	-3.04564E-1	+9.41197E-2	-6.24578E-2
+1.27992E+1	-2.91019E-1	+9.57981E-2	-6.10911E-2
+1.28139E+1	-2.77507E-1	+9.21360E-2	-5.97173E-2
+1.28287E+1	-2.63847E-1	+8.72532E-2	-5.82277E-2
+1.28434E+1	-2.50227E-1	+9.45011E-2	-5.66870E-2
+1.28582E+1	-2.36465E-1	+9.96128E-2	-5.50161E-2
+1.28729E+1	-2.22748E-1	+1.20441E-1	-5.32715E-2
+1.28877E+1	-2.08893E-1	+1.29978E-1	-5.13998E-2
+1.29024E+1	-1.95090E-1	+1.54468E-1	-4.93799E-2
+1.29171E+1	-1.81249E-1	+1.77585E-1	-4.72992E-2
+1.29319E+1	-1.67277E-1	+1.90021E-1	-4.49982E-2
+1.29466E+1	-1.53366E-1	+1.85520E-1	-4.26235E-2
+1.29614E+1	-1.39329E-1	+1.77890E-1	-4.00665E-2
+1.29761E+1	-1.25360E-1	+1.97956E-1	-3.74164E-2
+1.29909E+1	-1.11270E-1	+1.98490E-1	-3.45443E-2
+1.30056E+1	-9.72538E-2	+2.16724E-1	-3.14449E-2
+1.30204E+1	-8.31224E-2	+2.41062E-1	-2.82263E-2
+1.30351E+1	-6.90700E-2	+2.44114E-1	-2.47615E-2
+1.30499E+1	-5.49081E-2	+2.49988E-1	-2.11725E-2
+1.30646E+1	-4.08309E-2	+2.33204E-1	-1.75329E-2
+1.30793E+1	-2.67456E-2	+2.41443E-1	-1.38745E-2
+1.30941E+1	-1.25591E-2	+2.50064E-1	-1.01709E-2
+1.31088E+1	+1.53398E-3	+2.73716E-1	-6.43527E-3
+1.31236E+1	+1.57227E-2	+2.69443E-1	-2.86226E-3
+1.31383E+1	+2.98123E-2	+2.44571E-1	+8.86560E-4
+1.31531E+1	+4.39919E-2	+2.55252E-1	+4.61695E-3
+1.31678E+1	+5.80668E-2	+2.33585E-1	+8.21607E-3
+1.31826E+1	+7.22259E-2	+2.25422E-1	+1.17685E-2
+1.31973E+1	+8.62749E-2	+2.29847E-1	+1.51515E-2
+1.32121E+1	+1.00402E-1	+2.31296E-1	+1.85680E-2
+1.32268E+1	+1.14414E-1	+2.28397E-1	+2.17323E-2
+1.32415E+1	+1.28403E-1	+2.11841E-1	+2.48804E-2
+1.32563E+1	+1.42461E-1	+1.98948E-1	+2.78955E-2
+1.32710E+1	+1.56397E-1	+1.71787E-1	+3.08049E-2
+1.32858E+1	+1.70395E-1	+1.70261E-1	+3.36011E-2
+1.33005E+1	+1.84265E-1	+1.80942E-1	+3.62381E-2
+1.33153E+1	+1.98192E-1	+1.80179E-1	+3.88495E-2
+1.33300E+1	+2.11986E-1	+1.72245E-1	+4.12622E-2
+1.33448E+1	+2.25831E-1	+1.52790E-1	+4.36199E-2
+1.33595E+1	+2.39538E-1	+1.42566E-1	+4.58292E-2
+1.33743E+1	+2.53289E-1	+1.18381E-1	+4.79343E-2
+1.33890E+1	+2.66898E-1	+1.16321E-1	+4.99311E-2
+1.34038E+1	+2.80545E-1	+1.29367E-1	+5.18577E-2
+1.34185E+1	+2.94044E-1	+1.47220E-1	+5.37525E-2
+1.34332E+1	+3.07485E-1	+1.47983E-1	+5.55479E-2
+1.34480E+1	+3.20955E-1	+1.18686E-1	+5.72975E-2
+1.34627E+1	+3.34271E-1	+8.86265E-2	+5.88907E-2
+1.34775E+1	+3.47610E-1	+7.31388E-2	+6.04065E-2
+1.34922E+1	+3.60789E-1	+8.80924E-2	+6.18341E-2
+1.35070E+1	+3.73986E-1	+9.47300E-2	+6.32527E-2
+1.35217E+1	+3.87019E-1	+9.87736E-2	+6.46100E-2
+1.35365E+1	+4.00064E-1	+9.51878E-2	+6.58857E-2
+1.35512E+1	+4.12940E-1	+8.46592E-2	+6.71001E-2
+1.35660E+1	+4.25821E-1	+7.77928E-2	+6.82414E-2
+1.35807E+1	+4.38530E-1	+7.38255E-2	+6.93425E-2
+1.35954E+1	+4.51152E-1	+6.90953E-2	+7.03699E-2
+1.36102E+1	+4.63770E-1	+6.23051E-2	+7.13712E-2
+1.36249E+1	+4.76209E-1	+6.29917E-2	+7.23143E-2
+1.36397E+1	+4.88638E-1	+5.15477E-2	+7.32210E-2
+1.36544E+1	+5.00885E-1	+5.68119E-2	+7.40573E-2
+1.36692E+1	+5.13116E-1	+4.97166E-2	+7.48730E-2
+1.36839E+1	+5.25161E-1	+5.27684E-2	+7.56390E-2
+1.36987E+1	+5.37183E-1	+4.40708E-2	+7.63841E-2
+1.37134E+1	+5.49016E-1	+3.46104E-2	+7.70929E-2
+1.37282E+1	+5.60820E-1	+4.16294E-2	+7.77565E-2
+1.37429E+1	+5.72433E-1	+2.88883E-2	+7.84008E-2
+1.37576E+1	+5.83931E-1	+3.23216E-2	+7.90213E-2
+1.37724E+1	+5.95391E-1	+3.62889E-2	+7.95943E-2
+1.37871E+1	+6.06655E-1	+5.00218E-2	+8.01331E-2
+1.38019E+1	+6.17873E-1	+5.45231E-2	+8.06413E-2
+1.38166E+1	+6.28893E-1	+4.84196E-2	+8.11155E-2
+1.38314E+1	+6.39862E-1	+1.96568E-2	+8.15957E-2
+1.38461E+1	+6.50628E-1	+7.44975E-3	+8.20753E-2
+1.38609E+1	+6.61338E-1	+1.82835E-2	+8.25439E-2
+1.38756E+1	+6.71843E-1	+4.22398E-2	+8.29387E-2
+1.38904E+1	+6.82285E-1	+3.44578E-2	+8.33214E-2
+1.39051E+1	+6.92520E-1	+2.01145E-2	+8.37021E-2
+1.39198E+1	+7.02618E-1	+2.55314E-2	+8.40671E-2
+1.39346E+1	+7.12644E-1	+2.40818E-2	+8.43965E-2
+1.39493E+1	+7.22460E-1	+1.90464E-2	+8.47463E-2
+1.39641E+1	+7.32197E-1	+2.50737E-2	+8.50622E-2
+1.39788E+1	+7.41723E-1	+2.14878E-2	+8.53576E-2
+1.39936E+1	+7.51165E-1	+2.07249E-2	+8.56573E-2
+1.40083E+1	+7.60394E-1	+1.31718E-2	+8.59289E-2
+1.40231E+1	+7.69532E-1	+2.14115E-2	+8.62055E-2
+1.40378E+1	+7.78456E-1	+1.50791E-2	+8.64563E-2
+1.40526E+1	+7.87284E-1	+1.60710E-2	+8.67040E-2
+1.40673E+1	+7.95895E-1	+1.44688E-2	+8.69300E-2
+1.40820E+1	+8.04348E-1	+1.46214E-2	+8.71462E-2
+1.40968E+1	+8.12698E-1	+1.34007E-2	+8.73651E-2
+1.41115E+1	+8.20829E-1	+1.40110E-2	+8.75721E-2
+1.41263E+1	+8.28850E-1	+1.48503E-2	+8.77644E-2
+1.41410E+1	+8.36653E-1	+9.43339E-3	+8.79607E-2
+1.41558E+1	+8.44340E-1	+8.51787E-3	+8.81375E-2
+1.41705E+1	+8.51808E-1	+5.77128E-3	+8.83088E-2
+1.41853E+1	+8.59155E-1	+1.17222E-2	+8.84733E-2
+1.42000E+1	+8.66281E-1	+1.11119E-2	+8.86386E-2
+1.42148E+1	+8.73282E-1	+5.46611E-3	+8.87877E-2
+1.42295E+1	+8.80061E-1	+9.96745E-3	+8.89364E-2
+1.42442E+1	+8.86666E-1	+1.12644E-2	+8.90721E-2
+1.42590E+1	+8.93138E-1	+5.84758E-3	+8.92023E-2
+1.42737E+1	+8.99388E-1	+1.01963E-2	+8.93274E-2
+1.42885E+1	+9.05500E-1	+7.14457E-3	+8.94486E-2
+1.43032E+1	+9.11391E-1	+3.78764E-3	+8.95652E-2
+1.43180E+1	+9.17138E-1	+5.31352E-3	+8.96770E-2
+1.43327E+1	+9.22664E-1	+6.45793E-3	+8.97839E-2
+1.43475E+1	+9.28043E-1	+1.14170E-2	+8.98894E-2
+1.43622E+1	+9.33200E-1	+7.29716E-3	+8.99761E-2
+1.43770E+1	+9.38205E-1	+5.84758E-3	+9.00683E-2
+1.43917E+1	+9.42989E-1	+3.25358E-3	+9.01528E-2
+1.44065E+1	+9.47616E-1	+5.46611E-3	+9.02347E-2
+1.44212E+1	+9.52024E-1	+5.92387E-3	+9.03145E-2
+1.44359E+1	+9.56242E-1	+5.92387E-3	+9.03883E-2
+1.44507E+1	+9.60297E-1	+7.75493E-3	+9.04470E-2
+1.44654E+1	+9.64133E-1	+1.49882E-3	+9.05144E-2
+1.44802E+1	+9.67802E-1	+8.88470E-4	+9.05701E-2
+1.44949E+1	+9.71253E-1	+7.67863E-3	+9.06332E-2
+1.45097E+1	+9.74533E-1	+4.92371E-5	+9.06879E-2
+1.45244E+1	+9.77597E-1	+4.30707E-4	+9.07394E-2
+1.45392E+1	+9.80485E-1	+5.61870E-3	+9.07839E-2
+1.45539E+1	+9.83158E-1	+6.68681E-3	+9.08145E-2
+1.45687E+1	+9.85652E-1	+6.30534E-3	+9.08696E-2
+1.45834E+1	+9.87933E-1	-2.31588E-3	+9.09020E-2
+1.45981E+1	+9.90018E-1	+5.69499E-3	+9.09172E-2
+1.46129E+1	+9.91918E-1	+1.25531E-4	+9.09357E-2
+1.46276E+1	+9.93608E-1	+9.64764E-4	+9.09565E-2
+1.46424E+1	+9.95109E-1	+2.71953E-3	+9.09768E-2
+1.46571E+1	+9.96403E-1	-7.89996E-4	+9.09946E-2
+1.46719E+1	+9.97505E-1	+3.94023E-3	+9.10100E-2
+1.46866E+1	+9.98401E-1	+1.07304E-2	+9.10185E-2
+1.47014E+1	+9.99102E-1	+3.48246E-3	+9.10157E-2
+1.47161E+1	+9.99600E-1	-5.61114E-4	+9.10175E-2
+1.47309E+1	+9.99901E-1	-1.93441E-3	+9.10210E-2
