+0.00000E+0	+0.00000E+0	-1.38884E-3	-6.94419E-8
+1.47000E-2	+1.40930E-2	+9.51230E-2	+1.45631E-3
+2.95000E-2	+2.82790E-2	+1.41357E-1	+3.45556E-3
+4.42000E-2	+4.23635E-2	+1.64093E-1	+5.84355E-3
+5.90000E-2	+5.65354E-2	+1.73324E-1	+8.41459E-3
+7.37000E-2	+7.06002E-2	+1.64093E-1	+1.10400E-2
+8.85000E-2	+8.47465E-2	+1.70044E-1	+1.36676E-2
+1.03200E-1	+9.87804E-2	+1.79809E-1	+1.63693E-2
+1.18000E-1	+1.12890E-1	+1.91253E-1	+1.89502E-2
+1.32700E-1	+1.26882E-1	+1.84234E-1	+2.15315E-2
+1.47500E-1	+1.40943E-1	+1.74011E-1	+2.41133E-2
+1.62200E-1	+1.54881E-1	+1.54022E-1	+2.66443E-2
+1.76900E-1	+1.68789E-1	+1.43341E-1	+2.90462E-2
+1.91700E-1	+1.82757E-1	+1.30523E-1	+3.13277E-2
+2.06400E-1	+1.96595E-1	+1.49597E-1	+3.35906E-2
+2.21200E-1	+2.10487E-1	+1.65619E-1	+3.57775E-2
+2.35900E-1	+2.24243E-1	+1.57989E-1	+3.79776E-2
+2.50700E-1	+2.38048E-1	+1.40518E-1	+4.00823E-2
+2.65400E-1	+2.51712E-1	+1.06567E-1	+4.20672E-2
+2.80200E-1	+2.65419E-1	+1.03515E-1	+4.39340E-2
+2.94900E-1	+2.78980E-1	+1.03821E-1	+4.57126E-2
+3.09700E-1	+2.92577E-1	+1.34643E-1	+4.74958E-2
+3.24400E-1	+3.06025E-1	+1.42578E-1	+4.91985E-2
+3.39100E-1	+3.19411E-1	+1.29379E-1	+5.08659E-2
+3.53900E-1	+3.32825E-1	+9.97006E-2	+5.24360E-2
+3.68600E-1	+3.46081E-1	+8.15427E-2	+5.39663E-2
+3.83400E-1	+3.59358E-1	+7.94064E-2	+5.54215E-2
+3.98100E-1	+3.72474E-1	+8.08560E-2	+5.68535E-2
+4.12900E-1	+3.85605E-1	+9.25290E-2	+5.82444E-2
+4.27600E-1	+3.98569E-1	+8.73410E-2	+5.95495E-2
+4.42400E-1	+4.11542E-1	+9.51230E-2	+6.08049E-2
+4.57100E-1	+4.24346E-1	+8.59677E-2	+6.19922E-2
+4.71900E-1	+4.37151E-1	+8.11612E-2	+6.31384E-2
+4.86600E-1	+4.49783E-1	+7.87961E-2	+6.42110E-2
+5.01400E-1	+4.62410E-1	+6.21640E-2	+6.52630E-2
+5.16100E-1	+4.74860E-1	+6.88779E-2	+6.62321E-2
+5.30800E-1	+4.87215E-1	+5.30087E-2	+6.72061E-2
+5.45600E-1	+4.99557E-1	+5.97226E-2	+6.80717E-2
+5.60300E-1	+5.11716E-1	+5.15592E-2	+6.89488E-2
+5.75100E-1	+5.23855E-1	+4.76682E-2	+6.97650E-2
+5.89800E-1	+5.35807E-1	+4.73630E-2	+7.05749E-2
+6.04600E-1	+5.47734E-1	+5.19406E-2	+7.13474E-2
+6.19300E-1	+5.59470E-1	+4.70578E-2	+7.20931E-2
+6.34100E-1	+5.71174E-1	+4.96518E-2	+7.28280E-2
+6.48800E-1	+5.82685E-1	+5.94937E-2	+7.35267E-2
+6.63600E-1	+5.94158E-1	+5.62131E-2	+7.41854E-2
+6.78300E-1	+6.05435E-1	+4.96518E-2	+7.47996E-2
+6.93000E-1	+6.16591E-1	+3.49271E-2	+7.53998E-2
+7.07800E-1	+6.27700E-1	+1.62351E-2	+7.60007E-2
+7.22500E-1	+6.38608E-1	+2.02023E-2	+7.65857E-2
+7.37300E-1	+6.49463E-1	+4.20987E-2	+7.71187E-2
+7.52000E-1	+6.60114E-1	+5.88071E-2	+7.76007E-2
+7.66800E-1	+6.70706E-1	+4.11069E-2	+7.80459E-2
+7.81500E-1	+6.81093E-1	+1.35648E-2	+7.85279E-2
+7.96300E-1	+6.91413E-1	+1.89816E-2	+7.89915E-2
+8.11000E-1	+7.01526E-1	+3.53848E-2	+7.93929E-2
+8.25800E-1	+7.11567E-1	+1.79135E-2	+7.97860E-2
+8.40500E-1	+7.21398E-1	+2.60007E-2	+8.01858E-2
+8.55200E-1	+7.31086E-1	+2.75266E-2	+8.05327E-2
+8.70000E-1	+7.40694E-1	+1.63877E-2	+8.08884E-2
+8.84700E-1	+7.50088E-1	+2.98917E-2	+8.12168E-2
+8.99500E-1	+7.59396E-1	+1.45566E-2	+8.15529E-2
+9.14200E-1	+7.68490E-1	+2.48563E-2	+8.18563E-2
+9.29000E-1	+7.77492E-1	+1.79898E-2	+8.21549E-2
+9.43700E-1	+7.86278E-1	+2.23386E-2	+8.24326E-2
+9.58500E-1	+7.94965E-1	+1.86002E-2	+8.27118E-2
+9.73200E-1	+8.03436E-1	+1.50144E-2	+8.29582E-2
+9.88000E-1	+8.11803E-1	+1.73795E-2	+8.32116E-2
+1.00270E+0	+8.19952E-1	+1.26492E-2	+8.34464E-2
+1.01740E+0	+8.27938E-1	+1.15048E-2	+8.36707E-2
+1.03220E+0	+8.35812E-1	+1.35648E-2	+8.38936E-2
+1.04690E+0	+8.43466E-1	+8.52937E-3	+8.41095E-2
+1.06170E+0	+8.51003E-1	+1.53195E-2	+8.43086E-2
+1.07640E+0	+8.58320E-1	+1.16574E-2	+8.45008E-2
+1.09120E+0	+8.65514E-1	+1.44040E-2	+8.46851E-2
+1.10590E+0	+8.72487E-1	+1.51669E-2	+8.48716E-2
+1.12070E+0	+8.79332E-1	+7.07979E-3	+8.50484E-2
+1.13540E+0	+8.85956E-1	+1.18863E-2	+8.52031E-2
+1.15020E+0	+8.92447E-1	+1.37174E-2	+8.53651E-2
+1.16490E+0	+8.98717E-1	+1.19626E-2	+8.55145E-2
+1.17960E+0	+9.04807E-1	+7.53755E-3	+8.56650E-2
+1.19440E+0	+9.10758E-1	+8.60567E-3	+8.57960E-2
+1.20910E+0	+9.16487E-1	+1.29544E-2	+8.59323E-2
+1.22390E+0	+9.22072E-1	+5.55391E-3	+8.60545E-2
+1.23860E+0	+9.27434E-1	+4.94356E-3	+8.61797E-2
+1.25340E+0	+9.32647E-1	+2.19698E-3	+8.62950E-2
+1.26810E+0	+9.37639E-1	+1.12760E-2	+8.63919E-2
+1.28290E+0	+9.42477E-1	+9.90267E-3	+8.65097E-2
+1.29760E+0	+9.47094E-1	+6.24056E-3	+8.66022E-2
+1.31240E+0	+9.51553E-1	+1.08945E-2	+8.66939E-2
+1.32710E+0	+9.55792E-1	+1.01315E-2	+8.67748E-2
+1.34180E+0	+9.59841E-1	+2.80733E-3	+8.68643E-2
+1.35660E+0	+9.63725E-1	+1.16574E-2	+8.69457E-2
+1.37130E+0	+9.67391E-1	+1.51033E-3	+8.70118E-2
+1.38610E+0	+9.70887E-1	+2.80733E-3	+8.70798E-2
+1.40080E+0	+9.74166E-1	+1.11234E-2	+8.71443E-2
+1.41560E+0	+9.77273E-1	+8.98714E-3	+8.72097E-2
+1.43030E+0	+9.80163E-1	+6.62203E-3	+8.72536E-2
+1.44510E+0	+9.82877E-1	-3.21989E-3	+8.73153E-2
+1.45980E+0	+9.85376E-1	+6.71098E-4	+8.73514E-2
+1.47460E+0	+9.87694E-1	+1.45566E-2	+8.73963E-2
+1.48930E+0	+9.89800E-1	+3.87544E-3	+8.74308E-2
+1.50410E+0	+9.91722E-1	-1.77031E-3	+8.74664E-2
+1.51880E+0	+9.93433E-1	-3.14360E-3	+8.74883E-2
+1.53350E+0	+9.94947E-1	-2.53325E-3	+8.75126E-2
+1.54830E+0	+9.96271E-1	-1.92290E-3	+8.75438E-2
+1.56300E+0	+9.97388E-1	-5.20354E-3	+8.75533E-2
+1.57780E+0	+9.98313E-1	+2.19698E-3	+8.75546E-2
+1.59250E+0	+9.99032E-1	+3.03621E-3	+8.75717E-2
+1.60730E+0	+9.99556E-1	+2.89628E-4	+8.75725E-2
+1.62200E+0	+9.99876E-1	+8.23686E-4	+8.75889E-2
+1.63680E+0	+9.99999E-1	-1.46513E-3	+8.75788E-2
+1.65150E+0	+9.99921E-1	-1.55477E-5	+8.75739E-2
+1.66630E+0	+9.99642E-1	-1.69401E-3	+8.75637E-2
+1.68100E+0	+9.99166E-1	-7.02193E-4	+8.75510E-2
+1.69570E+0	+9.98491E-1	+3.41768E-3	+8.75449E-2
+1.71050E+0	+9.97612E-1	+1.58663E-3	+8.75239E-2
+1.72520E+0	+9.96539E-1	+4.02803E-3	+8.75127E-2
+1.74000E+0	+9.95260E-1	-2.83842E-3	+8.75008E-2
+1.75470E+0	+9.93790E-1	-3.97017E-4	+8.74737E-2
+1.76950E+0	+9.92111E-1	-5.58501E-3	+8.74621E-2
+1.78420E+0	+9.90246E-1	+6.31685E-3	+8.74396E-2
+1.79900E+0	+9.88170E-1	-4.36430E-3	+8.74153E-2
+1.81370E+0	+9.85910E-1	-8.33159E-3	+8.73836E-2
+1.82850E+0	+9.83437E-1	+5.70650E-3	+8.73587E-2
+1.84320E+0	+9.80785E-1	+1.11997E-2	+8.73525E-2
+1.85790E+0	+9.77938E-1	-1.08493E-2	+8.72966E-2
+1.87270E+0	+9.74876E-1	-1.31254E-3	+8.72773E-2
+1.88740E+0	+9.71640E-1	+1.43404E-3	+8.72447E-2
+1.90220E+0	+9.68187E-1	-5.43242E-3	+8.72063E-2
+1.91690E+0	+9.64565E-1	-2.99101E-3	+8.71689E-2
+1.93170E+0	+9.60724E-1	+5.94804E-4	+8.71264E-2
+1.94640E+0	+9.56717E-1	-4.21171E-3	+8.70806E-2
+1.96120E+0	+9.52492E-1	-3.75395E-3	+8.70378E-2
+1.97590E+0	+9.48105E-1	-4.21171E-3	+8.69850E-2
+1.99070E+0	+9.43498E-1	-5.43242E-3	+8.69308E-2
+2.00540E+0	+9.38734E-1	-5.43242E-3	+8.68759E-2
+2.02010E+0	+9.33784E-1	-1.25278E-2	+8.68146E-2
+2.03490E+0	+9.28613E-1	-2.15178E-3	+8.67496E-2
+2.04960E+0	+9.23291E-1	-6.19536E-3	+8.66897E-2
+2.06440E+0	+9.17749E-1	-2.76213E-3	+8.66165E-2
+2.07910E+0	+9.12060E-1	-1.92290E-3	+8.65396E-2
+2.09390E+0	+9.06150E-1	-8.94194E-3	+8.64628E-2
+2.10860E+0	+9.00099E-1	-1.22226E-2	+8.63796E-2
+2.12340E+0	+8.93827E-1	-8.33159E-3	+8.62983E-2
+2.13810E+0	+8.87419E-1	-8.86565E-3	+8.62085E-2
+2.15290E+0	+8.80789E-1	-3.90654E-3	+8.61221E-2
+2.16760E+0	+8.74028E-1	-7.56865E-3	+8.60218E-2
+2.18230E+0	+8.67094E-1	-4.82207E-3	+8.59185E-2
+2.19710E+0	+8.59939E-1	-5.58501E-3	+8.58077E-2
+2.21180E+0	+8.52660E-1	-9.62858E-3	+8.56899E-2
+2.22660E+0	+8.45161E-1	-9.39970E-3	+8.55699E-2
+2.24130E+0	+8.37544E-1	-1.34433E-2	+8.54508E-2
+2.25610E+0	+8.29708E-1	-6.11906E-3	+8.53197E-2
+2.27080E+0	+8.21759E-1	-1.56558E-2	+8.51799E-2
+2.28560E+0	+8.13591E-1	-3.44878E-3	+8.50366E-2
+2.30030E+0	+8.05316E-1	-1.06204E-2	+8.48826E-2
+2.31510E+0	+7.96823E-1	-1.36722E-2	+8.47232E-2
+2.32980E+0	+7.88228E-1	-8.63676E-3	+8.45648E-2
+2.34460E+0	+7.79418E-1	-1.52743E-2	+8.43817E-2
+2.35930E+0	+7.70511E-1	-8.02641E-3	+8.42032E-2
+2.37400E+0	+7.61451E-1	-1.26040E-2	+8.40038E-2
+2.38880E+0	+7.52177E-1	-1.19937E-2	+8.38044E-2
+2.40350E+0	+7.42815E-1	-1.77920E-2	+8.35847E-2
+2.41830E+0	+7.33241E-1	-9.85747E-3	+8.33772E-2
+2.43300E+0	+7.23586E-1	-1.30618E-2	+8.31383E-2
+2.44780E+0	+7.13719E-1	-2.38193E-2	+8.28859E-2
+2.46250E+0	+7.03777E-1	-7.26347E-3	+8.26311E-2
+2.47730E+0	+6.93626E-1	-2.36667E-2	+8.23602E-2
+2.49200E+0	+6.83406E-1	-2.46585E-2	+8.20896E-2
+2.50680E+0	+6.72978E-1	-1.71817E-2	+8.17908E-2
+2.52150E+0	+6.62488E-1	-1.54269E-2	+8.14689E-2
+2.53620E+0	+6.51865E-1	-2.69473E-2	+8.11456E-2
+2.55100E+0	+6.41040E-1	-2.48874E-2	+8.08164E-2
+2.56570E+0	+6.30159E-1	-1.30618E-2	+8.04494E-2
+2.58050E+0	+6.19079E-1	-1.74869E-2	+8.00593E-2
+2.59520E+0	+6.07950E-1	-3.45767E-2	+7.96608E-2
+2.61000E+0	+5.96623E-1	-4.61734E-2	+7.92596E-2
+2.62470E+0	+5.85254E-1	-3.61026E-2	+7.88543E-2
+2.63950E+0	+5.73690E-1	-2.43533E-2	+7.83881E-2
+2.65420E+0	+5.62090E-1	-7.87382E-3	+7.78833E-2
+2.66900E+0	+5.50298E-1	-1.12308E-2	+7.73405E-2
+2.68370E+0	+5.38476E-1	-2.96939E-2	+7.68013E-2
+2.69840E+0	+5.26547E-1	-4.86148E-2	+7.62303E-2
+2.71320E+0	+5.14432E-1	-5.38028E-2	+7.56490E-2
+2.72790E+0	+5.02295E-1	-5.15140E-2	+7.50220E-2
+2.74270E+0	+4.89976E-1	-4.66311E-2	+7.43646E-2
+2.75740E+0	+4.77642E-1	-5.31924E-2	+7.36502E-2
+2.77220E+0	+4.65128E-1	-5.83804E-2	+7.29138E-2
+2.78690E+0	+4.52606E-1	-5.79989E-2	+7.21211E-2
+2.80170E+0	+4.39908E-1	-4.78519E-2	+7.13270E-2
+2.81640E+0	+4.27208E-1	-6.69253E-2	+7.04249E-2
+2.83120E+0	+4.14336E-1	-5.31161E-2	+6.95337E-2
+2.84590E+0	+4.01469E-1	-7.05112E-2	+6.85634E-2
+2.86060E+0	+3.88522E-1	-7.36392E-2	+6.75682E-2
+2.87540E+0	+3.75408E-1	-8.47781E-2	+6.64589E-2
+2.89010E+0	+3.62309E-1	-9.32467E-2	+6.53244E-2
+2.90490E+0	+3.49048E-1	-8.28708E-2	+6.41221E-2
+2.91960E+0	+3.35806E-1	-8.44729E-2	+6.28713E-2
+2.93440E+0	+3.22408E-1	-8.02005E-2	+6.15664E-2
+2.94910E+0	+3.09035E-1	-8.21841E-2	+6.02046E-2
+2.96390E+0	+2.95510E-1	-9.38571E-2	+5.87923E-2
+2.97860E+0	+2.82017E-1	-9.88162E-2	+5.72752E-2
+2.99340E+0	+2.68376E-1	-1.07895E-1	+5.57026E-2
+3.00810E+0	+2.54773E-1	-1.20636E-1	+5.40551E-2
+3.02280E+0	+2.41120E-1	-1.51688E-1	+5.23276E-2
+3.03760E+0	+2.27325E-1	-1.59699E-1	+5.04511E-2
+3.05230E+0	+2.13579E-1	-1.60233E-1	+4.85156E-2
+3.06710E+0	+1.99696E-1	-1.43448E-1	+4.65278E-2
+3.08180E+0	+1.85867E-1	-1.49018E-1	+4.44282E-2
+3.09660E+0	+1.71906E-1	-1.29410E-1	+4.22620E-2
+3.11130E+0	+1.58006E-1	-1.33606E-1	+3.99954E-2
+3.12610E+0	+1.43980E-1	-1.65192E-1	+3.76277E-2
+3.14080E+0	+1.30019E-1	-1.78238E-1	+3.50936E-2
+3.15560E+0	+1.15938E-1	-1.94641E-1	+3.24131E-2
+3.17030E+0	+1.01928E-1	-1.85028E-1	+2.96775E-2
+3.18500E+0	+8.78986E-2	-1.99753E-1	+2.68193E-2
+3.19980E+0	+7.37558E-2	-1.86096E-1	+2.39502E-2
+3.21450E+0	+5.96939E-2	-1.86554E-1	+2.10490E-2
+3.22930E+0	+4.55243E-2	-2.08756E-1	+1.81740E-2
+3.24400E+0	+3.14414E-2	-2.02118E-1	+1.51983E-2
+3.25880E+0	+1.72564E-2	-2.08985E-1	+1.22446E-2
+3.27350E+0	+3.16383E-3	-2.00211E-1	+9.34709E-3
+3.28830E+0	-1.10253E-2	-2.00058E-1	+6.37004E-3
+3.30300E+0	-2.51163E-2	-1.82129E-1	+3.42163E-3
+3.31780E+0	-3.92981E-2	-1.82587E-1	+4.95485E-4
+3.33250E+0	-5.33763E-2	-2.02729E-1	-2.36497E-3
+3.34730E+0	-6.75396E-2	-1.95175E-1	-5.26162E-3
+3.36200E+0	-8.15937E-2	-1.98685E-1	-8.06916E-3
+3.37670E+0	-9.56316E-2	-1.87622E-1	-1.07604E-2
+3.39150E+0	-1.09746E-1	-1.75568E-1	-1.34902E-2
+3.40620E+0	-1.23743E-1	-1.69007E-1	-1.60731E-2
+3.42100E+0	-1.37810E-1	-1.70380E-1	-1.86557E-2
+3.43570E+0	-1.51755E-1	-1.89835E-1	-2.11549E-2
+3.45050E+0	-1.65764E-1	-1.86783E-1	-2.36131E-2
+3.46520E+0	-1.79646E-1	-1.74042E-1	-2.59982E-2
+3.48000E+0	-1.93586E-1	-1.55960E-1	-2.82620E-2
+3.49470E+0	-2.07393E-1	-1.37497E-1	-3.05042E-2
+3.50950E+0	-2.21252E-1	-1.32233E-1	-3.26245E-2
+3.52420E+0	-2.34974E-1	-1.38489E-1	-3.46928E-2
+3.53890E+0	-2.48649E-1	-1.60767E-1	-3.67025E-2
+3.55370E+0	-2.62367E-1	-1.57715E-1	-3.86999E-2
+3.56840E+0	-2.75940E-1	-1.43067E-1	-4.06212E-2
+3.58320E+0	-2.89551E-1	-1.10565E-1	-4.24200E-2
+3.59790E+0	-3.03011E-1	-9.49252E-2	-4.41573E-2
+3.61270E+0	-3.16502E-1	-8.24130E-2	-4.57882E-2
+3.62740E+0	-3.29839E-1	-9.00424E-2	-4.73757E-2
+3.64220E+0	-3.43201E-1	-1.19339E-1	-4.89282E-2
+3.65690E+0	-3.56404E-1	-1.26892E-1	-5.04949E-2
+3.67170E+0	-3.69625E-1	-1.20026E-1	-5.19830E-2
+3.68640E+0	-3.82683E-1	-9.27127E-2	-5.33785E-2
+3.70110E+0	-3.95666E-1	-8.92032E-2	-5.46942E-2
+3.71590E+0	-4.08657E-1	-8.05057E-2	-5.60018E-2
+3.73060E+0	-4.21479E-1	-7.48599E-2	-5.72517E-2
+3.74540E+0	-4.34303E-1	-6.64676E-2	-5.84137E-2
+3.76010E+0	-4.46955E-1	-6.47128E-2	-5.95636E-2
+3.77490E+0	-4.59602E-1	-6.93667E-2	-6.06582E-2
+3.78960E+0	-4.72073E-1	-6.09744E-2	-6.17091E-2
+3.80440E+0	-4.84534E-1	-6.83749E-2	-6.26939E-2
+3.81910E+0	-4.96814E-1	-5.70834E-2	-6.36666E-2
+3.83390E+0	-5.09078E-1	-6.21188E-2	-6.45846E-2
+3.84860E+0	-5.21157E-1	-5.53287E-2	-6.54789E-2
+3.86330E+0	-5.33133E-1	-5.47946E-2	-6.63097E-2
+3.87810E+0	-5.45084E-1	-4.88437E-2	-6.71336E-2
+3.89280E+0	-5.56845E-1	-4.57156E-2	-6.79122E-2
+3.90760E+0	-5.68574E-1	-3.70181E-2	-6.86500E-2
+3.92230E+0	-5.80111E-1	-3.72470E-2	-6.93657E-2
+3.93710E+0	-5.91610E-1	-3.96884E-2	-7.00527E-2
+3.95180E+0	-6.02914E-1	-3.93832E-2	-7.07096E-2
+3.96660E+0	-6.14173E-1	-5.58627E-2	-7.13485E-2
+3.98130E+0	-6.25234E-1	-6.00589E-2	-7.19034E-2
+3.99610E+0	-6.36244E-1	-4.00699E-2	-7.24539E-2
+4.01080E+0	-6.47054E-1	-1.71817E-2	-7.30204E-2
+4.02550E+0	-6.57734E-1	-1.94705E-2	-7.35733E-2
+4.04030E+0	-6.68356E-1	-4.86148E-2	-7.40829E-2
+4.05500E+0	-6.78773E-1	-4.92251E-2	-7.45104E-2
+4.06980E+0	-6.89124E-1	-1.51980E-2	-7.49627E-2
+4.08450E+0	-6.99268E-1	-1.90127E-2	-7.54441E-2
+4.09930E+0	-7.09340E-1	-4.08328E-2	-7.58501E-2
+4.11400E+0	-7.19204E-1	-2.16067E-2	-7.62340E-2
+4.12880E+0	-7.28990E-1	-1.82498E-2	-7.66443E-2
+4.14350E+0	-7.38564E-1	-3.28982E-2	-7.70044E-2
+4.15830E+0	-7.48056E-1	-2.00046E-2	-7.73818E-2
+4.17300E+0	-7.57334E-1	-2.28274E-2	-7.77099E-2
+4.18780E+0	-7.66524E-1	-1.84787E-2	-7.80430E-2
+4.20250E+0	-7.75498E-1	-2.57266E-2	-7.83540E-2
+4.21720E+0	-7.84319E-1	-2.16067E-2	-7.86636E-2
+4.23200E+0	-7.93042E-1	-1.74869E-2	-7.89474E-2
+4.24670E+0	-8.01548E-1	-1.30618E-2	-7.92357E-2
+4.26150E+0	-8.09951E-1	-1.13833E-2	-7.95011E-2
+4.27620E+0	-8.18136E-1	-1.93179E-2	-7.97593E-2
+4.29100E+0	-8.26213E-1	-1.69528E-2	-8.00107E-2
+4.30570E+0	-8.34070E-1	-1.27566E-2	-8.02522E-2
+4.32050E+0	-8.41814E-1	-1.97757E-2	-8.04781E-2
+4.33520E+0	-8.49337E-1	-1.24515E-2	-8.07064E-2
+4.35000E+0	-8.56741E-1	-1.67239E-2	-8.09196E-2
+4.36470E+0	-8.63925E-1	-1.45114E-2	-8.11210E-2
+4.37940E+0	-8.70936E-1	-3.97017E-4	-8.13052E-2
+4.39420E+0	-8.77821E-1	-1.49692E-2	-8.14805E-2
+4.40890E+0	-8.84484E-1	-1.71054E-2	-8.16746E-2
+4.42370E+0	-8.91015E-1	-1.01626E-2	-8.18487E-2
+4.43840E+0	-8.97325E-1	-9.01823E-3	-8.20138E-2
+4.45320E+0	-9.03497E-1	-7.41606E-3	-8.21659E-2
+4.46790E+0	-9.09447E-1	-1.27566E-2	-8.23229E-2
+4.48270E+0	-9.15256E-1	-4.82207E-3	-8.24695E-2
+4.49740E+0	-9.20842E-1	-1.32144E-2	-8.26020E-2
+4.51220E+0	-9.26283E-1	-1.32907E-2	-8.27303E-2
+4.52690E+0	-9.31501E-1	-6.88200E-3	-8.28719E-2
+4.54160E+0	-9.36535E-1	-2.83842E-3	-8.29868E-2
+4.55640E+0	-9.41415E-1	-1.00101E-2	-8.31088E-2
+4.57110E+0	-9.46074E-1	-8.17900E-3	-8.32112E-2
+4.58590E+0	-9.50575E-1	-1.24515E-2	-8.33111E-2
+4.60060E+0	-9.54857E-1	-2.15178E-3	-8.34204E-2
+4.61540E+0	-9.58976E-1	-5.96648E-3	-8.35142E-2
+4.63010E+0	-9.62876E-1	-1.61899E-2	-8.36025E-2
+4.64490E+0	-9.66609E-1	-3.14360E-3	-8.36916E-2
+4.65960E+0	-9.70124E-1	-3.29619E-3	-8.37652E-2
+4.67440E+0	-9.73469E-1	-1.06204E-2	-8.38451E-2
+4.68910E+0	-9.76597E-1	-8.78935E-3	-8.39130E-2
+4.70380E+0	-9.79531E-1	-1.29092E-2	-8.39849E-2
+4.71860E+0	-9.82289E-1	+3.79915E-3	-8.40453E-2
+4.73330E+0	-9.84832E-1	-1.96231E-2	-8.41130E-2
+4.74810E+0	-9.87195E-1	-4.82207E-3	-8.41828E-2
+4.76280E+0	-9.89345E-1	-7.26347E-3	-8.42252E-2
+4.77760E+0	-9.91311E-1	-2.91472E-3	-8.42599E-2
+4.79230E+0	-9.93066E-1	-7.95012E-3	-8.42986E-2
+4.80710E+0	-9.94634E-1	-1.24515E-2	-8.43427E-2
+4.82180E+0	-9.95993E-1	+2.04439E-3	-8.43718E-2
+4.83660E+0	-9.97162E-1	-5.27983E-3	-8.44116E-2
+4.85130E+0	-9.98124E-1	-2.83842E-3	-8.44307E-2
+4.86600E+0	-9.98888E-1	+8.23686E-4	-8.44546E-2
+4.88080E+0	-9.99456E-1	-3.90654E-3	-8.44739E-2
+4.89550E+0	-9.99822E-1	+2.13334E-4	-8.44853E-2
+4.91030E+0	-9.99989E-1	-3.29619E-3	-8.45018E-2
+4.92500E+0	-9.99956E-1	+1.05257E-3	-8.45114E-2
+4.93980E+0	-9.99722E-1	+4.18062E-3	-8.45122E-2
+4.95450E+0	-9.99290E-1	-3.21989E-3	-8.45202E-2
+4.96930E+0	-9.98655E-1	+3.03621E-3	-8.45256E-2
+4.98400E+0	-9.97825E-1	-1.92290E-3	-8.45240E-2
+4.99880E+0	-9.96790E-1	+2.12068E-3	-8.45232E-2
+5.01350E+0	-9.95562E-1	+6.54573E-3	-8.45237E-2
+5.02820E+0	-9.94137E-1	-1.47403E-2	-8.45160E-2
+5.04300E+0	-9.92503E-1	+2.65474E-3	-8.45178E-2
+5.05770E+0	-9.90682E-1	+1.51033E-3	-8.45063E-2
+5.07250E+0	-9.88650E-1	-5.50871E-3	-8.45041E-2
+5.08720E+0	-9.86434E-1	-6.04277E-3	-8.44878E-2
+5.10200E+0	-9.84006E-1	-1.03152E-2	-8.44832E-2
+5.11670E+0	-9.81398E-1	+2.34067E-2	-8.44731E-2
+5.13150E+0	-9.78575E-1	-2.00809E-2	-8.44352E-2
+5.14620E+0	-9.75576E-1	+3.57027E-3	-8.44279E-2
+5.16100E+0	-9.72361E-1	-4.05913E-3	-8.44100E-2
+5.17570E+0	-9.68974E-1	+5.09615E-3	-8.43889E-2
+5.19050E+0	-9.65369E-1	-7.02193E-4	-8.43663E-2
+5.20520E+0	-9.61597E-1	-2.99101E-3	-8.43387E-2
+5.21990E+0	-9.57633E-1	+3.87544E-3	-8.43112E-2
+5.23470E+0	-9.53451E-1	+5.32503E-3	-8.42798E-2
+5.24940E+0	-9.49106E-1	+1.73921E-3	-8.42435E-2
+5.26420E+0	-9.44542E-1	+5.94804E-4	-8.42063E-2
+5.27890E+0	-9.39820E-1	+2.04439E-3	-8.41650E-2
+5.29370E+0	-9.34878E-1	+4.40950E-3	-8.41245E-2
+5.30840E+0	-9.29782E-1	+1.18863E-2	-8.40692E-2
+5.32320E+0	-9.24465E-1	+4.18062E-3	-8.40196E-2
+5.33790E+0	-9.19000E-1	+5.24873E-3	-8.39650E-2
+5.35270E+0	-9.13314E-1	+8.60567E-3	-8.39081E-2
+5.36740E+0	-9.07484E-1	+3.03621E-3	-8.38500E-2
+5.38210E+0	-9.01473E-1	+3.95174E-3	-8.37851E-2
+5.39690E+0	-8.95241E-1	+4.10433E-3	-8.37161E-2
+5.41160E+0	-8.88873E-1	+8.14790E-3	-8.36420E-2
+5.42640E+0	-8.82283E-1	+3.87544E-3	-8.35619E-2
+5.44110E+0	-8.75561E-1	-3.20723E-4	-8.34769E-2
+5.45590E+0	-8.68618E-1	+8.91084E-3	-8.33935E-2
+5.47060E+0	-8.61549E-1	+1.02841E-2	-8.33029E-2
+5.48540E+0	-8.54259E-1	+7.53755E-3	-8.32012E-2
+5.50010E+0	-8.46848E-1	+6.46944E-3	-8.31017E-2
+5.51490E+0	-8.39217E-1	+4.10433E-3	-8.29901E-2
+5.52960E+0	-8.31470E-1	+1.31070E-2	-8.28761E-2
+5.54430E+0	-8.23557E-1	+1.66292E-3	-8.27510E-2
+5.55910E+0	-8.15426E-1	+1.52432E-2	-8.26211E-2
+5.57380E+0	-8.07187E-1	+8.07161E-3	-8.24946E-2
+5.58860E+0	-7.98730E-1	+8.37679E-3	-8.23409E-2
+5.60330E+0	-7.90171E-1	+1.31070E-2	-8.21920E-2
+5.61810E+0	-7.81396E-1	+1.27255E-2	-8.20265E-2
+5.63280E+0	-7.72524E-1	+1.28018E-2	-8.18670E-2
+5.64760E+0	-7.63436E-1	+1.69980E-2	-8.16954E-2
+5.66230E+0	-7.54258E-1	+1.07419E-2	-8.15096E-2
+5.67710E+0	-7.44866E-1	+1.79898E-2	-8.13171E-2
+5.69180E+0	-7.35389E-1	+1.82950E-2	-8.11114E-2
+5.70650E+0	-7.25766E-1	+1.10471E-2	-8.08919E-2
+5.72130E+0	-7.15932E-1	+1.57773E-2	-8.06840E-2
+5.73600E+0	-7.06021E-1	+1.37937E-2	-8.04256E-2
+5.75080E+0	-6.95902E-1	+1.81424E-2	-8.01825E-2
+5.76550E+0	-6.85712E-1	+1.79135E-2	-7.99270E-2
+5.78030E+0	-6.75315E-1	+1.36411E-2	-7.96503E-2
+5.79500E+0	-6.64854E-1	+2.05838E-2	-7.93574E-2
+5.80980E+0	-6.54189E-1	+2.33304E-2	-7.90616E-2
+5.82450E+0	-6.43465E-1	+1.66928E-2	-7.87398E-2
+5.83930E+0	-6.32539E-1	+2.01261E-2	-7.83753E-2
+5.85400E+0	-6.21560E-1	+3.21042E-2	-7.80150E-2
+5.86870E+0	-6.10459E-1	+4.58371E-2	-7.76589E-2
+5.88350E+0	-5.99159E-1	+3.65293E-2	-7.72848E-2
+5.89820E+0	-5.87816E-1	+2.27200E-2	-7.68625E-2
+5.91300E+0	-5.76278E-1	+8.60567E-3	-7.64068E-2
+5.92770E+0	-5.64704E-1	+2.08890E-2	-7.59238E-2
+5.94250E+0	-5.52937E-1	+4.32431E-2	-7.54295E-2
+5.95720E+0	-5.41139E-1	+6.15537E-2	-7.49315E-2
+5.97200E+0	-5.29153E-1	+6.06381E-2	-7.44125E-2
+5.98670E+0	-5.17142E-1	+4.76682E-2	-7.38476E-2
+6.00150E+0	-5.04946E-1	+5.11777E-2	-7.32338E-2
+6.01620E+0	-4.92731E-1	+5.31613E-2	-7.25868E-2
+6.03100E+0	-4.80335E-1	+5.65946E-2	-7.19075E-2
+6.04570E+0	-4.67926E-1	+5.28562E-2	-7.12027E-2
+6.06040E+0	-4.55425E-1	+6.71994E-2	-7.04485E-2
+6.07520E+0	-4.42747E-1	+5.74338E-2	-6.96243E-2
+6.08990E+0	-4.30067E-1	+7.48288E-2	-6.87978E-2
+6.10470E+0	-4.17214E-1	+5.83493E-2	-6.78830E-2
+6.11940E+0	-4.04365E-1	+7.25400E-2	-6.69465E-2
+6.13420E+0	-3.91347E-1	+6.71231E-2	-6.59262E-2
+6.14890E+0	-3.78339E-1	+7.54392E-2	-6.49085E-2
+6.16370E+0	-3.65167E-1	+8.47470E-2	-6.37948E-2
+6.17840E+0	-3.52011E-1	+7.94064E-2	-6.26421E-2
+6.19320E+0	-3.38695E-1	+8.48996E-2	-6.13920E-2
+6.20790E+0	-3.25401E-1	+8.12375E-2	-6.01228E-2
+6.22260E+0	-3.12043E-1	+7.69650E-2	-5.87878E-2
+6.23740E+0	-2.98531E-1	+9.03928E-2	-5.73767E-2
+6.25210E+0	-2.85051E-1	+9.92429E-2	-5.59099E-2
+6.26690E+0	-2.71422E-1	+1.16485E-1	-5.43462E-2
+6.28160E+0	-2.57831E-1	+1.21978E-1	-5.27167E-2
+6.29640E+0	-2.44096E-1	+1.39373E-1	-5.09552E-2
+6.31110E+0	-2.30405E-1	+1.56616E-1	-4.91424E-2
+6.32590E+0	-2.16575E-1	+1.54556E-1	-4.71819E-2
+6.34060E+0	-2.02795E-1	+1.39984E-1	-4.51735E-2
+6.35540E+0	-1.88880E-1	+1.16714E-1	-4.30966E-2
+6.37010E+0	-1.75022E-1	+1.20758E-1	-4.09708E-2
+6.38480E+0	-1.61129E-1	+1.19537E-1	-3.87370E-2
+6.39960E+0	-1.47110E-1	+1.44561E-1	-3.63366E-2
+6.41430E+0	-1.33156E-1	+1.64856E-1	-3.38564E-2
+6.42910E+0	-1.19080E-1	+1.92550E-1	-3.11117E-2
+6.44380E+0	-1.05075E-1	+2.01324E-1	-2.83168E-2
+6.45860E+0	-9.09542E-2	+1.87439E-1	-2.54234E-2
+6.47330E+0	-7.69106E-2	+1.97662E-1	-2.25285E-2
+6.48810E+0	-6.27561E-2	+1.83777E-1	-1.95731E-2
+6.50280E+0	-4.86846E-2	+1.94153E-1	-1.65605E-2
+6.51760E+0	-3.45077E-2	+2.16583E-1	-1.35703E-2
+6.53230E+0	-2.04197E-2	+2.17651E-1	-1.04986E-2
+6.54700E+0	-6.32763E-3	+2.10022E-1	-7.44601E-3
+6.56180E+0	+7.86157E-3	+1.77902E-1	-4.42998E-3
+6.57650E+0	+2.19533E-2	+1.95678E-1	-1.43084E-3
+6.59130E+0	+3.61366E-2	+1.89575E-1	+1.53300E-3
+6.60600E+0	+5.02167E-2	+2.00790E-1	+4.56077E-3
+6.62080E+0	+6.43826E-2	+2.11395E-1	+7.48969E-3
+6.63550E+0	+7.84400E-2	+2.00943E-1	+1.04146E-2
+6.65030E+0	+9.25772E-2	+1.96212E-1	+1.32833E-2
+6.66500E+0	+1.06600E-1	+1.76529E-1	+1.60475E-2
+6.67980E+0	+1.20698E-1	+1.73553E-1	+1.87752E-2
+6.69450E+0	+1.34676E-1	+1.75384E-1	+2.14144E-2
+6.70920E+0	+1.48627E-1	+1.98654E-1	+2.40553E-2
+6.72400E+0	+1.62643E-1	+1.95678E-1	+2.65979E-2
+6.73870E+0	+1.76532E-1	+1.79886E-1	+2.91161E-2
+6.75350E+0	+1.90481E-1	+1.65008E-1	+3.15548E-2
+6.76820E+0	+2.04297E-1	+1.43646E-1	+3.38341E-2
+6.78300E+0	+2.18166E-1	+1.36474E-1	+3.60573E-2
+6.79770E+0	+2.31898E-1	+1.44333E-1	+3.81879E-2
+6.81250E+0	+2.45676E-1	+1.66076E-1	+4.03223E-2
+6.82720E+0	+2.59313E-1	+1.70578E-1	+4.23615E-2
+6.84200E+0	+2.72990E-1	+1.42654E-1	+4.43938E-2
+6.85670E+0	+2.86521E-1	+1.18240E-1	+4.62761E-2
+6.87140E+0	+2.99995E-1	+9.29868E-2	+4.80559E-2
+6.88620E+0	+3.13500E-1	+9.61148E-2	+4.97503E-2
+6.90090E+0	+3.26851E-1	+1.06720E-1	+5.14062E-2
+6.91570E+0	+3.40228E-1	+1.23123E-1	+5.30738E-2
+6.93040E+0	+3.53446E-1	+1.23504E-1	+5.46654E-2
+6.94520E+0	+3.66684E-1	+1.10229E-1	+5.62170E-2
+6.95990E+0	+3.79759E-1	+9.94718E-2	+5.76623E-2
+6.97470E+0	+3.92846E-1	+9.43601E-2	+5.90691E-2
+6.98940E+0	+4.05767E-1	+9.40549E-2	+6.03735E-2
+7.00420E+0	+4.18695E-1	+7.98642E-2	+6.16724E-2
+7.01890E+0	+4.31451E-1	+6.94882E-2	+6.28705E-2
+7.03370E+0	+4.44208E-1	+6.61313E-2	+6.40602E-2
+7.04840E+0	+4.56790E-1	+6.52158E-2	+6.51448E-2
+7.06310E+0	+4.69282E-1	+6.37662E-2	+6.62449E-2
+7.07790E+0	+4.81764E-1	+5.80441E-2	+6.72570E-2
+7.09260E+0	+4.94066E-1	+5.72049E-2	+6.82582E-2
+7.10740E+0	+5.06352E-1	+5.37717E-2	+6.91882E-2
+7.12210E+0	+5.18454E-1	+4.69052E-2	+7.00965E-2
+7.13690E+0	+5.30535E-1	+5.03385E-2	+7.09607E-2
+7.15160E+0	+5.42429E-1	+4.12595E-2	+7.17971E-2
+7.16640E+0	+5.54294E-1	+4.14884E-2	+7.25816E-2
+7.18110E+0	+5.65969E-1	+3.64530E-2	+7.33563E-2
+7.19590E+0	+5.77610E-1	+4.73630E-2	+7.40823E-2
+7.21060E+0	+5.89057E-1	+4.66001E-2	+7.47822E-2
+7.22530E+0	+6.00386E-1	+5.46109E-2	+7.54161E-2
+7.24010E+0	+6.11673E-1	+5.90360E-2	+7.60426E-2
+7.25480E+0	+6.22761E-1	+3.46982E-2	+7.66144E-2
+7.26960E+0	+6.33800E-1	+2.05075E-2	+7.72073E-2
+7.28430E+0	+6.44638E-1	+1.95920E-2	+7.77834E-2
+7.29910E+0	+6.55420E-1	+4.99570E-2	+7.83163E-2
+7.31380E+0	+6.65999E-1	+6.04856E-2	+7.87834E-2
+7.32860E+0	+6.76516E-1	+3.24094E-2	+7.92433E-2
+7.34330E+0	+6.86828E-1	+8.91084E-3	+7.97418E-2
+7.35810E+0	+6.97071E-1	+2.88236E-2	+8.01916E-2
+7.37280E+0	+7.07107E-1	+3.74448E-2	+8.05793E-2
+7.38750E+0	+7.17002E-1	+1.76084E-2	+8.09817E-2
+7.40230E+0	+7.26820E-1	+2.86710E-2	+8.13806E-2
+7.41700E+0	+7.36428E-1	+1.91342E-2	+8.17318E-2
+7.43180E+0	+7.45952E-1	+2.34067E-2	+8.20983E-2
+7.44650E+0	+7.55264E-1	+2.63822E-2	+8.24218E-2
+7.46130E+0	+7.64488E-1	+1.77609E-2	+8.27557E-2
+7.47600E+0	+7.73497E-1	+2.02023E-2	+8.30592E-2
+7.49080E+0	+7.82412E-1	+1.83713E-2	+8.33794E-2
+7.50550E+0	+7.91111E-1	+1.92868E-2	+8.36391E-2
+7.52030E+0	+7.99710E-1	+2.03549E-2	+8.39169E-2
+7.53500E+0	+8.08092E-1	+1.13523E-2	+8.41731E-2
+7.54970E+0	+8.16313E-1	+1.47855E-2	+8.44060E-2
+7.56450E+0	+8.24427E-1	+1.34885E-2	+8.46536E-2
+7.57920E+0	+8.32321E-1	+1.25730E-2	+8.48808E-2
+7.59400E+0	+8.40102E-1	+1.01315E-2	+8.50912E-2
+7.60870E+0	+8.47663E-1	+1.76846E-2	+8.52999E-2
+7.62350E+0	+8.55105E-1	+1.53195E-2	+8.55114E-2
+7.63820E+0	+8.62327E-1	+1.15048E-2	+8.56924E-2
+7.65300E+0	+8.69425E-1	+1.33359E-2	+8.58814E-2
+7.66770E+0	+8.76301E-1	+1.73921E-3	+8.60543E-2
+7.68250E+0	+8.83049E-1	+9.97896E-3	+8.62168E-2
+7.69720E+0	+8.89574E-1	+1.75321E-2	+8.63743E-2
+7.71190E+0	+8.95924E-1	+1.28018E-2	+8.65318E-2
+7.72670E+0	+9.02136E-1	+9.90267E-3	+8.66817E-2
+7.74140E+0	+9.08127E-1	+1.02841E-2	+8.68180E-2
+7.75620E+0	+9.13976E-1	+1.31070E-2	+8.69498E-2
+7.77090E+0	+9.19604E-1	+8.60567E-3	+8.70754E-2
+7.78570E+0	+9.25086E-1	+1.89180E-3	+8.71968E-2
+7.80040E+0	+9.30346E-1	+9.44490E-3	+8.73242E-2
+7.81520E+0	+9.35455E-1	+8.14790E-3	+8.74254E-2
+7.82990E+0	+9.40343E-1	+1.51033E-3	+8.75334E-2
+7.84470E+0	+9.45076E-1	+5.17244E-3	+8.76233E-2
+7.85940E+0	+9.49588E-1	+4.79097E-3	+8.77128E-2
+7.87420E+0	+9.53941E-1	+5.17244E-3	+8.78139E-2
+7.88890E+0	+9.58074E-1	+2.04439E-3	+8.78995E-2
+7.90360E+0	+9.62017E-1	+1.45566E-2	+8.79690E-2
+7.91840E+0	+9.65793E-1	+4.71468E-3	+8.80466E-2
+7.93310E+0	+9.69352E-1	+1.73921E-3	+8.81106E-2
+7.94790E+0	+9.72740E-1	+1.11234E-2	+8.81833E-2
+7.96260E+0	+9.75912E-1	+7.91902E-3	+8.82458E-2
+7.97740E+0	+9.78909E-1	+7.99532E-3	+8.83027E-2
+7.99210E+0	+9.81691E-1	+5.93538E-3	+8.83403E-2
+8.00690E+0	+9.84295E-1	+5.94804E-4	+8.84015E-2
+8.02160E+0	+9.86685E-1	-8.94194E-3	+8.84375E-2
+8.03640E+0	+9.88893E-1	-6.65312E-3	+8.84764E-2
+8.05110E+0	+9.90890E-1	+8.30049E-3	+8.85129E-2
+8.06580E+0	+9.92689E-1	-4.36430E-3	+8.85334E-2
+8.08060E+0	+9.94302E-1	+2.04439E-3	+8.85573E-2
+8.09530E+0	+9.95706E-1	-1.31254E-3	+8.85799E-2
+8.11010E+0	+9.96919E-1	+1.43277E-2	+8.86097E-2
+8.12480E+0	+9.97925E-1	-1.77031E-3	+8.86103E-2
+8.13960E+0	+9.98738E-1	-4.89836E-3	+8.86199E-2
+8.15430E+0	+9.99347E-1	-3.97017E-4	+8.86276E-2
+8.16910E+0	+9.99759E-1	+6.71098E-4	+8.86199E-2
+8.18380E+0	+9.99969E-1	+1.51033E-3	+8.86377E-2
+8.19860E+0	+9.99980E-1	-2.99101E-3	+8.86271E-2
+8.21330E+0	+9.99791E-1	+1.05257E-3	+8.86098E-2
+8.22800E+0	+9.99404E-1	-9.31075E-4	+8.86106E-2
+8.24280E+0	+9.98814E-1	-5.43242E-3	+8.85930E-2
+8.25750E+0	+9.98029E-1	-1.00737E-3	+8.85873E-2
+8.27230E+0	+9.97038E-1	+7.47392E-4	+8.85665E-2
+8.28700E+0	+9.95855E-1	+1.66292E-3	+8.85501E-2
+8.30180E+0	+9.94464E-1	+1.12886E-3	+8.85462E-2
+8.31650E+0	+9.92885E-1	-2.99101E-3	+8.85180E-2
+8.33130E+0	+9.91095E-1	+6.07463E-5	+8.85021E-2
+8.34600E+0	+9.89120E-1	-4.36430E-3	+8.84794E-2
+8.36080E+0	+9.86933E-1	-5.27983E-3	+8.84622E-2
+8.37550E+0	+9.84564E-1	-9.78117E-3	+8.84331E-2
+8.39020E+0	+9.82000E-1	-1.27566E-2	+8.83929E-2
+8.40500E+0	+9.79221E-1	+1.79135E-2	+8.83852E-2
+8.41970E+0	+9.76266E-1	-3.21989E-3	+8.83398E-2
+8.43450E+0	+9.73095E-1	+7.99532E-3	+8.83099E-2
+8.44920E+0	+9.69751E-1	-5.05095E-3	+8.82779E-2
+8.46400E+0	+9.66190E-1	-2.07548E-3	+8.82397E-2
+8.47870E+0	+9.62460E-1	+1.37040E-4	+8.81944E-2
+8.49350E+0	+9.58512E-1	-1.69401E-3	+8.81518E-2
+8.50820E+0	+9.54400E-1	-2.76213E-3	+8.81096E-2
+8.52300E+0	+9.50068E-1	-2.83842E-3	+8.80594E-2
+8.53770E+0	+9.45576E-1	+1.43404E-3	+8.80042E-2
+8.55240E+0	+9.40896E-1	+1.73921E-3	+8.79509E-2
+8.56720E+0	+9.35996E-1	+1.58663E-3	+8.78962E-2
+8.58190E+0	+9.30942E-1	-5.12724E-3	+8.78386E-2
+8.59670E+0	+9.25667E-1	-4.89836E-3	+8.77705E-2
+8.61140E+0	+9.20243E-1	-1.77031E-3	+8.77027E-2
+8.62620E+0	+9.14598E-1	-7.11088E-3	+8.76276E-2
+8.64090E+0	+9.08808E-1	-8.94194E-3	+8.75579E-2
+8.65570E+0	+9.02797E-1	-7.64494E-3	+8.74835E-2
+8.67040E+0	+8.96646E-1	-7.11088E-3	+8.73996E-2
+8.68520E+0	+8.90274E-1	-7.18718E-3	+8.73109E-2
+8.69990E+0	+8.83767E-1	-4.74577E-3	+8.72214E-2
+8.71460E+0	+8.77085E-1	-9.24712E-3	+8.71207E-2
+8.72940E+0	+8.70181E-1	-3.29619E-3	+8.70183E-2
+8.74410E+0	+8.63151E-1	-8.02641E-3	+8.69143E-2
+8.75890E+0	+8.55900E-1	-1.06204E-2	+8.68074E-2
+8.77360E+0	+8.48526E-1	-1.02389E-2	+8.66876E-2
+8.78840E+0	+8.40933E-1	-1.28329E-2	+8.65670E-2
+8.80310E+0	+8.33223E-1	-8.33159E-3	+8.64352E-2
+8.81790E+0	+8.25294E-1	-1.36722E-2	+8.63049E-2
+8.83260E+0	+8.17253E-1	-5.81389E-3	+8.61563E-2
+8.84740E+0	+8.08994E-1	-1.62662E-2	+8.60083E-2
+8.86210E+0	+8.00630E-1	-1.04678E-2	+8.58620E-2
+8.87690E+0	+7.92048E-1	-8.63676E-3	+8.56935E-2
+8.89160E+0	+7.83366E-1	-8.78935E-3	+8.55248E-2
+8.90630E+0	+7.74529E-1	-1.46640E-2	+8.53464E-2
+8.92110E+0	+7.65476E-1	-1.26040E-2	+8.51539E-2
+8.93580E+0	+7.56331E-1	-1.46640E-2	+8.49652E-2
+8.95060E+0	+7.46973E-1	-1.29855E-2	+8.47520E-2
+8.96530E+0	+7.37529E-1	-1.45877E-2	+8.45326E-2
+8.98010E+0	+7.27873E-1	-1.26803E-2	+8.43129E-2
+8.99480E+0	+7.18137E-1	-1.85550E-2	+8.40630E-2
+9.00960E+0	+7.08191E-1	-1.82498E-2	+8.38264E-2
+9.02430E+0	+6.98170E-1	-2.10727E-2	+8.35592E-2
+9.03910E+0	+6.87942E-1	-2.02334E-2	+8.32771E-2
+9.05380E+0	+6.77645E-1	-2.34378E-2	+8.30002E-2
+9.06850E+0	+6.67214E-1	-1.24515E-2	+8.26914E-2
+9.08330E+0	+6.56578E-1	-2.02334E-2	+8.23640E-2
+9.09800E+0	+6.45883E-1	-2.71762E-2	+8.20394E-2
+9.11280E+0	+6.34986E-1	-2.55740E-2	+8.17053E-2
+9.12750E+0	+6.24036E-1	-1.35196E-2	+8.13271E-2
+9.14230E+0	+6.12886E-1	-1.33670E-2	+8.09303E-2
+9.15700E+0	+6.01689E-1	-3.00754E-2	+8.05116E-2
+9.17180E+0	+5.90295E-1	-4.26639E-2	+8.01036E-2
+9.18650E+0	+5.78861E-1	-3.97647E-2	+7.96736E-2
+9.20130E+0	+5.67233E-1	-2.60318E-2	+7.92061E-2
+9.21600E+0	+5.55570E-1	-9.24712E-3	+7.86936E-2
+9.23070E+0	+5.43797E-1	-1.24515E-2	+7.81398E-2
+9.24550E+0	+5.31835E-1	-2.69473E-2	+7.75691E-2
+9.26020E+0	+5.19847E-1	-4.15957E-2	+7.69982E-2
+9.27500E+0	+5.07674E-1	-4.44949E-2	+7.63909E-2
+9.28970E+0	+4.95482E-1	-4.02225E-2	+7.57485E-2
+9.30450E+0	+4.83107E-1	-4.58682E-2	+7.50647E-2
+9.31920E+0	+4.70720E-1	-4.92251E-2	+7.43419E-2
+9.33400E+0	+4.58154E-1	-4.76993E-2	+7.35727E-2
+9.34870E+0	+4.45582E-1	-5.68545E-2	+7.27856E-2
+9.36350E+0	+4.32835E-1	-4.43423E-2	+7.19274E-2
+9.37820E+0	+4.20087E-1	-5.68545E-2	+7.10504E-2
+9.39290E+0	+4.07256E-1	-5.77701E-2	+7.01117E-2
+9.40770E+0	+3.94256E-1	-6.60098E-2	+6.91391E-2
+9.42240E+0	+3.81266E-1	-7.47073E-2	+6.80778E-2
+9.43720E+0	+3.68110E-1	-7.66147E-2	+6.69792E-2
+9.45190E+0	+3.54970E-1	-7.79117E-2	+6.58063E-2
+9.46670E+0	+3.41670E-1	-8.27182E-2	+6.45994E-2
+9.48140E+0	+3.28391E-1	-9.15683E-2	+6.33084E-2
+9.49620E+0	+3.14956E-1	-1.07209E-1	+6.19539E-2
+9.51090E+0	+3.01549E-1	-1.12854E-1	+6.05311E-2
+9.52570E+0	+2.87990E-1	-1.09574E-1	+5.90427E-2
+9.54040E+0	+2.74466E-1	-1.02249E-1	+5.74861E-2
+9.55510E+0	+2.60887E-1	-1.00952E-1	+5.58591E-2
+9.56990E+0	+2.47163E-1	-9.98843E-2	+5.41973E-2
+9.58460E+0	+2.33483E-1	-1.00952E-1	+5.24202E-2
+9.59940E+0	+2.19662E-1	-1.10108E-1	+5.05974E-2
+9.61410E+0	+2.05892E-1	-1.28876E-1	+4.86744E-2
+9.62890E+0	+1.91986E-1	-1.61988E-1	+4.66579E-2
+9.64360E+0	+1.78136E-1	-1.71524E-1	+4.44669E-2
+9.65840E+0	+1.64157E-1	-1.81137E-1	+4.21543E-2
+9.67310E+0	+1.50238E-1	-1.72669E-1	+3.98039E-2
+9.68790E+0	+1.36196E-1	-1.69846E-1	+3.72365E-2
+9.70260E+0	+1.22220E-1	-1.65726E-1	+3.46536E-2
+9.71740E+0	+1.08126E-1	-1.68854E-1	+3.19356E-2
+9.73210E+0	+9.41045E-2	-1.90522E-1	+2.92069E-2
+9.74680E+0	+8.00647E-2	-1.93573E-1	+2.63236E-2
+9.76160E+0	+6.59134E-2	-2.02576E-1	+2.33930E-2
+9.77630E+0	+5.18445E-2	-2.00135E-1	+2.04843E-2
+9.79110E+0	+3.76695E-2	-1.95938E-1	+1.74925E-2
+9.80580E+0	+2.35828E-2	-1.88538E-1	+1.46186E-2
+9.82060E+0	+9.39549E-3	-1.90750E-1	+1.16615E-2
+9.83530E+0	-4.69780E-3	-2.04560E-1	+8.74439E-3
+9.85010E+0	-1.88860E-2	-2.03644E-1	+5.74658E-3
+9.86480E+0	-3.29746E-2	-2.10968E-1	+2.78818E-3
+9.87960E+0	-4.71524E-2	-1.95175E-1	-1.25514E-4
+9.89430E+0	-6.12250E-2	-1.83045E-1	-3.01689E-3
+9.90900E+0	-7.52855E-2	-1.79535E-1	-5.77105E-3
+9.92380E+0	-8.94265E-2	-1.82892E-1	-8.53210E-3
+9.93850E+0	-1.03454E-1	-1.92200E-1	-1.12126E-2
+9.95330E+0	-1.17556E-1	-1.84418E-1	-1.39092E-2
+9.96800E+0	-1.31540E-1	-1.80146E-1	-1.65507E-2
+9.98280E+0	-1.45592E-1	-1.58020E-1	-1.90422E-2
+9.99750E+0	-1.59521E-1	-1.33454E-1	-2.15288E-2
+1.00123E+1	-1.73512E-1	-1.41617E-1	-2.38858E-2
+1.00270E+1	-1.87374E-1	-1.44135E-1	-2.62145E-2
+1.00418E+1	-2.01292E-1	-1.63666E-1	-2.84682E-2
+1.00565E+1	-2.15077E-1	-1.55579E-1	-3.06985E-2
+1.00712E+1	-2.28819E-1	-1.45127E-1	-3.28542E-2
+1.00860E+1	-2.42608E-1	-1.25519E-1	-3.48894E-2
+1.01007E+1	-2.56256E-1	-1.09192E-1	-3.68527E-2
+1.01155E+1	-2.69945E-1	-1.08582E-1	-3.86995E-2
+1.01302E+1	-2.83488E-1	-1.28876E-1	-4.05255E-2
+1.01450E+1	-2.97066E-1	-1.55579E-1	-4.23208E-2
+1.01597E+1	-3.10494E-1	-1.42762E-1	-4.41066E-2
+1.01745E+1	-3.23950E-1	-1.20026E-1	-4.58163E-2
+1.01892E+1	-3.37251E-1	-8.67618E-2	-4.73720E-2
+1.02040E+1	-3.50575E-1	-7.14267E-2	-4.88886E-2
+1.02187E+1	-3.63738E-1	-8.47781E-2	-5.03016E-2
+1.02334E+1	-3.76830E-1	-9.75955E-2	-5.17223E-2
+1.02482E+1	-3.89935E-1	-9.34756E-2	-5.30871E-2
+1.02629E+1	-4.02873E-1	-8.49307E-2	-5.44187E-2
+1.02777E+1	-4.15819E-1	-8.53885E-2	-5.56882E-2
+1.02924E+1	-4.28595E-1	-8.55411E-2	-5.69114E-2
+1.03072E+1	-4.41371E-1	-8.24893E-2	-5.80700E-2
+1.03219E+1	-4.53973E-1	-7.74539E-2	-5.92095E-2
+1.03367E+1	-4.66570E-1	-8.20315E-2	-6.02676E-2
+1.03514E+1	-4.78989E-1	-7.30289E-2	-6.13063E-2
+1.03662E+1	-4.91396E-1	-8.02005E-2	-6.22515E-2
+1.03809E+1	-5.03621E-1	-7.40970E-2	-6.32320E-2
+1.03956E+1	-5.15746E-1	-6.88327E-2	-6.41105E-2
+1.04104E+1	-5.27851E-1	-6.82223E-2	-6.49889E-2
+1.04251E+1	-5.39768E-1	-6.15848E-2	-6.57895E-2
+1.04399E+1	-5.51658E-1	-5.57864E-2	-6.65998E-2
+1.04546E+1	-5.63358E-1	-5.47183E-2	-6.73369E-2
+1.04694E+1	-5.75024E-1	-3.77811E-2	-6.80698E-2
+1.04841E+1	-5.86497E-1	-3.64841E-2	-6.87455E-2
+1.04989E+1	-5.97930E-1	-3.96884E-2	-6.94435E-2
+1.05136E+1	-6.09167E-1	-3.94595E-2	-7.00718E-2
+1.05284E+1	-6.20358E-1	-5.20480E-2	-7.06975E-2
+1.05431E+1	-6.31350E-1	-5.37265E-2	-7.12433E-2
+1.05578E+1	-6.42216E-1	-3.74759E-2	-7.17895E-2
+1.05726E+1	-6.53028E-1	-1.08493E-2	-7.23420E-2
+1.05873E+1	-6.63636E-1	-1.47403E-2	-7.28917E-2
+1.06021E+1	-6.74183E-1	-4.73941E-2	-7.33760E-2
+1.06168E+1	-6.84525E-1	-4.87674E-2	-7.37811E-2
+1.06316E+1	-6.94799E-1	-1.49692E-2	-7.42391E-2
+1.06463E+1	-7.04866E-1	-2.35904E-2	-7.47011E-2
+1.06611E+1	-7.14860E-1	-4.05276E-2	-7.51013E-2
+1.06758E+1	-7.24644E-1	-1.69528E-2	-7.54907E-2
+1.06906E+1	-7.34349E-1	-3.30508E-2	-7.58772E-2
+1.07053E+1	-7.43842E-1	-2.45059E-2	-7.62256E-2
+1.07201E+1	-7.53250E-1	-1.97757E-2	-7.65891E-2
+1.07348E+1	-7.62444E-1	-2.14541E-2	-7.69060E-2
+1.07495E+1	-7.71488E-1	-2.18356E-2	-7.72383E-2
+1.07643E+1	-7.80438E-1	-2.07675E-2	-7.75290E-2
+1.07790E+1	-7.89172E-1	-2.02334E-2	-7.78375E-2
+1.07938E+1	-7.97806E-1	-1.16885E-2	-7.81176E-2
+1.08085E+1	-8.06224E-1	-2.16067E-2	-7.83817E-2
+1.08233E+1	-8.14537E-1	-1.88602E-2	-7.86541E-2
+1.08380E+1	-8.22632E-1	-1.78683E-2	-7.88992E-2
+1.08528E+1	-8.30616E-1	-1.82498E-2	-7.91435E-2
+1.08675E+1	-8.38382E-1	-1.50455E-2	-7.93803E-2
+1.08823E+1	-8.46031E-1	-1.56558E-2	-7.96109E-2
+1.08970E+1	-8.53461E-1	-1.47403E-2	-7.98096E-2
+1.09117E+1	-8.60721E-1	-1.71817E-2	-8.00278E-2
+1.09265E+1	-8.67857E-1	-1.03152E-2	-8.02185E-2
+1.09412E+1	-8.74773E-1	-1.33670E-2	-8.04048E-2
+1.09560E+1	-8.81559E-1	-1.07730E-2	-8.05966E-2
+1.09707E+1	-8.88125E-1	-1.13071E-2	-8.07702E-2
+1.09855E+1	-8.94557E-1	-6.65312E-3	-8.09339E-2
+1.10002E+1	-9.00767E-1	-6.19536E-3	-8.10927E-2
+1.10150E+1	-9.06838E-1	-1.16885E-2	-8.12497E-2
+1.10297E+1	-9.12688E-1	-8.02641E-3	-8.13996E-2
+1.10445E+1	-9.18395E-1	-9.47600E-3	-8.15356E-2
+1.10592E+1	-9.23880E-1	-1.26040E-2	-8.16731E-2
+1.10739E+1	-9.29181E-1	-1.59610E-2	-8.18031E-2
+1.10887E+1	-9.34332E-1	-6.34795E-3	-8.19205E-2
+1.11034E+1	-9.39262E-1	-9.55229E-3	-8.20435E-2
+1.11182E+1	-9.44037E-1	+2.89628E-4	-8.21528E-2
+1.11329E+1	-9.48592E-1	-2.91472E-3	-8.22643E-2
+1.11477E+1	-9.52987E-1	-1.12308E-2	-8.23657E-2
+1.11624E+1	-9.57163E-1	-3.98283E-3	-8.24649E-2
+1.11772E+1	-9.61175E-1	-1.16885E-2	-8.25505E-2
+1.11919E+1	-9.64968E-1	-5.89018E-3	-8.26367E-2
+1.12067E+1	-9.68594E-1	-2.60954E-3	-8.27129E-2
+1.12214E+1	-9.72002E-1	-1.10782E-2	-8.28003E-2
+1.12361E+1	-9.75217E-1	-4.05913E-3	-8.28718E-2
+1.12509E+1	-9.78258E-1	-5.89018E-3	-8.29456E-2
+1.12656E+1	-9.81083E-1	-1.30618E-2	-8.30052E-2
+1.12804E+1	-9.83731E-1	+5.85909E-3	-8.30685E-2
+1.12951E+1	-9.86165E-1	-8.10271E-3	-8.31241E-2
+1.13099E+1	-9.88418E-1	-1.26040E-2	-8.31807E-2
+1.13246E+1	-9.90459E-1	+2.42586E-3	-8.32276E-2
+1.13394E+1	-9.92314E-1	-3.60136E-3	-8.32721E-2
+1.13541E+1	-9.93960E-1	-2.53325E-3	-8.33131E-2
+1.13689E+1	-9.95417E-1	-7.87382E-3	-8.33457E-2
+1.13836E+1	-9.96666E-1	+3.79915E-3	-8.33800E-2
+1.13983E+1	-9.97717E-1	-1.31254E-3	-8.34139E-2
+1.14131E+1	-9.98574E-1	-2.60954E-3	-8.34288E-2
+1.14278E+1	-9.99228E-1	+2.88362E-3	-8.34538E-2
+1.14426E+1	-9.99685E-1	-3.90654E-3	-8.34627E-2
+1.14573E+1	-9.99939E-1	+1.58663E-3	-8.34854E-2
+1.14721E+1	-9.99995E-1	-1.77031E-3	-8.34902E-2
+1.14868E+1	-9.99851E-1	-9.18416E-5	-8.34993E-2
+1.15016E+1	-9.99506E-1	+5.55391E-3	-8.35011E-2
+1.15163E+1	-9.98963E-1	-6.65312E-3	-8.34955E-2
+1.15311E+1	-9.98217E-1	+5.01985E-3	-8.35087E-2
+1.15458E+1	-9.97276E-1	-6.11906E-3	-8.35091E-2
+1.15606E+1	-9.96129E-1	+8.99980E-4	-8.35112E-2
+1.15753E+1	-9.94792E-1	+6.77461E-3	-8.35113E-2
+1.15900E+1	-9.93256E-1	-6.34795E-3	-8.35005E-2
+1.16048E+1	-9.91511E-1	+9.76274E-4	-8.35017E-2
+1.16195E+1	-9.89581E-1	-2.76213E-3	-8.34825E-2
+1.16343E+1	-9.87438E-1	+2.57845E-3	-8.34749E-2
+1.16490E+1	-9.85113E-1	+6.31685E-3	-8.34600E-2
+1.16638E+1	-9.82575E-1	-1.78683E-2	-8.34464E-2
+1.16785E+1	-9.79858E-1	+1.44803E-2	-8.34522E-2
+1.16933E+1	-9.76926E-1	-1.76394E-2	-8.34112E-2
+1.17080E+1	-9.73819E-1	-3.98283E-3	-8.34050E-2
+1.17228E+1	-9.70495E-1	+7.07979E-3	-8.33810E-2
+1.17375E+1	-9.67001E-1	-1.15996E-3	-8.33577E-2
+1.17522E+1	-9.63314E-1	+1.12886E-3	-8.33310E-2
+1.17670E+1	-9.59409E-1	-5.49605E-4	-8.33020E-2
+1.17817E+1	-9.55340E-1	-3.97017E-4	-8.32734E-2
+1.17965E+1	-9.51051E-1	-2.07548E-3	-8.32356E-2
+1.18112E+1	-9.46601E-1	+1.81551E-3	-8.31959E-2
+1.18260E+1	-9.41931E-1	-7.02193E-4	-8.31574E-2
+1.18407E+1	-9.37105E-1	-2.38066E-3	-8.31147E-2
+1.18555E+1	-9.32058E-1	-2.30437E-3	-8.30725E-2
+1.18702E+1	-9.26859E-1	+4.25691E-3	-8.30222E-2
+1.18850E+1	-9.21440E-1	-4.73311E-4	-8.29687E-2
+1.18997E+1	-9.15873E-1	+2.80733E-3	-8.29160E-2
+1.19144E+1	-9.10124E-1	+3.57027E-3	-8.28583E-2
+1.19292E+1	-9.04153E-1	+3.87544E-3	-8.27933E-2
+1.19439E+1	-8.98043E-1	+1.12886E-3	-8.27232E-2
+1.19587E+1	-8.91711E-1	+3.03621E-3	-8.26513E-2
+1.19734E+1	-8.85243E-1	+2.19698E-3	-8.25753E-2
+1.19882E+1	-8.78555E-1	+6.46944E-3	-8.24916E-2
+1.20029E+1	-8.71736E-1	+1.10471E-2	-8.24123E-2
+1.20177E+1	-8.64696E-1	+3.26509E-3	-8.23247E-2
+1.20324E+1	-8.57531E-1	+1.43404E-3	-8.22292E-2
+1.20472E+1	-8.50146E-1	+5.47762E-3	-8.21256E-2
+1.20619E+1	-8.42641E-1	+4.25691E-3	-8.20161E-2
+1.20766E+1	-8.34968E-1	+8.98714E-3	-8.19078E-2
+1.20914E+1	-8.27076E-1	+8.75826E-3	-8.17844E-2
+1.21061E+1	-8.19073E-1	+9.13973E-3	-8.16670E-2
+1.21209E+1	-8.10850E-1	+5.70650E-3	-8.15284E-2
+1.21356E+1	-8.02522E-1	+1.13523E-2	-8.13902E-2
+1.21504E+1	-7.93975E-1	+1.63877E-2	-8.12447E-2
+1.21651E+1	-7.85329E-1	+7.76643E-3	-8.10890E-2
+1.21799E+1	-7.76466E-1	+1.27255E-2	-8.09254E-2
+1.21946E+1	-7.67508E-1	+4.56209E-3	-8.07518E-2
+1.22094E+1	-7.58335E-1	+1.47092E-2	-8.05853E-2
+1.22241E+1	-7.49073E-1	+1.44040E-2	-8.03909E-2
+1.22388E+1	-7.39662E-1	+1.56247E-2	-8.01935E-2
+1.22536E+1	-7.30039E-1	+7.61385E-3	-7.99759E-2
+1.22683E+1	-7.20335E-1	+1.87528E-2	-7.97665E-2
+1.22831E+1	-7.10421E-1	+1.91342E-2	-7.95317E-2
+1.22978E+1	-7.00432E-1	+9.06343E-3	-7.92842E-2
+1.23126E+1	-6.90235E-1	+2.18808E-2	-7.90305E-2
+1.23273E+1	-6.79969E-1	+1.22678E-2	-7.87657E-2
+1.23421E+1	-6.69496E-1	+1.66165E-2	-7.84757E-2
+1.23568E+1	-6.58961E-1	+3.05783E-2	-7.81725E-2
+1.23716E+1	-6.48222E-1	+2.51615E-2	-7.78698E-2
+1.23863E+1	-6.37427E-1	+1.66928E-2	-7.75374E-2
+1.24010E+1	-6.26505E-1	+1.79135E-2	-7.71777E-2
+1.24158E+1	-6.15383E-1	+3.02731E-2	-7.68003E-2
+1.24305E+1	-6.04213E-1	+4.26328E-2	-7.64271E-2
+1.24453E+1	-5.92846E-1	+4.00388E-2	-7.60357E-2
+1.24600E+1	-5.81438E-1	+1.99735E-2	-7.56111E-2
+1.24748E+1	-5.69836E-1	+8.98714E-3	-7.51453E-2
+1.24895E+1	-5.58198E-1	+8.91084E-3	-7.46360E-2
+1.25043E+1	-5.46369E-1	+3.63767E-2	-7.41294E-2
+1.25190E+1	-5.34512E-1	+5.78153E-2	-7.35967E-2
+1.25338E+1	-5.22466E-1	+6.41477E-2	-7.30704E-2
+1.25485E+1	-5.10397E-1	+5.18643E-2	-7.24842E-2
+1.25633E+1	-4.98145E-1	+5.30087E-2	-7.18480E-2
+1.25780E+1	-4.85875E-1	+5.68234E-2	-7.11819E-2
+1.25927E+1	-4.73509E-1	+5.75864E-2	-7.05076E-2
+1.26075E+1	-4.60964E-1	+5.23984E-2	-6.97479E-2
+1.26222E+1	-4.48412E-1	+5.95700E-2	-6.89828E-2
+1.26370E+1	-4.35684E-1	+5.01859E-2	-6.81323E-2
+1.26517E+1	-4.22956E-1	+5.40769E-2	-6.72883E-2
+1.26665E+1	-4.10056E-1	+4.52268E-2	-6.63557E-2
+1.26812E+1	-3.97162E-1	+6.31558E-2	-6.53973E-2
+1.26960E+1	-3.84100E-1	+5.75864E-2	-6.43686E-2
+1.27107E+1	-3.71050E-1	+7.39133E-2	-6.33225E-2
+1.27255E+1	-3.57837E-1	+8.61966E-2	-6.21804E-2
+1.27402E+1	-3.44641E-1	+9.57334E-2	-6.09771E-2
+1.27549E+1	-3.31378E-1	+9.23764E-2	-5.97250E-2
+1.27697E+1	-3.17957E-1	+9.85562E-2	-5.83843E-2
+1.27844E+1	-3.04564E-1	+1.05652E-1	-5.70045E-2
+1.27992E+1	-2.91019E-1	+1.03973E-1	-5.55045E-2
+1.28139E+1	-2.77507E-1	+1.01303E-1	-5.40014E-2
+1.28287E+1	-2.63847E-1	+9.40549E-2	-5.23891E-2
+1.28434E+1	-2.50227E-1	+9.81748E-2	-5.07374E-2
+1.28582E+1	-2.36465E-1	+9.60385E-2	-4.89856E-2
+1.28729E+1	-2.22748E-1	+1.20300E-1	-4.71685E-2
+1.28877E+1	-2.08893E-1	+1.31363E-1	-4.52322E-2
+1.29024E+1	-1.95090E-1	+1.60202E-1	-4.31732E-2
+1.29171E+1	-1.81249E-1	+1.84768E-1	-4.10633E-2
+1.29319E+1	-1.67277E-1	+1.97662E-1	-3.87571E-2
+1.29466E+1	-1.53366E-1	+1.89651E-1	-3.63933E-2
+1.29614E+1	-1.39329E-1	+1.77292E-1	-3.38661E-2
+1.29761E+1	-1.25360E-1	+1.87210E-1	-3.12971E-2
+1.29909E+1	-1.11270E-1	+1.82251E-1	-2.85915E-2
+1.30056E+1	-9.72538E-2	+1.94076E-1	-2.57403E-2
+1.30204E+1	-8.31224E-2	+2.09259E-1	-2.28788E-2
+1.30351E+1	-6.90700E-2	+2.12387E-1	-1.99067E-2
+1.30499E+1	-5.49081E-2	+2.15362E-1	-1.68785E-2
+1.30646E+1	-4.08309E-2	+2.00714E-1	-1.38648E-2
+1.30793E+1	-2.67456E-2	+2.00256E-1	-1.08556E-2
+1.30941E+1	-1.25591E-2	+1.99341E-1	-7.81220E-3
+1.31088E+1	+1.53398E-3	+2.23755E-1	-4.72391E-3
+1.31236E+1	+1.57227E-2	+2.25052E-1	-1.78428E-3
+1.31383E+1	+2.98123E-2	+2.08877E-1	+1.25191E-3
+1.31531E+1	+4.39919E-2	+2.13073E-1	+4.28562E-3
+1.31678E+1	+5.80668E-2	+1.91101E-1	+7.22138E-3
+1.31826E+1	+7.22259E-2	+1.80191E-1	+1.01587E-2
+1.31973E+1	+8.62749E-2	+1.89727E-1	+1.29883E-2
+1.32121E+1	+1.00402E-1	+1.96594E-1	+1.58639E-2
+1.32268E+1	+1.14414E-1	+1.94915E-1	+1.85995E-2
+1.32415E+1	+1.28403E-1	+1.81946E-1	+2.13368E-2
+1.32563E+1	+1.42461E-1	+1.72332E-1	+2.39864E-2
+1.32710E+1	+1.56397E-1	+1.49444E-1	+2.65487E-2
+1.32858E+1	+1.70395E-1	+1.49826E-1	+2.90430E-2
+1.33005E+1	+1.84265E-1	+1.61651E-1	+3.14560E-2
+1.33153E+1	+1.98192E-1	+1.67907E-1	+3.38711E-2
+1.33300E+1	+2.11986E-1	+1.61804E-1	+3.61350E-2
+1.33448E+1	+2.25831E-1	+1.46774E-1	+3.83716E-2
+1.33595E+1	+2.39538E-1	+1.32660E-1	+4.04866E-2
+1.33743E+1	+2.53289E-1	+1.15112E-1	+4.25113E-2
+1.33890E+1	+2.66898E-1	+1.16867E-1	+4.44488E-2
+1.34038E+1	+2.80545E-1	+1.33117E-1	+4.63558E-2
+1.34185E+1	+2.94044E-1	+1.47995E-1	+4.82616E-2
+1.34332E+1	+3.07485E-1	+1.48224E-1	+5.00642E-2
+1.34480E+1	+3.20955E-1	+1.18393E-1	+5.18374E-2
+1.34627E+1	+3.34271E-1	+9.30631E-2	+5.34627E-2
+1.34775E+1	+3.47610E-1	+7.71939E-2	+5.50281E-2
+1.34922E+1	+3.60789E-1	+8.74173E-2	+5.65079E-2
+1.35070E+1	+3.73986E-1	+9.86325E-2	+5.79974E-2
+1.35217E+1	+3.87019E-1	+1.10077E-1	+5.94416E-2
+1.35365E+1	+4.00064E-1	+9.85562E-2	+6.08040E-2
+1.35512E+1	+4.12940E-1	+9.36734E-2	+6.20991E-2
+1.35660E+1	+4.25821E-1	+8.97824E-2	+6.33548E-2
+1.35807E+1	+4.38530E-1	+7.98642E-2	+6.45607E-2
+1.35954E+1	+4.51152E-1	+8.03220E-2	+6.56834E-2
+1.36102E+1	+4.63770E-1	+6.87253E-2	+6.68029E-2
+1.36249E+1	+4.76209E-1	+6.70468E-2	+6.78435E-2
+1.36397E+1	+4.88638E-1	+5.92648E-2	+6.88623E-2
+1.36544E+1	+5.00885E-1	+6.41477E-2	+6.98027E-2
+1.36692E+1	+5.13116E-1	+6.04856E-2	+7.07344E-2
+1.36839E+1	+5.25161E-1	+5.59842E-2	+7.16059E-2
+1.36987E+1	+5.37183E-1	+5.45346E-2	+7.24546E-2
+1.37134E+1	+5.49016E-1	+4.54556E-2	+7.32670E-2
+1.37282E+1	+5.60820E-1	+4.88889E-2	+7.40287E-2
+1.37429E+1	+5.72433E-1	+3.59189E-2	+7.47810E-2
+1.37576E+1	+5.83931E-1	+4.70578E-2	+7.54971E-2
+1.37724E+1	+5.95391E-1	+4.32431E-2	+7.61557E-2
+1.37871E+1	+6.06655E-1	+5.54502E-2	+7.67890E-2
+1.38019E+1	+6.17873E-1	+5.52213E-2	+7.73822E-2
+1.38166E+1	+6.28893E-1	+3.65293E-2	+7.79529E-2
+1.38314E+1	+6.39862E-1	+1.74558E-2	+7.85379E-2
+1.38461E+1	+6.50628E-1	+1.96683E-2	+7.90943E-2
+1.38609E+1	+6.61338E-1	+4.52268E-2	+7.96345E-2
+1.38756E+1	+6.71843E-1	+5.98752E-2	+8.00786E-2
+1.38904E+1	+6.82285E-1	+3.02731E-2	+8.05320E-2
+1.39051E+1	+6.92520E-1	+1.21152E-2	+8.10024E-2
+1.39198E+1	+7.02618E-1	+3.25620E-2	+8.14348E-2
+1.39346E+1	+7.12644E-1	+2.54666E-2	+8.18189E-2
+1.39493E+1	+7.22460E-1	+1.83713E-2	+8.22343E-2
+1.39641E+1	+7.32197E-1	+3.08835E-2	+8.26051E-2
+1.39788E+1	+7.41723E-1	+2.19571E-2	+8.29536E-2
+1.39936E+1	+7.51165E-1	+2.76792E-2	+8.33067E-2
+1.40083E+1	+7.60394E-1	+1.83713E-2	+8.36269E-2
+1.40231E+1	+7.69532E-1	+2.63059E-2	+8.39560E-2
+1.40378E+1	+7.78456E-1	+1.95157E-2	+8.42491E-2
+1.40526E+1	+7.87284E-1	+2.16519E-2	+8.45459E-2
+1.40673E+1	+7.95895E-1	+1.46329E-2	+8.48126E-2
+1.40820E+1	+8.04348E-1	+1.78372E-2	+8.50670E-2
+1.40968E+1	+8.12698E-1	+1.12760E-2	+8.53230E-2
+1.41115E+1	+8.20829E-1	+1.27255E-2	+8.55604E-2
+1.41263E+1	+8.28850E-1	+1.54721E-2	+8.57867E-2
+1.41410E+1	+8.36653E-1	+1.47092E-2	+8.60175E-2
+1.41558E+1	+8.44340E-1	+9.97896E-3	+8.62269E-2
+1.41705E+1	+8.51808E-1	+7.84273E-3	+8.64289E-2
+1.41853E+1	+8.59155E-1	+1.24204E-2	+8.66223E-2
+1.42000E+1	+8.66281E-1	+1.38700E-2	+8.68150E-2
+1.42148E+1	+8.73282E-1	+1.02841E-2	+8.69944E-2
+1.42295E+1	+8.80061E-1	+6.77461E-3	+8.71669E-2
+1.42442E+1	+8.86666E-1	+1.33359E-2	+8.73231E-2
+1.42590E+1	+8.93138E-1	+5.85909E-3	+8.74807E-2
+1.42737E+1	+8.99388E-1	+1.18100E-2	+8.76267E-2
+1.42885E+1	+9.05500E-1	+9.06343E-3	+8.77715E-2
+1.43032E+1	+9.11391E-1	+6.46944E-3	+8.79042E-2
+1.43180E+1	+9.17138E-1	+4.48580E-3	+8.80394E-2
+1.43327E+1	+9.22664E-1	+1.02078E-2	+8.81577E-2
+1.43475E+1	+9.28043E-1	+1.16574E-2	+8.82817E-2
+1.43622E+1	+9.33200E-1	+6.85091E-3	+8.83904E-2
+1.43770E+1	+9.38205E-1	+1.02841E-2	+8.84938E-2
+1.43917E+1	+9.42989E-1	+1.66292E-3	+8.85957E-2
+1.44065E+1	+9.47616E-1	+8.07161E-3	+8.86920E-2
+1.44212E+1	+9.52024E-1	+9.44490E-3	+8.87847E-2
+1.44359E+1	+9.56242E-1	+8.60567E-3	+8.88718E-2
+1.44507E+1	+9.60297E-1	+6.85091E-3	+8.89427E-2
+1.44654E+1	+9.64133E-1	+1.51033E-3	+8.90251E-2
+1.44802E+1	+9.67802E-1	+4.42216E-4	+8.90912E-2
+1.44949E+1	+9.71253E-1	+8.98714E-3	+8.91660E-2
+1.45097E+1	+9.74533E-1	+2.04439E-3	+8.92272E-2
+1.45244E+1	+9.77597E-1	+2.13334E-4	+8.92852E-2
+1.45392E+1	+9.80485E-1	+6.92720E-3	+8.93365E-2
+1.45539E+1	+9.83158E-1	+4.56209E-3	+8.93759E-2
+1.45687E+1	+9.85652E-1	+1.16574E-2	+8.94332E-2
+1.45834E+1	+9.87933E-1	+2.19698E-3	+8.94818E-2
+1.45981E+1	+9.90018E-1	+6.77461E-3	+8.95005E-2
+1.46129E+1	+9.91918E-1	-1.00737E-3	+8.95234E-2
+1.46276E+1	+9.93608E-1	+2.34956E-3	+8.95481E-2
+1.46424E+1	+9.95109E-1	+1.89180E-3	+8.95717E-2
+1.46571E+1	+9.96403E-1	-2.68584E-3	+8.95971E-2
+1.46719E+1	+9.97505E-1	+4.63838E-3	+8.96136E-2
+1.46866E+1	+9.98401E-1	+1.13523E-2	+8.96270E-2
+1.47014E+1	+9.99102E-1	+2.95992E-3	+8.96259E-2
+1.47161E+1	+9.99600E-1	+6.07463E-5	+8.96303E-2
+1.47309E+1	+9.99901E-1	-3.60136E-3	+8.96391E-2
