+0.00000E+0	+0.00000E+0	-6.43374E-3	-3.21687E-7
+1.47000E-2	+1.40930E-2	+1.63473E-1	+2.75729E-3
+2.95000E-2	+2.82790E-2	+3.08355E-1	+6.57935E-3
+4.42000E-2	+4.23635E-2	+4.16692E-1	+1.09957E-2
+5.90000E-2	+5.65354E-2	+3.22088E-1	+1.58332E-2
+7.37000E-2	+7.06002E-2	+2.70513E-1	+2.09989E-2
+8.85000E-2	+8.47465E-2	+3.27734E-1	+2.55537E-2
+1.03200E-1	+9.87804E-2	+3.05608E-1	+2.98820E-2
+1.18000E-1	+1.12890E-1	+2.59222E-1	+3.37786E-2
+1.32700E-1	+1.26882E-1	+2.26339E-1	+3.74771E-2
+1.47500E-1	+1.40943E-1	+2.19091E-1	+4.09957E-2
+1.62200E-1	+1.54881E-1	+1.96813E-1	+4.42298E-2
+1.76900E-1	+1.68789E-1	+1.86590E-1	+4.71073E-2
+1.91700E-1	+1.82757E-1	+1.63091E-1	+4.97144E-2
+2.06400E-1	+1.96595E-1	+1.65075E-1	+5.21663E-2
+2.21200E-1	+2.10487E-1	+1.72094E-1	+5.44368E-2
+2.35900E-1	+2.24243E-1	+1.54394E-1	+5.66626E-2
+2.50700E-1	+2.38048E-1	+1.27386E-1	+5.87041E-2
+2.65400E-1	+2.51712E-1	+9.00781E-2	+6.05613E-2
+2.80200E-1	+2.65419E-1	+9.61053E-2	+6.22325E-2
+2.94900E-1	+2.78980E-1	+1.11364E-1	+6.38150E-2
+3.09700E-1	+2.92577E-1	+1.24639E-1	+6.53781E-2
+3.24400E-1	+3.06025E-1	+1.02514E-1	+6.67825E-2
+3.39100E-1	+3.19411E-1	+7.68030E-2	+6.80570E-2
+3.53900E-1	+3.32825E-1	+8.58819E-2	+6.92691E-2
+3.68600E-1	+3.46081E-1	+7.04706E-2	+7.04784E-2
+3.83400E-1	+3.59358E-1	+5.97894E-2	+7.15683E-2
+3.98100E-1	+3.72474E-1	+6.94024E-2	+7.26340E-2
+4.12900E-1	+3.85605E-1	+6.26123E-2	+7.36474E-2
+4.27600E-1	+3.98569E-1	+6.35278E-2	+7.45677E-2
+4.42400E-1	+4.11542E-1	+6.55877E-2	+7.54508E-2
+4.57100E-1	+4.24346E-1	+6.25360E-2	+7.62598E-2
+4.71900E-1	+4.37151E-1	+5.27704E-2	+7.70434E-2
+4.86600E-1	+4.49783E-1	+5.35333E-2	+7.77678E-2
+5.01400E-1	+4.62410E-1	+3.58331E-2	+7.84400E-2
+5.16100E-1	+4.74860E-1	+3.04162E-2	+7.90966E-2
+5.30800E-1	+4.87215E-1	+3.03399E-2	+7.97085E-2
+5.45600E-1	+4.99557E-1	+2.99585E-2	+8.02775E-2
+5.60300E-1	+5.11716E-1	+2.74408E-2	+8.08204E-2
+5.75100E-1	+5.23855E-1	+2.35498E-2	+8.13433E-2
+5.89800E-1	+5.35807E-1	+1.98114E-2	+8.18476E-2
+6.04600E-1	+5.47734E-1	+1.11139E-2	+8.23381E-2
+6.19300E-1	+5.59470E-1	+1.33264E-2	+8.28094E-2
+6.34100E-1	+5.71174E-1	+1.24109E-2	+8.32674E-2
+6.48800E-1	+5.82685E-1	+1.90484E-2	+8.37037E-2
+6.63600E-1	+5.94158E-1	+1.85907E-2	+8.41101E-2
+6.78300E-1	+6.05435E-1	+2.57623E-2	+8.44941E-2
+6.93000E-1	+6.16591E-1	+3.45361E-2	+8.48523E-2
+7.07800E-1	+6.27700E-1	+2.82037E-2	+8.51960E-2
+7.22500E-1	+6.38608E-1	+1.25635E-2	+8.55394E-2
+7.37300E-1	+6.49463E-1	+1.43182E-2	+8.58714E-2
+7.52000E-1	+6.60114E-1	+2.77460E-2	+8.61910E-2
+7.66800E-1	+6.70706E-1	+2.83563E-2	+8.64791E-2
+7.81500E-1	+6.81093E-1	+1.84381E-2	+8.67659E-2
+7.96300E-1	+6.91413E-1	+1.55389E-2	+8.70429E-2
+8.11000E-1	+7.01526E-1	+2.01166E-2	+8.72976E-2
+8.25800E-1	+7.11567E-1	+5.69700E-3	+8.75407E-2
+8.40500E-1	+7.21398E-1	+1.92010E-2	+8.77890E-2
+8.55200E-1	+7.31086E-1	+1.32501E-2	+8.80111E-2
+8.70000E-1	+7.40694E-1	+1.85144E-2	+8.82318E-2
+8.84700E-1	+7.50088E-1	+1.93536E-2	+8.84485E-2
+8.99500E-1	+7.59396E-1	+1.06561E-2	+8.86506E-2
+9.14200E-1	+7.68490E-1	+1.85907E-2	+8.88447E-2
+9.29000E-1	+7.77492E-1	+1.54626E-2	+8.90357E-2
+9.43700E-1	+7.86278E-1	+1.14953E-2	+8.92135E-2
+9.58500E-1	+7.94965E-1	+5.84959E-3	+8.93853E-2
+9.73200E-1	+8.03436E-1	+7.90952E-3	+8.95457E-2
+9.88000E-1	+8.11803E-1	+1.10376E-2	+8.97081E-2
+1.00270E+0	+8.19952E-1	+9.28282E-3	+8.98571E-2
+1.01740E+0	+8.27938E-1	+7.29917E-3	+8.99985E-2
+1.03220E+0	+8.35812E-1	+9.58799E-3	+9.01476E-2
+1.04690E+0	+8.43466E-1	+7.90952E-3	+9.02784E-2
+1.06170E+0	+8.51003E-1	+7.68064E-3	+9.04095E-2
+1.07640E+0	+8.58320E-1	+1.14190E-2	+9.05290E-2
+1.09120E+0	+8.65514E-1	+9.28282E-3	+9.06537E-2
+1.10590E+0	+8.72487E-1	+7.22288E-3	+9.07681E-2
+1.12070E+0	+8.79332E-1	+5.62071E-3	+9.08790E-2
+1.13540E+0	+8.85956E-1	+9.43540E-3	+9.09838E-2
+1.15020E+0	+8.92447E-1	+7.29917E-3	+9.10853E-2
+1.16490E+0	+8.98717E-1	+7.37547E-3	+9.11790E-2
+1.17960E+0	+9.04807E-1	+3.02671E-3	+9.12733E-2
+1.19440E+0	+9.10758E-1	+4.24741E-3	+9.13593E-2
+1.20910E+0	+9.16487E-1	+5.92588E-3	+9.14491E-2
+1.22390E+0	+9.22072E-1	+2.79783E-3	+9.15237E-2
+1.23860E+0	+9.27434E-1	+5.77329E-3	+9.16007E-2
+1.25340E+0	+9.32647E-1	-4.06516E-4	+9.16723E-2
+1.26810E+0	+9.37639E-1	+1.05035E-2	+9.17380E-2
+1.28290E+0	+9.42477E-1	+6.53623E-3	+9.18120E-2
+1.29760E+0	+9.47094E-1	+5.31553E-3	+9.18739E-2
+1.31240E+0	+9.51553E-1	+9.43540E-3	+9.19331E-2
+1.32710E+0	+9.55792E-1	+7.75694E-3	+9.19795E-2
+1.34180E+0	+9.59841E-1	+4.01853E-3	+9.20329E-2
+1.35660E+0	+9.63725E-1	+6.23106E-3	+9.20864E-2
+1.37130E+0	+9.67391E-1	+2.34007E-3	+9.21250E-2
+1.38610E+0	+9.70887E-1	-5.59104E-4	+9.21683E-2
+1.40080E+0	+9.74166E-1	+9.35911E-3	+9.22063E-2
+1.41560E+0	+9.77273E-1	+9.28282E-3	+9.22480E-2
+1.43030E+0	+9.80163E-1	+6.38365E-3	+9.22728E-2
+1.44510E+0	+9.82877E-1	-9.94326E-3	+9.23137E-2
+1.45980E+0	+9.85376E-1	+1.15716E-2	+9.23384E-2
+1.47460E+0	+9.87694E-1	+4.70518E-3	+9.23559E-2
+1.48930E+0	+9.89800E-1	+2.56895E-3	+9.23759E-2
+1.50410E+0	+9.91722E-1	-1.16946E-3	+9.23946E-2
+1.51880E+0	+9.93433E-1	-2.16128E-3	+9.24060E-2
+1.53350E+0	+9.94947E-1	-1.09316E-3	+9.24182E-2
+1.54830E+0	+9.96271E-1	-5.74709E-3	+9.24360E-2
+1.56300E+0	+9.97388E-1	+2.18748E-3	+9.24345E-2
+1.57780E+0	+9.98313E-1	-1.77634E-4	+9.24308E-2
+1.59250E+0	+9.99032E-1	-3.07680E-3	+9.24373E-2
+1.60730E+0	+9.99556E-1	+1.95860E-3	+9.24374E-2
+1.62200E+0	+9.99876E-1	-4.06863E-3	+9.24413E-2
+1.63680E+0	+9.99999E-1	+1.88230E-3	+9.24306E-2
+1.65150E+0	+9.99921E-1	-9.40573E-4	+9.24192E-2
+1.66630E+0	+9.99642E-1	-4.60268E-3	+9.24067E-2
+1.68100E+0	+9.99166E-1	+1.11936E-3	+9.23964E-2
+1.69570E+0	+9.98491E-1	-1.47463E-3	+9.23839E-2
+1.71050E+0	+9.97612E-1	+6.68882E-3	+9.23667E-2
+1.72520E+0	+9.96539E-1	+1.04307E-3	+9.23438E-2
+1.74000E+0	+9.95260E-1	-5.36562E-3	+9.23371E-2
+1.75470E+0	+9.93790E-1	+8.21470E-3	+9.23140E-2
+1.76950E+0	+9.92111E-1	-4.98415E-3	+9.22910E-2
+1.78420E+0	+9.90246E-1	+2.49265E-3	+9.22782E-2
+1.79900E+0	+9.88170E-1	-1.55092E-3	+9.22487E-2
+1.81370E+0	+9.85910E-1	-5.82339E-3	+9.22259E-2
+1.82850E+0	+9.83437E-1	+5.23924E-3	+9.22024E-2
+1.84320E+0	+9.80785E-1	-2.92422E-3	+9.21877E-2
+1.85790E+0	+9.77938E-1	+1.26397E-2	+9.21412E-2
+1.87270E+0	+9.74876E-1	-9.79067E-3	+9.21131E-2
+1.88740E+0	+9.71640E-1	+7.37893E-4	+9.20965E-2
+1.90220E+0	+9.68187E-1	-3.99233E-3	+9.20590E-2
+1.91690E+0	+9.64565E-1	-3.38198E-3	+9.20270E-2
+1.93170E+0	+9.60724E-1	-1.32204E-3	+9.19920E-2
+1.94640E+0	+9.56717E-1	-6.20486E-3	+9.19503E-2
+1.96120E+0	+9.52492E-1	-1.55092E-3	+9.19124E-2
+1.97590E+0	+9.48105E-1	-1.09316E-3	+9.18707E-2
+1.99070E+0	+9.43498E-1	-4.52639E-3	+9.18259E-2
+2.00540E+0	+9.38734E-1	-2.77163E-3	+9.17808E-2
+2.02010E+0	+9.33784E-1	-7.27297E-3	+9.17311E-2
+2.03490E+0	+9.28613E-1	+8.90481E-4	+9.16842E-2
+2.04960E+0	+9.23291E-1	-9.71438E-3	+9.16340E-2
+2.06440E+0	+9.17749E-1	+2.03489E-3	+9.15746E-2
+2.07910E+0	+9.12060E-1	-3.30569E-3	+9.15176E-2
+2.09390E+0	+9.06150E-1	-6.35744E-3	+9.14591E-2
+2.10860E+0	+9.00099E-1	-4.29751E-3	+9.13951E-2
+2.12340E+0	+8.93827E-1	-3.99233E-3	+9.13326E-2
+2.13810E+0	+8.87419E-1	-2.31386E-3	+9.12654E-2
+2.15290E+0	+8.80789E-1	+1.27542E-4	+9.11991E-2
+2.16760E+0	+8.74028E-1	-6.12856E-3	+9.11270E-2
+2.18230E+0	+8.67094E-1	-5.36562E-3	+9.10494E-2
+2.19710E+0	+8.59939E-1	-3.83974E-3	+9.09707E-2
+2.21180E+0	+8.52660E-1	-6.43374E-3	+9.08859E-2
+2.22660E+0	+8.45161E-1	-5.44192E-3	+9.08011E-2
+2.24130E+0	+8.37544E-1	-6.20486E-3	+9.07140E-2
+2.25610E+0	+8.29708E-1	-1.16946E-3	+9.06232E-2
+2.27080E+0	+8.21759E-1	-6.66262E-3	+9.05215E-2
+2.28560E+0	+8.13591E-1	-5.06045E-3	+9.04260E-2
+2.30030E+0	+8.05316E-1	-2.84792E-3	+9.03199E-2
+2.31510E+0	+7.96823E-1	-7.04409E-3	+9.02067E-2
+2.32980E+0	+7.88228E-1	-1.34528E-2	+9.00970E-2
+2.34460E+0	+7.79418E-1	-1.13928E-2	+8.99795E-2
+2.35930E+0	+7.70511E-1	-7.73073E-3	+8.98614E-2
+2.37400E+0	+7.61451E-1	-4.60268E-3	+8.97298E-2
+2.38880E+0	+7.52177E-1	-7.50185E-3	+8.95942E-2
+2.40350E+0	+7.42815E-1	-9.33291E-3	+8.94533E-2
+2.41830E+0	+7.33241E-1	-6.12856E-3	+8.93176E-2
+2.43300E+0	+7.23586E-1	-9.18032E-3	+8.91570E-2
+2.44780E+0	+7.13719E-1	-1.16980E-2	+8.89979E-2
+2.46250E+0	+7.03777E-1	-7.19668E-3	+8.88397E-2
+2.47730E+0	+6.93626E-1	-9.25661E-3	+8.86646E-2
+2.49200E+0	+6.83406E-1	-1.76489E-2	+8.84917E-2
+2.50680E+0	+6.72978E-1	-1.11640E-2	+8.83014E-2
+2.52150E+0	+6.62488E-1	-1.15454E-2	+8.81064E-2
+2.53620E+0	+6.51865E-1	-1.35291E-2	+8.78980E-2
+2.55100E+0	+6.41040E-1	-1.81830E-2	+8.76988E-2
+2.56570E+0	+6.30159E-1	-9.10403E-3	+8.74763E-2
+2.58050E+0	+6.19079E-1	-1.35291E-2	+8.72416E-2
+2.59520E+0	+6.07950E-1	-1.96326E-2	+8.70003E-2
+2.61000E+0	+5.96623E-1	-2.10822E-2	+8.67545E-2
+2.62470E+0	+5.85254E-1	-2.10822E-2	+8.65031E-2
+2.63950E+0	+5.73690E-1	-2.53546E-2	+8.62222E-2
+2.65420E+0	+5.62090E-1	-1.84119E-2	+8.59418E-2
+2.66900E+0	+5.50298E-1	-1.81067E-2	+8.56410E-2
+2.68370E+0	+5.38476E-1	-1.71912E-2	+8.53263E-2
+2.69840E+0	+5.26547E-1	-1.33002E-2	+8.49874E-2
+2.71320E+0	+5.14432E-1	-1.23847E-2	+8.46455E-2
+2.72790E+0	+5.02295E-1	-1.08588E-2	+8.42779E-2
+2.74270E+0	+4.89976E-1	-1.05536E-2	+8.39011E-2
+2.75740E+0	+4.77642E-1	-9.94326E-3	+8.34952E-2
+2.77220E+0	+4.65128E-1	-8.41738E-3	+8.30708E-2
+2.78690E+0	+4.52606E-1	-6.66262E-3	+8.26221E-2
+2.80170E+0	+4.39908E-1	-1.07062E-2	+8.21694E-2
+2.81640E+0	+4.27208E-1	-1.56653E-2	+8.16750E-2
+2.83120E+0	+4.14336E-1	-2.07007E-2	+8.11662E-2
+2.84590E+0	+4.01469E-1	-3.06952E-2	+8.06210E-2
+2.86060E+0	+3.88522E-1	-4.62592E-2	+8.00463E-2
+2.87540E+0	+3.75408E-1	-5.26679E-2	+7.94153E-2
+2.89010E+0	+3.62309E-1	-5.80084E-2	+7.87468E-2
+2.90490E+0	+3.49048E-1	-4.88532E-2	+7.80430E-2
+2.91960E+0	+3.35806E-1	-4.80902E-2	+7.72958E-2
+2.93440E+0	+3.22408E-1	-4.79376E-2	+7.65115E-2
+2.94910E+0	+3.09035E-1	-5.15235E-2	+7.56655E-2
+2.96390E+0	+2.95510E-1	-6.86133E-2	+7.47648E-2
+2.97860E+0	+2.82017E-1	-6.97577E-2	+7.37869E-2
+2.99340E+0	+2.68376E-1	-7.49457E-2	+7.27333E-2
+3.00810E+0	+2.54773E-1	-8.35669E-2	+7.16039E-2
+3.02280E+0	+2.41120E-1	-1.01877E-1	+7.03844E-2
+3.03760E+0	+2.27325E-1	-9.82916E-2	+6.90326E-2
+3.05230E+0	+2.13579E-1	-9.57739E-2	+6.76117E-2
+3.06710E+0	+1.99696E-1	-9.40192E-2	+6.60965E-2
+3.08180E+0	+1.85867E-1	-1.11338E-1	+6.44249E-2
+3.09660E+0	+1.71906E-1	-1.07600E-1	+6.26258E-2
+3.11130E+0	+1.58006E-1	-1.23774E-1	+6.06687E-2
+3.12610E+0	+1.43980E-1	-1.61005E-1	+5.85431E-2
+3.14080E+0	+1.30019E-1	-1.80537E-1	+5.61817E-2
+3.15560E+0	+1.15938E-1	-2.03730E-1	+5.35647E-2
+3.17030E+0	+1.01928E-1	-2.09986E-1	+5.07545E-2
+3.18500E+0	+8.78986E-2	-2.39893E-1	+4.75882E-2
+3.19980E+0	+7.37558E-2	-2.43937E-1	+4.40503E-2
+3.21450E+0	+5.96939E-2	-2.81092E-1	+4.00178E-2
+3.22930E+0	+4.55243E-2	-3.35947E-1	+3.55038E-2
+3.24400E+0	+3.14414E-2	-3.63642E-1	+3.01984E-2
+3.25880E+0	+1.72564E-2	-4.10334E-1	+2.46214E-2
+3.27350E+0	+3.16383E-3	-3.80884E-1	+1.87595E-2
+3.28830E+0	-1.10253E-2	-4.28950E-1	+1.26770E-2
+3.30300E+0	-2.51163E-2	-3.97135E-1	+6.66813E-3
+3.31780E+0	-3.92981E-2	-3.82258E-1	+5.97870E-4
+3.33250E+0	-5.33763E-2	-3.79359E-1	-4.92711E-3
+3.34730E+0	-6.75396E-2	-3.36176E-1	-1.03432E-2
+3.36200E+0	-8.15937E-2	-3.40372E-1	-1.51849E-2
+3.37670E+0	-9.56316E-2	-2.93299E-1	-1.95840E-2
+3.39150E+0	-1.09746E-1	-2.69572E-1	-2.38879E-2
+3.40620E+0	-1.23743E-1	-2.48133E-1	-2.76652E-2
+3.42100E+0	-1.37810E-1	-2.19370E-1	-3.12460E-2
+3.43570E+0	-1.51755E-1	-2.31501E-1	-3.44950E-2
+3.45050E+0	-1.65764E-1	-2.07239E-1	-3.75010E-2
+3.46520E+0	-1.79646E-1	-1.90302E-1	-4.02932E-2
+3.48000E+0	-1.93586E-1	-1.66575E-1	-4.28443E-2
+3.49470E+0	-2.07393E-1	-1.43687E-1	-4.52772E-2
+3.50950E+0	-2.21252E-1	-1.33616E-1	-4.74761E-2
+3.52420E+0	-2.34974E-1	-1.38804E-1	-4.95569E-2
+3.53890E+0	-2.48649E-1	-1.55665E-1	-5.15127E-2
+3.55370E+0	-2.62367E-1	-1.43610E-1	-5.34004E-2
+3.56840E+0	-2.75940E-1	-1.13474E-1	-5.51450E-2
+3.58320E+0	-2.89551E-1	-7.72345E-2	-5.66907E-2
+3.59790E+0	-3.03011E-1	-8.15070E-2	-5.81574E-2
+3.61270E+0	-3.16502E-1	-9.01282E-2	-5.95486E-2
+3.62740E+0	-3.29839E-1	-9.44007E-2	-6.08967E-2
+3.64220E+0	-3.43201E-1	-8.39484E-2	-6.21362E-2
+3.65690E+0	-3.56404E-1	-8.47113E-2	-6.33225E-2
+3.67170E+0	-3.69625E-1	-8.32617E-2	-6.44360E-2
+3.68640E+0	-3.82683E-1	-6.63245E-2	-6.54715E-2
+3.70110E+0	-3.95666E-1	-6.89948E-2	-6.64507E-2
+3.71590E+0	-4.08657E-1	-5.35071E-2	-6.73842E-2
+3.73060E+0	-4.21479E-1	-5.11420E-2	-6.82686E-2
+3.74540E+0	-4.34303E-1	-4.66406E-2	-6.90819E-2
+3.76010E+0	-4.46955E-1	-3.84772E-2	-6.98649E-2
+3.77490E+0	-4.59602E-1	-5.03028E-2	-7.06185E-2
+3.78960E+0	-4.72073E-1	-4.50385E-2	-7.12989E-2
+3.80440E+0	-4.84534E-1	-4.29022E-2	-7.19779E-2
+3.81910E+0	-4.96814E-1	-4.94635E-2	-7.26012E-2
+3.83390E+0	-5.09078E-1	-4.61829E-2	-7.32101E-2
+3.84860E+0	-5.21157E-1	-4.30548E-2	-7.37811E-2
+3.86330E+0	-5.33133E-1	-3.73328E-2	-7.43218E-2
+3.87810E+0	-5.45084E-1	-4.26734E-2	-7.48441E-2
+3.89280E+0	-5.56845E-1	-3.59595E-2	-7.53314E-2
+3.90760E+0	-5.68574E-1	-3.16870E-2	-7.58027E-2
+3.92230E+0	-5.80111E-1	-2.00141E-2	-7.62503E-2
+3.93710E+0	-5.91610E-1	-1.37580E-2	-7.66873E-2
+3.95180E+0	-6.02914E-1	-1.04773E-2	-7.71138E-2
+3.96660E+0	-6.14173E-1	-1.44446E-2	-7.75272E-2
+3.98130E+0	-6.25234E-1	-2.27606E-2	-7.79030E-2
+3.99610E+0	-6.36244E-1	-3.29840E-2	-7.82504E-2
+4.01080E+0	-6.47054E-1	-2.93219E-2	-7.85912E-2
+4.02550E+0	-6.57734E-1	-1.75727E-2	-7.89205E-2
+4.04030E+0	-6.68356E-1	-1.71149E-2	-7.92515E-2
+4.05500E+0	-6.78773E-1	-1.97852E-2	-7.95511E-2
+4.06980E+0	-6.89124E-1	-1.92511E-2	-7.98366E-2
+4.08450E+0	-6.99268E-1	-1.73438E-2	-8.01313E-2
+4.09930E+0	-7.09340E-1	-2.46680E-2	-8.04016E-2
+4.11400E+0	-7.19204E-1	-1.58942E-2	-8.06590E-2
+4.12880E+0	-7.28990E-1	-1.23847E-2	-8.09125E-2
+4.14350E+0	-7.38564E-1	-2.47443E-2	-8.11566E-2
+4.15830E+0	-7.48056E-1	-1.25373E-2	-8.13943E-2
+4.17300E+0	-7.57334E-1	-1.71149E-2	-8.16106E-2
+4.18780E+0	-7.66524E-1	-1.54364E-2	-8.18352E-2
+4.20250E+0	-7.75498E-1	-1.48261E-2	-8.20413E-2
+4.21720E+0	-7.84319E-1	-1.37580E-2	-8.22394E-2
+4.23200E+0	-7.93042E-1	-1.60468E-2	-8.24313E-2
+4.24670E+0	-8.01548E-1	-1.09351E-2	-8.26233E-2
+4.26150E+0	-8.09951E-1	-7.50185E-3	-8.28080E-2
+4.27620E+0	-8.18136E-1	-1.33765E-2	-8.29825E-2
+4.29100E+0	-8.26213E-1	-1.60468E-2	-8.31495E-2
+4.30570E+0	-8.34070E-1	-5.36562E-3	-8.33117E-2
+4.32050E+0	-8.41814E-1	-1.23084E-2	-8.34709E-2
+4.33520E+0	-8.49337E-1	-7.12038E-3	-8.36219E-2
+4.35000E+0	-8.56741E-1	-1.22321E-2	-8.37764E-2
+4.36470E+0	-8.63925E-1	-7.65444E-3	-8.39107E-2
+4.37940E+0	-8.70936E-1	-6.58633E-3	-8.40406E-2
+4.39420E+0	-8.77821E-1	-9.63808E-3	-8.41677E-2
+4.40890E+0	-8.84484E-1	-8.56997E-3	-8.42982E-2
+4.42370E+0	-8.91015E-1	-6.12856E-3	-8.44198E-2
+4.43840E+0	-8.97325E-1	-8.79885E-3	-8.45369E-2
+4.45320E+0	-9.03497E-1	-6.35744E-3	-8.46460E-2
+4.46790E+0	-9.09447E-1	-6.58633E-3	-8.47594E-2
+4.48270E+0	-9.15256E-1	-1.85610E-3	-8.48595E-2
+4.49740E+0	-9.20842E-1	-8.41738E-3	-8.49643E-2
+4.51220E+0	-9.26283E-1	-1.07062E-2	-8.50532E-2
+4.52690E+0	-9.31501E-1	-2.16128E-3	-8.51526E-2
+4.54160E+0	-9.36535E-1	-1.62722E-3	-8.52398E-2
+4.55640E+0	-9.41415E-1	-9.02773E-3	-8.53221E-2
+4.57110E+0	-9.46074E-1	-1.14691E-2	-8.54044E-2
+4.58590E+0	-9.50575E-1	-1.34528E-2	-8.54786E-2
+4.60060E+0	-9.54857E-1	-3.38198E-3	-8.55556E-2
+4.61540E+0	-9.58976E-1	-4.29751E-3	-8.56262E-2
+4.63010E+0	-9.62876E-1	-7.65444E-3	-8.56974E-2
+4.64490E+0	-9.66609E-1	-7.27297E-3	-8.57617E-2
+4.65960E+0	-9.70124E-1	-1.09316E-3	-8.58199E-2
+4.67440E+0	-9.73469E-1	-8.11220E-3	-8.58784E-2
+4.68910E+0	-9.76597E-1	-8.95144E-3	-8.59317E-2
+4.70380E+0	-9.79531E-1	-1.42157E-2	-8.59868E-2
+4.71860E+0	-9.82289E-1	+3.63706E-3	-8.60317E-2
+4.73330E+0	-9.84832E-1	-1.29950E-2	-8.60981E-2
+4.74810E+0	-9.87195E-1	+4.70518E-3	-8.61284E-2
+4.76280E+0	-9.89345E-1	-1.08588E-2	-8.61680E-2
+4.77760E+0	-9.91311E-1	-2.61904E-3	-8.62002E-2
+4.79230E+0	-9.93066E-1	-1.02484E-2	-8.62321E-2
+4.80710E+0	-9.94634E-1	-9.71438E-3	-8.62696E-2
+4.82180E+0	-9.95993E-1	+4.32718E-4	-8.62928E-2
+4.83660E+0	-9.97162E-1	-4.75527E-3	-8.63291E-2
+4.85130E+0	-9.98124E-1	-3.15310E-3	-8.63451E-2
+4.86600E+0	-9.98888E-1	+1.65342E-3	-8.63634E-2
+4.88080E+0	-9.99456E-1	-1.09316E-3	-8.63884E-2
+4.89550E+0	-9.99822E-1	-1.77981E-3	-8.63964E-2
+4.91030E+0	-9.99989E-1	-7.11691E-4	-8.64123E-2
+4.92500E+0	-9.99956E-1	+1.27542E-4	-8.64213E-2
+4.93980E+0	-9.99722E-1	+3.63706E-3	-8.64282E-2
+4.95450E+0	-9.99290E-1	-2.69533E-3	-8.64404E-2
+4.96930E+0	-9.98655E-1	+2.26377E-3	-8.64431E-2
+4.98400E+0	-9.97825E-1	-2.00869E-3	-8.64540E-2
+4.99880E+0	-9.96790E-1	-4.29751E-3	-8.64532E-2
+5.01350E+0	-9.95562E-1	+6.84141E-3	-8.64557E-2
+5.02820E+0	-9.94137E-1	-1.20032E-2	-8.64628E-2
+5.04300E+0	-9.92503E-1	-4.75527E-3	-8.64579E-2
+5.05770E+0	-9.90682E-1	+2.18748E-3	-8.64593E-2
+5.07250E+0	-9.88650E-1	-2.69533E-3	-8.64594E-2
+5.08720E+0	-9.86434E-1	-6.89150E-3	-8.64515E-2
+5.10200E+0	-9.84006E-1	-3.00051E-3	-8.64530E-2
+5.11670E+0	-9.81398E-1	+1.52337E-2	-8.64410E-2
+5.13150E+0	-9.78575E-1	-1.90985E-2	-8.64394E-2
+5.14620E+0	-9.75576E-1	-4.29751E-3	-8.64057E-2
+5.16100E+0	-9.72361E-1	-7.87985E-4	-8.64162E-2
+5.17570E+0	-9.68974E-1	+9.66775E-4	-8.64035E-2
+5.19050E+0	-9.65369E-1	+1.34825E-3	-8.63900E-2
+5.20520E+0	-9.61597E-1	-3.99233E-3	-8.63712E-2
+5.21990E+0	-9.57633E-1	+5.16294E-3	-8.63566E-2
+5.23470E+0	-9.53451E-1	+4.40000E-3	-8.63363E-2
+5.24940E+0	-9.49106E-1	+4.32718E-4	-8.63158E-2
+5.26420E+0	-9.44542E-1	+3.94224E-3	-8.62928E-2
+5.27890E+0	-9.39820E-1	+2.56895E-3	-8.62675E-2
+5.29370E+0	-9.34878E-1	+5.84959E-3	-8.62405E-2
+5.30840E+0	-9.29782E-1	+2.41636E-3	-8.62065E-2
+5.32320E+0	-9.24465E-1	-1.16946E-3	-8.61808E-2
+5.33790E+0	-9.19000E-1	+5.31553E-3	-8.61422E-2
+5.35270E+0	-9.13314E-1	+3.78965E-3	-8.61101E-2
+5.36740E+0	-9.07484E-1	-4.82810E-4	-8.60728E-2
+5.38210E+0	-9.01473E-1	+2.64524E-3	-8.60309E-2
+5.39690E+0	-8.95241E-1	+2.11118E-3	-8.59874E-2
+5.41160E+0	-8.88873E-1	+6.84141E-3	-8.59397E-2
+5.42640E+0	-8.82283E-1	+7.37893E-4	-8.58885E-2
+5.44110E+0	-8.75561E-1	-4.29751E-3	-8.58406E-2
+5.45590E+0	-8.68618E-1	+5.92588E-3	-8.57882E-2
+5.47060E+0	-8.61549E-1	+4.17112E-3	-8.57286E-2
+5.48540E+0	-8.54259E-1	+6.91770E-3	-8.56649E-2
+5.50010E+0	-8.46848E-1	+6.45994E-3	-8.56006E-2
+5.51490E+0	-8.39217E-1	+5.16294E-3	-8.55332E-2
+5.52960E+0	-8.31470E-1	+7.07029E-3	-8.54620E-2
+5.54430E+0	-8.23557E-1	+2.80130E-4	-8.53870E-2
+5.55910E+0	-8.15426E-1	+4.17112E-3	-8.53079E-2
+5.57380E+0	-8.07187E-1	+8.97764E-3	-8.52277E-2
+5.58860E+0	-7.98730E-1	+4.62888E-3	-8.51380E-2
+5.60330E+0	-7.90171E-1	+1.80601E-3	-8.50437E-2
+5.61810E+0	-7.81396E-1	+6.23106E-3	-8.49417E-2
+5.63280E+0	-7.72524E-1	+9.35911E-3	-8.48414E-2
+5.64760E+0	-7.63436E-1	+1.29449E-2	-8.47393E-2
+5.66230E+0	-7.54258E-1	+1.16479E-2	-8.46315E-2
+5.67710E+0	-7.44866E-1	+1.12665E-2	-8.45127E-2
+5.69180E+0	-7.35389E-1	+9.35911E-3	-8.43905E-2
+5.70650E+0	-7.25766E-1	+9.66429E-3	-8.42628E-2
+5.72130E+0	-7.15932E-1	+1.09613E-2	-8.41322E-2
+5.73600E+0	-7.06021E-1	+5.01035E-3	-8.39856E-2
+5.75080E+0	-6.95902E-1	+1.63782E-2	-8.38389E-2
+5.76550E+0	-6.85712E-1	+1.11139E-2	-8.36873E-2
+5.78030E+0	-6.75315E-1	+1.00458E-2	-8.35238E-2
+5.79500E+0	-6.64854E-1	+1.03509E-2	-8.33511E-2
+5.80980E+0	-6.54189E-1	+1.32501E-2	-8.31769E-2
+5.82450E+0	-6.43465E-1	+8.59617E-3	-8.29934E-2
+5.83930E+0	-6.32539E-1	+1.18768E-2	-8.27778E-2
+5.85400E+0	-6.21560E-1	+1.71411E-2	-8.25829E-2
+5.86870E+0	-6.10459E-1	+1.65307E-2	-8.23642E-2
+5.88350E+0	-5.99159E-1	+1.63019E-2	-8.21448E-2
+5.89820E+0	-5.87816E-1	+1.58441E-2	-8.19024E-2
+5.91300E+0	-5.76278E-1	+1.35553E-2	-8.16590E-2
+5.92770E+0	-5.64704E-1	+1.62256E-2	-8.13967E-2
+5.94250E+0	-5.52937E-1	+1.40130E-2	-8.11204E-2
+5.95720E+0	-5.41139E-1	+1.76751E-2	-8.08279E-2
+5.97200E+0	-5.29153E-1	+1.75226E-2	-8.05176E-2
+5.98670E+0	-5.17142E-1	+1.86670E-2	-8.01994E-2
+6.00150E+0	-5.04946E-1	+2.08795E-2	-7.98587E-2
+6.01620E+0	-4.92731E-1	+2.75171E-2	-7.95035E-2
+6.03100E+0	-4.80335E-1	+2.61438E-2	-7.91278E-2
+6.04570E+0	-4.67926E-1	+3.19421E-2	-7.87381E-2
+6.06040E+0	-4.55425E-1	+3.62909E-2	-7.83217E-2
+6.07520E+0	-4.42747E-1	+3.40021E-2	-7.78778E-2
+6.08990E+0	-4.30067E-1	+3.11029E-2	-7.74150E-2
+6.10470E+0	-4.17214E-1	+3.29339E-2	-7.69283E-2
+6.11940E+0	-4.04365E-1	+3.13318E-2	-7.64150E-2
+6.13420E+0	-3.91347E-1	+3.40021E-2	-7.58653E-2
+6.14890E+0	-3.78339E-1	+3.62909E-2	-7.53034E-2
+6.16370E+0	-3.65167E-1	+4.79638E-2	-7.46680E-2
+6.17840E+0	-3.52011E-1	+5.30755E-2	-7.40213E-2
+6.19320E+0	-3.38695E-1	+4.95660E-2	-7.32881E-2
+6.20790E+0	-3.25401E-1	+4.96423E-2	-7.25500E-2
+6.22260E+0	-3.12043E-1	+4.62854E-2	-7.17527E-2
+6.23740E+0	-2.98531E-1	+5.97894E-2	-7.08810E-2
+6.25210E+0	-2.85051E-1	+6.84106E-2	-6.99667E-2
+6.26690E+0	-2.71422E-1	+7.59637E-2	-6.89544E-2
+6.28160E+0	-2.57831E-1	+8.16858E-2	-6.78804E-2
+6.29640E+0	-2.44096E-1	+8.46612E-2	-6.66835E-2
+6.31110E+0	-2.30405E-1	+9.56476E-2	-6.54239E-2
+6.32590E+0	-2.16575E-1	+1.01370E-1	-6.40199E-2
+6.34060E+0	-2.02795E-1	+9.25195E-2	-6.25302E-2
+6.35540E+0	-1.88880E-1	+8.55005E-2	-6.09315E-2
+6.37010E+0	-1.75022E-1	+1.06100E-1	-5.92186E-2
+6.38480E+0	-1.61129E-1	+1.21588E-1	-5.73554E-2
+6.39960E+0	-1.47110E-1	+1.54699E-1	-5.52653E-2
+6.41430E+0	-1.33156E-1	+1.77664E-1	-5.30354E-2
+6.42910E+0	-1.19080E-1	+1.98339E-1	-5.04525E-2
+6.44380E+0	-1.05075E-1	+2.07494E-1	-4.76711E-2
+6.45860E+0	-9.09542E-2	+2.03375E-1	-4.45613E-2
+6.47330E+0	-7.69106E-2	+2.37402E-1	-4.11766E-2
+6.48810E+0	-6.27561E-2	+2.61205E-1	-3.72981E-2
+6.50280E+0	-4.86846E-2	+3.24224E-1	-3.28270E-2
+6.51760E+0	-3.45077E-2	+3.68932E-1	-2.78307E-2
+6.53230E+0	-2.04197E-2	+4.07079E-1	-2.20797E-2
+6.54700E+0	-6.32763E-3	+4.17913E-1	-1.61100E-2
+6.56180E+0	+7.86157E-3	+3.86327E-1	-9.81591E-3
+6.57650E+0	+2.19533E-2	+4.55221E-1	-3.79460E-3
+6.59130E+0	+3.61366E-2	+3.76867E-1	+2.42834E-3
+6.60600E+0	+5.02167E-2	+4.15930E-1	+8.65401E-3
+6.62080E+0	+6.43826E-2	+3.82971E-1	+1.40648E-2
+6.63550E+0	+7.84400E-2	+3.24911E-1	+1.95217E-2
+6.65030E+0	+9.25772E-2	+3.37805E-1	+2.44441E-2
+6.66500E+0	+1.06600E-1	+2.88595E-1	+2.88870E-2
+6.67980E+0	+1.20698E-1	+2.63723E-1	+3.30727E-2
+6.69450E+0	+1.34676E-1	+2.37249E-1	+3.68894E-2
+6.70920E+0	+1.48627E-1	+2.43582E-1	+4.04503E-2
+6.72400E+0	+1.62643E-1	+2.24890E-1	+4.36532E-2
+6.73870E+0	+1.76532E-1	+1.98644E-1	+4.66845E-2
+6.75350E+0	+1.90481E-1	+1.78350E-1	+4.94808E-2
+6.76820E+0	+2.04297E-1	+1.55004E-1	+5.20102E-2
+6.78300E+0	+2.18166E-1	+1.40356E-1	+5.43743E-2
+6.79770E+0	+2.31898E-1	+1.40432E-1	+5.65493E-2
+6.81250E+0	+2.45676E-1	+1.59124E-1	+5.86699E-2
+6.82720E+0	+2.59313E-1	+1.51495E-1	+6.06201E-2
+6.84200E+0	+2.72990E-1	+1.19146E-1	+6.24755E-2
+6.85670E+0	+2.86521E-1	+9.12225E-2	+6.41422E-2
+6.87140E+0	+2.99995E-1	+7.79474E-2	+6.56550E-2
+6.88620E+0	+3.13500E-1	+9.95386E-2	+6.71041E-2
+6.90090E+0	+3.26851E-1	+1.01598E-1	+6.84981E-2
+6.91570E+0	+3.40228E-1	+9.91571E-2	+6.98464E-2
+6.93040E+0	+3.53446E-1	+7.97784E-2	+7.10573E-2
+6.94520E+0	+3.66684E-1	+7.68793E-2	+7.22100E-2
+6.95990E+0	+3.79759E-1	+7.77948E-2	+7.32877E-2
+6.97470E+0	+3.92846E-1	+6.92499E-2	+7.43252E-2
+6.98940E+0	+4.05767E-1	+6.63507E-2	+7.52488E-2
+7.00420E+0	+4.18695E-1	+5.74243E-2	+7.61628E-2
+7.01890E+0	+4.31451E-1	+4.75824E-2	+7.69867E-2
+7.03370E+0	+4.44208E-1	+4.14789E-2	+7.77967E-2
+7.04840E+0	+4.56790E-1	+4.64380E-2	+7.85247E-2
+7.06310E+0	+4.69282E-1	+3.18658E-2	+7.92383E-2
+7.07790E+0	+4.81764E-1	+3.97241E-2	+7.99148E-2
+7.09260E+0	+4.94066E-1	+3.08740E-2	+8.05478E-2
+7.10740E+0	+5.06352E-1	+2.86615E-2	+8.11461E-2
+7.12210E+0	+5.18454E-1	+2.86615E-2	+8.17140E-2
+7.13690E+0	+5.30535E-1	+2.92718E-2	+8.22607E-2
+7.15160E+0	+5.42429E-1	+2.04217E-2	+8.27742E-2
+7.16640E+0	+5.54294E-1	+1.26397E-2	+8.32669E-2
+7.18110E+0	+5.65969E-1	+7.75694E-3	+8.37420E-2
+7.19590E+0	+5.77610E-1	+8.44358E-3	+8.41981E-2
+7.21060E+0	+5.89057E-1	+6.07847E-3	+8.46365E-2
+7.22530E+0	+6.00386E-1	+1.27923E-2	+8.50369E-2
+7.24010E+0	+6.11673E-1	+3.00348E-2	+8.54260E-2
+7.25480E+0	+6.22761E-1	+3.29339E-2	+8.57719E-2
+7.26960E+0	+6.33800E-1	+2.95770E-2	+8.61149E-2
+7.28430E+0	+6.44638E-1	+1.90484E-2	+8.64435E-2
+7.29910E+0	+6.55420E-1	+1.76751E-2	+8.67763E-2
+7.31380E+0	+6.65999E-1	+2.26343E-2	+8.70916E-2
+7.32860E+0	+6.76516E-1	+2.33972E-2	+8.73789E-2
+7.34330E+0	+6.86828E-1	+1.40130E-2	+8.76662E-2
+7.35810E+0	+6.97071E-1	+1.49286E-2	+8.79370E-2
+7.37280E+0	+7.07107E-1	+1.70648E-2	+8.81823E-2
+7.38750E+0	+7.17002E-1	+1.73700E-2	+8.84290E-2
+7.40230E+0	+7.26820E-1	+1.37079E-2	+8.86756E-2
+7.41700E+0	+7.36428E-1	+1.50812E-2	+8.88942E-2
+7.43180E+0	+7.45952E-1	+1.34027E-2	+8.91254E-2
+7.44650E+0	+7.55264E-1	+1.36316E-2	+8.93247E-2
+7.46130E+0	+7.64488E-1	+1.23346E-2	+8.95272E-2
+7.47600E+0	+7.73497E-1	+1.67596E-2	+8.97222E-2
+7.49080E+0	+7.82412E-1	+9.81687E-3	+8.99178E-2
+7.50550E+0	+7.91111E-1	+1.05798E-2	+9.00823E-2
+7.52030E+0	+7.99710E-1	+1.32501E-2	+9.02562E-2
+7.53500E+0	+8.08092E-1	+1.35553E-2	+9.04141E-2
+7.54970E+0	+8.16313E-1	+1.14190E-2	+9.05625E-2
+7.56450E+0	+8.24427E-1	+7.37547E-3	+9.07216E-2
+7.57920E+0	+8.32321E-1	+1.33264E-2	+9.08637E-2
+7.59400E+0	+8.40102E-1	+6.99400E-3	+9.09948E-2
+7.60870E+0	+8.47663E-1	+1.32501E-2	+9.11323E-2
+7.62350E+0	+8.55105E-1	+9.89317E-3	+9.12587E-2
+7.63820E+0	+8.62327E-1	+1.05035E-2	+9.13803E-2
+7.65300E+0	+8.69425E-1	+5.84959E-3	+9.15014E-2
+7.66770E+0	+8.76301E-1	+1.88230E-3	+9.16084E-2
+7.68250E+0	+8.83049E-1	+9.74058E-3	+9.17149E-2
+7.69720E+0	+8.89574E-1	+1.09613E-2	+9.18170E-2
+7.71190E+0	+8.95924E-1	+7.75694E-3	+9.19138E-2
+7.72670E+0	+9.02136E-1	+5.01035E-3	+9.20099E-2
+7.74140E+0	+9.08127E-1	+4.32371E-3	+9.20995E-2
+7.75620E+0	+9.13976E-1	+7.75694E-3	+9.21831E-2
+7.77090E+0	+9.19604E-1	+9.74058E-3	+9.22619E-2
+7.78570E+0	+9.25086E-1	-2.50460E-5	+9.23372E-2
+7.80040E+0	+9.30346E-1	+2.72154E-3	+9.24202E-2
+7.81520E+0	+9.35455E-1	+5.62071E-3	+9.24846E-2
+7.82990E+0	+9.40343E-1	+7.37893E-4	+9.25481E-2
+7.84470E+0	+9.45076E-1	+4.01853E-3	+9.26052E-2
+7.85940E+0	+9.49588E-1	+3.63706E-3	+9.26633E-2
+7.87420E+0	+9.53941E-1	+2.87412E-3	+9.27290E-2
+7.88890E+0	+9.58074E-1	+1.65342E-3	+9.27806E-2
+7.90360E+0	+9.62017E-1	+8.06211E-3	+9.28293E-2
+7.91840E+0	+9.65793E-1	+6.15476E-3	+9.28753E-2
+7.93310E+0	+9.69352E-1	+1.27542E-4	+9.29170E-2
+7.94790E+0	+9.72740E-1	+1.01220E-2	+9.29600E-2
+7.96260E+0	+9.75912E-1	+5.62071E-3	+9.30013E-2
+7.97740E+0	+9.78909E-1	+7.29917E-3	+9.30371E-2
+7.99210E+0	+9.81691E-1	+1.01983E-2	+9.30573E-2
+8.00690E+0	+9.84295E-1	-1.00196E-2	+9.30974E-2
+8.02160E+0	+9.86685E-1	+2.87412E-3	+9.31076E-2
+8.03640E+0	+9.88893E-1	-5.13674E-3	+9.31320E-2
+8.05110E+0	+9.90890E-1	+5.01035E-3	+9.31542E-2
+8.06580E+0	+9.92689E-1	-4.75527E-3	+9.31613E-2
+8.08060E+0	+9.94302E-1	+3.17930E-3	+9.31752E-2
+8.09530E+0	+9.95706E-1	+2.34007E-3	+9.31840E-2
+8.11010E+0	+9.96919E-1	+4.32718E-4	+9.32030E-2
+8.12480E+0	+9.97925E-1	+3.10301E-3	+9.31961E-2
+8.13960E+0	+9.98738E-1	-1.32204E-3	+9.31967E-2
+8.15430E+0	+9.99347E-1	-5.21303E-3	+9.32005E-2
+8.16910E+0	+9.99759E-1	+1.65342E-3	+9.31916E-2
+8.18380E+0	+9.99969E-1	-4.14492E-3	+9.31927E-2
+8.19860E+0	+9.99980E-1	+1.34825E-3	+9.31834E-2
+8.21330E+0	+9.99791E-1	-7.87985E-4	+9.31635E-2
+8.22800E+0	+9.99404E-1	-3.68716E-3	+9.31596E-2
+8.24280E+0	+9.98814E-1	-2.00869E-3	+9.31422E-2
+8.25750E+0	+9.98029E-1	-6.12856E-3	+9.31329E-2
+8.27230E+0	+9.97038E-1	+6.84141E-3	+9.31193E-2
+8.28700E+0	+9.95855E-1	+1.72971E-3	+9.30942E-2
+8.30180E+0	+9.94464E-1	-6.58633E-3	+9.30889E-2
+8.31650E+0	+9.92885E-1	+3.33189E-3	+9.30663E-2
+8.33130E+0	+9.91095E-1	-1.01340E-4	+9.30428E-2
+8.34600E+0	+9.89120E-1	-3.68716E-3	+9.30260E-2
+8.36080E+0	+9.86933E-1	-5.44192E-3	+9.30016E-2
+8.37550E+0	+9.84564E-1	-4.60268E-3	+9.29778E-2
+8.39020E+0	+9.82000E-1	-3.22939E-3	+9.29416E-2
+8.40500E+0	+9.79221E-1	-2.16128E-3	+9.29340E-2
+8.41970E+0	+9.76266E-1	+2.10321E-2	+9.28905E-2
+8.43450E+0	+9.73095E-1	+3.94224E-3	+9.28604E-2
+8.44920E+0	+9.69751E-1	-7.12038E-3	+9.28360E-2
+8.46400E+0	+9.66190E-1	-2.50460E-5	+9.27996E-2
+8.47870E+0	+9.62460E-1	+1.50083E-3	+9.27625E-2
+8.49350E+0	+9.58512E-1	-2.08498E-3	+9.27261E-2
+8.50820E+0	+9.54400E-1	-4.45009E-3	+9.26890E-2
+8.52300E+0	+9.50068E-1	-2.23757E-3	+9.26464E-2
+8.53770E+0	+9.45576E-1	+1.50083E-3	+9.26049E-2
+8.55240E+0	+9.40896E-1	-5.59104E-4	+9.25601E-2
+8.56720E+0	+9.35996E-1	-2.00869E-3	+9.25145E-2
+8.58190E+0	+9.30942E-1	-7.88332E-3	+9.24647E-2
+8.59670E+0	+9.25667E-1	+4.32718E-4	+9.24115E-2
+8.61140E+0	+9.20243E-1	-7.12038E-3	+9.23620E-2
+8.62620E+0	+9.14598E-1	-3.38198E-3	+9.22993E-2
+8.64090E+0	+9.08808E-1	-4.06863E-3	+9.22427E-2
+8.65570E+0	+9.02797E-1	-5.51821E-3	+9.21873E-2
+8.67040E+0	+8.96646E-1	-6.05227E-3	+9.21223E-2
+8.68520E+0	+8.90274E-1	-6.81521E-3	+9.20558E-2
+8.69990E+0	+8.83767E-1	-5.82339E-3	+9.19881E-2
+8.71460E+0	+8.77085E-1	-3.22939E-3	+9.19143E-2
+8.72940E+0	+8.70181E-1	-4.82810E-4	+9.18432E-2
+8.74410E+0	+8.63151E-1	-5.59450E-3	+9.17652E-2
+8.75890E+0	+8.55900E-1	-6.73891E-3	+9.16872E-2
+8.77360E+0	+8.48526E-1	-6.43374E-3	+9.16020E-2
+8.78840E+0	+8.40933E-1	-9.79067E-3	+9.15159E-2
+8.80310E+0	+8.33223E-1	-6.12856E-3	+9.14243E-2
+8.81790E+0	+8.25294E-1	-9.94326E-3	+9.13320E-2
+8.83260E+0	+8.17253E-1	-6.12856E-3	+9.12345E-2
+8.84740E+0	+8.08994E-1	-7.04409E-3	+9.11278E-2
+8.86210E+0	+8.00630E-1	-1.10114E-2	+9.10230E-2
+8.87690E+0	+7.92048E-1	-1.09351E-2	+9.09158E-2
+8.89160E+0	+7.83366E-1	-1.85610E-3	+9.08006E-2
+8.90630E+0	+7.74529E-1	-3.61086E-3	+9.06762E-2
+8.92110E+0	+7.65476E-1	-6.43374E-3	+9.05453E-2
+8.93580E+0	+7.56331E-1	-6.58633E-3	+9.04160E-2
+8.95060E+0	+7.46973E-1	-7.80703E-3	+9.02773E-2
+8.96530E+0	+7.37529E-1	-8.64626E-3	+9.01384E-2
+8.98010E+0	+7.27873E-1	-1.03247E-2	+8.99943E-2
+8.99480E+0	+7.18137E-1	-1.11640E-2	+8.98353E-2
+9.00960E+0	+7.08191E-1	-1.22321E-2	+8.96837E-2
+9.02430E+0	+6.98170E-1	-1.25373E-2	+8.95048E-2
+9.03910E+0	+6.87942E-1	-1.24610E-2	+8.93367E-2
+9.05380E+0	+6.77645E-1	-1.58942E-2	+8.91565E-2
+9.06850E+0	+6.67214E-1	-3.91604E-3	+8.89655E-2
+9.08330E+0	+6.56578E-1	-1.35291E-2	+8.87590E-2
+9.09800E+0	+6.45883E-1	-1.39105E-2	+8.85633E-2
+9.11280E+0	+6.34986E-1	-1.68097E-2	+8.83478E-2
+9.12750E+0	+6.24036E-1	-1.46735E-2	+8.81249E-2
+9.14230E+0	+6.12886E-1	-1.36054E-2	+8.78855E-2
+9.15700E+0	+6.01689E-1	-1.34528E-2	+8.76351E-2
+9.17180E+0	+5.90295E-1	-1.84882E-2	+8.73837E-2
+9.18650E+0	+5.78861E-1	-2.75672E-2	+8.71171E-2
+9.20130E+0	+5.67233E-1	-2.13874E-2	+8.68381E-2
+9.21600E+0	+5.55570E-1	-2.42102E-2	+8.65504E-2
+9.23070E+0	+5.43797E-1	-1.85645E-2	+8.62440E-2
+9.24550E+0	+5.31835E-1	-1.36054E-2	+8.59200E-2
+9.26020E+0	+5.19847E-1	-1.43683E-2	+8.55859E-2
+9.27500E+0	+5.07674E-1	-1.31476E-2	+8.52295E-2
+9.28970E+0	+4.95482E-1	-9.63808E-3	+8.48596E-2
+9.30450E+0	+4.83107E-1	-1.26898E-2	+8.44758E-2
+9.31920E+0	+4.70720E-1	-8.18850E-3	+8.40646E-2
+9.33400E+0	+4.58154E-1	-7.80703E-3	+8.36331E-2
+9.34870E+0	+4.45582E-1	-1.16217E-2	+8.31809E-2
+9.36350E+0	+4.32835E-1	-1.60468E-2	+8.27035E-2
+9.37820E+0	+4.20087E-1	-1.82593E-2	+8.22009E-2
+9.39290E+0	+4.07256E-1	-3.08478E-2	+8.16694E-2
+9.40770E+0	+3.94256E-1	-4.09186E-2	+8.11074E-2
+9.42240E+0	+3.81266E-1	-5.09894E-2	+8.05046E-2
+9.43720E+0	+3.68110E-1	-4.54962E-2	+7.98544E-2
+9.45190E+0	+3.54970E-1	-4.91583E-2	+7.91674E-2
+9.46670E+0	+3.41670E-1	-4.54962E-2	+7.84636E-2
+9.48140E+0	+3.28391E-1	-4.76325E-2	+7.76803E-2
+9.49620E+0	+3.14956E-1	-6.81555E-2	+7.68615E-2
+9.51090E+0	+3.01549E-1	-6.84607E-2	+7.59752E-2
+9.52570E+0	+2.87990E-1	-7.24280E-2	+7.50340E-2
+9.54040E+0	+2.74466E-1	-6.52564E-2	+7.40166E-2
+9.55510E+0	+2.60887E-1	-6.92999E-2	+7.29282E-2
+9.56990E+0	+2.47163E-1	-8.01337E-2	+7.17820E-2
+9.58460E+0	+2.33483E-1	-8.74579E-2	+7.05022E-2
+9.59940E+0	+2.19662E-1	-9.53162E-2	+6.91456E-2
+9.61410E+0	+2.05892E-1	-1.11567E-1	+6.76648E-2
+9.62890E+0	+1.91986E-1	-1.34684E-1	+6.60616E-2
+9.64360E+0	+1.78136E-1	-1.45289E-1	+6.42684E-2
+9.65840E+0	+1.64157E-1	-1.44755E-1	+6.23180E-2
+9.67310E+0	+1.50238E-1	-1.42390E-1	+6.02774E-2
+9.68790E+0	+1.36196E-1	-1.42695E-1	+5.79765E-2
+9.70260E+0	+1.22220E-1	-1.52918E-1	+5.55342E-2
+9.71740E+0	+1.08126E-1	-1.72602E-1	+5.28191E-2
+9.73210E+0	+9.41045E-2	-2.15174E-1	+4.98990E-2
+9.74680E+0	+8.00647E-2	-2.39054E-1	+4.65293E-2
+9.76160E+0	+6.59134E-2	-2.82999E-1	+4.27147E-2
+9.77630E+0	+5.18445E-2	-3.11228E-1	+3.83982E-2
+9.79110E+0	+3.76695E-2	-3.63337E-1	+3.33801E-2
+9.80580E+0	+2.35828E-2	-3.65778E-1	+2.80006E-2
+9.82060E+0	+9.39549E-3	-3.97593E-1	+2.20492E-2
+9.83530E+0	-4.69780E-3	-4.19413E-1	+1.63048E-2
+9.85010E+0	-1.88860E-2	-4.01636E-1	+1.00483E-2
+9.86480E+0	-3.29746E-2	-4.27576E-1	+4.01596E-3
+9.87960E+0	-4.71524E-2	-3.70280E-1	-1.78110E-3
+9.89430E+0	-6.12250E-2	-3.59370E-1	-7.32255E-3
+9.90900E+0	-7.52855E-2	-3.23817E-1	-1.22351E-2
+9.92380E+0	-8.94265E-2	-2.90400E-1	-1.69978E-2
+9.93850E+0	-1.03454E-1	-2.98640E-1	-2.12515E-2
+9.95330E+0	-1.17556E-1	-2.59806E-1	-2.52870E-2
+9.96800E+0	-1.31540E-1	-2.43784E-1	-2.90535E-2
+9.98280E+0	-1.45592E-1	-2.13190E-1	-3.23720E-2
+9.99750E+0	-1.59521E-1	-1.81452E-1	-3.55225E-2
+1.00123E+1	-1.73512E-1	-1.75883E-1	-3.83603E-2
+1.00270E+1	-1.87374E-1	-1.70237E-1	-4.10094E-2
+1.00418E+1	-2.01292E-1	-1.80079E-1	-4.34677E-2
+1.00565E+1	-2.15077E-1	-1.64820E-1	-4.58054E-2
+1.00712E+1	-2.28819E-1	-1.50629E-1	-4.79976E-2
+1.00860E+1	-2.42608E-1	-1.23926E-1	-5.00009E-2
+1.01007E+1	-2.56256E-1	-9.87494E-2	-5.18633E-2
+1.01155E+1	-2.69945E-1	-1.02335E-1	-5.35721E-2
+1.01302E+1	-2.83488E-1	-1.26978E-1	-5.52286E-2
+1.01450E+1	-2.97066E-1	-1.33463E-1	-5.68100E-2
+1.01597E+1	-3.10494E-1	-1.02412E-1	-5.83146E-2
+1.01745E+1	-3.23950E-1	-7.25806E-2	-5.96713E-2
+1.01892E+1	-3.37251E-1	-6.79267E-2	-6.08941E-2
+1.02040E+1	-3.50575E-1	-7.47931E-2	-6.21190E-2
+1.02187E+1	-3.63738E-1	-7.64716E-2	-6.32362E-2
+1.02334E+1	-3.76830E-1	-6.94525E-2	-6.43040E-2
+1.02482E+1	-3.89935E-1	-7.02155E-2	-6.53023E-2
+1.02629E+1	-4.02873E-1	-6.12891E-2	-6.62703E-2
+1.02777E+1	-4.15819E-1	-5.65589E-2	-6.71680E-2
+1.02924E+1	-4.28595E-1	-5.22101E-2	-6.80281E-2
+1.03072E+1	-4.41371E-1	-5.81610E-2	-6.88206E-2
+1.03219E+1	-4.53973E-1	-4.82428E-2	-6.95961E-2
+1.03367E+1	-4.66570E-1	-6.04499E-2	-7.03241E-2
+1.03514E+1	-4.78989E-1	-5.03790E-2	-7.09964E-2
+1.03662E+1	-4.91396E-1	-6.08313E-2	-7.16413E-2
+1.03809E+1	-5.03621E-1	-5.34308E-2	-7.22625E-2
+1.03956E+1	-5.15746E-1	-5.45752E-2	-7.28519E-2
+1.04104E+1	-5.27851E-1	-4.88532E-2	-7.34082E-2
+1.04251E+1	-5.39768E-1	-5.41937E-2	-7.39281E-2
+1.04399E+1	-5.51658E-1	-5.20575E-2	-7.44352E-2
+1.04546E+1	-5.63358E-1	-4.81665E-2	-7.49011E-2
+1.04694E+1	-5.75024E-1	-3.75617E-2	-7.53601E-2
+1.04841E+1	-5.86497E-1	-2.91693E-2	-7.57822E-2
+1.04989E+1	-5.97930E-1	-2.23029E-2	-7.62154E-2
+1.05136E+1	-6.09167E-1	-1.31476E-2	-7.66249E-2
+1.05284E+1	-6.20358E-1	-1.12403E-2	-7.70332E-2
+1.05431E+1	-6.31350E-1	-1.94037E-2	-7.74000E-2
+1.05578E+1	-6.42216E-1	-3.00086E-2	-7.77509E-2
+1.05726E+1	-6.53028E-1	-2.48969E-2	-7.80792E-2
+1.05873E+1	-6.63636E-1	-1.29950E-2	-7.84065E-2
+1.06021E+1	-6.74183E-1	-1.65045E-2	-7.87263E-2
+1.06168E+1	-6.84525E-1	-2.48969E-2	-7.90056E-2
+1.06316E+1	-6.94799E-1	-1.87934E-2	-7.92994E-2
+1.06463E+1	-7.04866E-1	-1.79541E-2	-7.95789E-2
+1.06611E+1	-7.14860E-1	-2.32947E-2	-7.98521E-2
+1.06758E+1	-7.24644E-1	-9.33291E-3	-8.01007E-2
+1.06906E+1	-7.34349E-1	-2.13874E-2	-8.03496E-2
+1.07053E+1	-7.43842E-1	-1.35291E-2	-8.05787E-2
+1.07201E+1	-7.53250E-1	-1.67334E-2	-8.08123E-2
+1.07348E+1	-7.62444E-1	-1.79541E-2	-8.10296E-2
+1.07495E+1	-7.71488E-1	-1.31476E-2	-8.12448E-2
+1.07643E+1	-7.80438E-1	-1.34528E-2	-8.14356E-2
+1.07790E+1	-7.89172E-1	-1.45209E-2	-8.16406E-2
+1.07938E+1	-7.97806E-1	-7.88332E-3	-8.18327E-2
+1.08085E+1	-8.06224E-1	-1.49787E-2	-8.20150E-2
+1.08233E+1	-8.14537E-1	-1.20032E-2	-8.21969E-2
+1.08380E+1	-8.22632E-1	-1.04773E-2	-8.23608E-2
+1.08528E+1	-8.30616E-1	-6.05227E-3	-8.25262E-2
+1.08675E+1	-8.38382E-1	-1.52075E-2	-8.26881E-2
+1.08823E+1	-8.46031E-1	-6.43374E-3	-8.28431E-2
+1.08970E+1	-8.53461E-1	-1.54364E-2	-8.29832E-2
+1.09117E+1	-8.60721E-1	-7.95962E-3	-8.31288E-2
+1.09265E+1	-8.67857E-1	-9.48550E-3	-8.32641E-2
+1.09412E+1	-8.74773E-1	-9.48550E-3	-8.33945E-2
+1.09560E+1	-8.81559E-1	-1.39834E-3	-8.35242E-2
+1.09707E+1	-8.88125E-1	-9.86696E-3	-8.36460E-2
+1.09855E+1	-8.94557E-1	-8.72256E-3	-8.37649E-2
+1.10002E+1	-9.00767E-1	-4.75527E-3	-8.38776E-2
+1.10150E+1	-9.06838E-1	-8.41738E-3	-8.39898E-2
+1.10297E+1	-9.12688E-1	-8.64626E-3	-8.40922E-2
+1.10445E+1	-9.18395E-1	-9.94326E-3	-8.41919E-2
+1.10592E+1	-9.23880E-1	-7.80703E-3	-8.42892E-2
+1.10739E+1	-9.29181E-1	-9.33291E-3	-8.43829E-2
+1.10887E+1	-9.34332E-1	-7.04409E-3	-8.44730E-2
+1.11034E+1	-9.39262E-1	-4.75527E-3	-8.45608E-2
+1.11182E+1	-9.44037E-1	-1.01687E-3	-8.46397E-2
+1.11329E+1	-9.48592E-1	-9.40573E-4	-8.47203E-2
+1.11477E+1	-9.52987E-1	-7.34926E-3	-8.47928E-2
+1.11624E+1	-9.57163E-1	+1.19566E-3	-8.48702E-2
+1.11772E+1	-9.61175E-1	-7.65444E-3	-8.49365E-2
+1.11919E+1	-9.64968E-1	-6.20486E-3	-8.49989E-2
+1.12067E+1	-9.68594E-1	-2.16128E-3	-8.50605E-2
+1.12214E+1	-9.72002E-1	-9.10403E-3	-8.51245E-2
+1.12361E+1	-9.75217E-1	-2.23757E-3	-8.51806E-2
+1.12509E+1	-9.78258E-1	-3.45827E-3	-8.52405E-2
+1.12656E+1	-9.81083E-1	-1.66571E-2	-8.52898E-2
+1.12804E+1	-9.83731E-1	+4.85777E-3	-8.53318E-2
+1.12951E+1	-9.86165E-1	-1.07825E-2	-8.53884E-2
+1.13099E+1	-9.88418E-1	-4.29751E-3	-8.54135E-2
+1.13246E+1	-9.90459E-1	-1.47463E-3	-8.54574E-2
+1.13394E+1	-9.92314E-1	-1.70351E-3	-8.54958E-2
+1.13541E+1	-9.93960E-1	-3.61086E-3	-8.55290E-2
+1.13689E+1	-9.95417E-1	-1.13165E-2	-8.55610E-2
+1.13836E+1	-9.96666E-1	+2.72154E-3	-8.55854E-2
+1.13983E+1	-9.97717E-1	-7.11691E-4	-8.56197E-2
+1.14131E+1	-9.98574E-1	-4.14492E-3	-8.56321E-2
+1.14278E+1	-9.99228E-1	+2.11118E-3	-8.56528E-2
+1.14426E+1	-9.99685E-1	-4.06516E-4	-8.56658E-2
+1.14573E+1	-9.99939E-1	+7.37893E-4	-8.56797E-2
+1.14721E+1	-9.99995E-1	+6.61600E-4	-8.56927E-2
+1.14868E+1	-9.99851E-1	-1.24575E-3	-8.57015E-2
+1.15016E+1	-9.99506E-1	+2.03836E-4	-8.57058E-2
+1.15163E+1	-9.98963E-1	-3.76345E-3	-8.57109E-2
+1.15311E+1	-9.98217E-1	+3.71336E-3	-8.57166E-2
+1.15458E+1	-9.97276E-1	-1.70351E-3	-8.57309E-2
+1.15606E+1	-9.96129E-1	-6.43374E-3	-8.57305E-2
+1.15753E+1	-9.94792E-1	+1.01220E-2	-8.57310E-2
+1.15900E+1	-9.93256E-1	-5.59450E-3	-8.57410E-2
+1.16048E+1	-9.91511E-1	-1.70351E-3	-8.57330E-2
+1.16195E+1	-9.89581E-1	-2.39016E-3	-8.57282E-2
+1.16343E+1	-9.87438E-1	+2.79783E-3	-8.57245E-2
+1.16490E+1	-9.85113E-1	+1.57713E-3	-8.57182E-2
+1.16638E+1	-9.82575E-1	-1.15454E-2	-8.57174E-2
+1.16785E+1	-9.79858E-1	+1.90484E-2	-8.57112E-2
+1.16933E+1	-9.76926E-1	-1.78778E-2	-8.57099E-2
+1.17080E+1	-9.73819E-1	-9.86696E-3	-8.56843E-2
+1.17228E+1	-9.70495E-1	+1.12665E-2	-8.56809E-2
+1.17375E+1	-9.67001E-1	-3.68716E-3	-8.56656E-2
+1.17522E+1	-9.63314E-1	-5.59104E-4	-8.56499E-2
+1.17670E+1	-9.59409E-1	-3.00051E-3	-8.56337E-2
+1.17817E+1	-9.55340E-1	-9.40573E-4	-8.56180E-2
+1.17965E+1	-9.51051E-1	-2.50460E-5	-8.55963E-2
+1.18112E+1	-9.46601E-1	-7.87985E-4	-8.55709E-2
+1.18260E+1	-9.41931E-1	-1.32204E-3	-8.55487E-2
+1.18407E+1	-9.37105E-1	-8.64279E-4	-8.55237E-2
+1.18555E+1	-9.32058E-1	+1.50083E-3	-8.54958E-2
+1.18702E+1	-9.26859E-1	+4.85777E-3	-8.54595E-2
+1.18850E+1	-9.21440E-1	-2.69533E-3	-8.54310E-2
+1.18997E+1	-9.15873E-1	+5.16294E-3	-8.53941E-2
+1.19144E+1	-9.10124E-1	+4.09483E-3	-8.53603E-2
+1.19292E+1	-9.04153E-1	+4.85777E-3	-8.53219E-2
+1.19439E+1	-8.98043E-1	+4.24741E-3	-8.52795E-2
+1.19587E+1	-8.91711E-1	+4.62888E-3	-8.52343E-2
+1.19734E+1	-8.85243E-1	+4.09483E-3	-8.51862E-2
+1.19882E+1	-8.78555E-1	+4.93406E-3	-8.51318E-2
+1.20029E+1	-8.71736E-1	+3.63706E-3	-8.50791E-2
+1.20177E+1	-8.64696E-1	+1.88230E-3	-8.50268E-2
+1.20324E+1	-8.57531E-1	+2.64524E-3	-8.49672E-2
+1.20472E+1	-8.50146E-1	+4.32371E-3	-8.49076E-2
+1.20619E+1	-8.42641E-1	+1.88230E-3	-8.48384E-2
+1.20766E+1	-8.34968E-1	+4.32371E-3	-8.47680E-2
+1.20914E+1	-8.27076E-1	+5.84959E-3	-8.46921E-2
+1.21061E+1	-8.19073E-1	+7.14658E-3	-8.46151E-2
+1.21209E+1	-8.10850E-1	+5.92588E-3	-8.45345E-2
+1.21356E+1	-8.02522E-1	+4.17112E-3	-8.44474E-2
+1.21504E+1	-7.93975E-1	+8.59617E-3	-8.43542E-2
+1.21651E+1	-7.85329E-1	+9.20652E-3	-8.42621E-2
+1.21799E+1	-7.76466E-1	+9.89317E-3	-8.41646E-2
+1.21946E+1	-7.67508E-1	+7.45176E-3	-8.40616E-2
+1.22094E+1	-7.58335E-1	+7.90952E-3	-8.39568E-2
+1.22241E+1	-7.49073E-1	+5.46812E-3	-8.38395E-2
+1.22388E+1	-7.39662E-1	+5.69700E-3	-8.37216E-2
+1.22536E+1	-7.30039E-1	+5.16294E-3	-8.35951E-2
+1.22683E+1	-7.20335E-1	+1.08850E-2	-8.34606E-2
+1.22831E+1	-7.10421E-1	+9.43540E-3	-8.33260E-2
+1.22978E+1	-7.00432E-1	+6.15476E-3	-8.31828E-2
+1.23126E+1	-6.90235E-1	+1.28686E-2	-8.30249E-2
+1.23273E+1	-6.79969E-1	+1.21057E-2	-8.28720E-2
+1.23421E+1	-6.69496E-1	+6.61253E-3	-8.26980E-2
+1.23568E+1	-6.58961E-1	+1.58441E-2	-8.25277E-2
+1.23716E+1	-6.48222E-1	+1.27923E-2	-8.23479E-2
+1.23863E+1	-6.37427E-1	+1.43945E-2	-8.21534E-2
+1.24010E+1	-6.26505E-1	+9.58799E-3	-8.19557E-2
+1.24158E+1	-6.15383E-1	+1.11902E-2	-8.17317E-2
+1.24305E+1	-6.04213E-1	+2.04217E-2	-8.15162E-2
+1.24453E+1	-5.92846E-1	+2.24054E-2	-8.12842E-2
+1.24600E+1	-5.81438E-1	+1.56915E-2	-8.10443E-2
+1.24748E+1	-5.69836E-1	+1.43182E-2	-8.07908E-2
+1.24895E+1	-5.58198E-1	+1.06561E-2	-8.05188E-2
+1.25043E+1	-5.46369E-1	+1.37079E-2	-8.02358E-2
+1.25190E+1	-5.34512E-1	+1.11902E-2	-7.99294E-2
+1.25338E+1	-5.22466E-1	+1.34790E-2	-7.96210E-2
+1.25485E+1	-5.10397E-1	+1.68359E-2	-7.92844E-2
+1.25633E+1	-4.98145E-1	+1.66070E-2	-7.89375E-2
+1.25780E+1	-4.85875E-1	+1.52337E-2	-7.85641E-2
+1.25927E+1	-4.73509E-1	+1.98114E-2	-7.81873E-2
+1.26075E+1	-4.60964E-1	+1.64544E-2	-7.77753E-2
+1.26222E+1	-4.48412E-1	+1.78277E-2	-7.73536E-2
+1.26370E+1	-4.35684E-1	+9.58799E-3	-7.68978E-2
+1.26517E+1	-4.22956E-1	+1.56915E-2	-7.64325E-2
+1.26665E+1	-4.10056E-1	+1.34027E-2	-7.59363E-2
+1.26812E+1	-3.97162E-1	+2.51520E-2	-7.54009E-2
+1.26960E+1	-3.84100E-1	+3.65960E-2	-7.48396E-2
+1.27107E+1	-3.71050E-1	+4.26996E-2	-7.42463E-2
+1.27255E+1	-3.57837E-1	+5.40674E-2	-7.35930E-2
+1.27402E+1	-3.44641E-1	+5.71954E-2	-7.28987E-2
+1.27549E+1	-3.31378E-1	+5.01764E-2	-7.21769E-2
+1.27697E+1	-3.17957E-1	+5.49066E-2	-7.13850E-2
+1.27844E+1	-3.04564E-1	+5.95605E-2	-7.05527E-2
+1.27992E+1	-2.91019E-1	+6.65033E-2	-6.96284E-2
+1.28139E+1	-2.77507E-1	+6.21545E-2	-6.86763E-2
+1.28287E+1	-2.63847E-1	+6.40619E-2	-6.76240E-2
+1.28434E+1	-2.50227E-1	+7.26831E-2	-6.65271E-2
+1.28582E+1	-2.36465E-1	+7.88629E-2	-6.53003E-2
+1.28729E+1	-2.22748E-1	+1.01751E-1	-6.39773E-2
+1.28877E+1	-2.08893E-1	+1.08312E-1	-6.25307E-2
+1.29024E+1	-1.95090E-1	+1.24029E-1	-6.09366E-2
+1.29171E+1	-1.81249E-1	+1.35931E-1	-5.92504E-2
+1.29319E+1	-1.67277E-1	+1.38372E-1	-5.73626E-2
+1.29466E+1	-1.53366E-1	+1.32726E-1	-5.53630E-2
+1.29614E+1	-1.39329E-1	+1.25250E-1	-5.31451E-2
+1.29761E+1	-1.25360E-1	+1.54394E-1	-5.07759E-2
+1.29909E+1	-1.11270E-1	+1.65838E-1	-4.81400E-2
+1.30056E+1	-9.72538E-2	+2.05053E-1	-4.52049E-2
+1.30204E+1	-8.31224E-2	+2.49685E-1	-4.20435E-2
+1.30351E+1	-6.90700E-2	+2.77685E-1	-3.83900E-2
+1.30499E+1	-5.49081E-2	+3.17129E-1	-3.42053E-2
+1.30646E+1	-4.08309E-2	+3.33532E-1	-2.93671E-2
+1.30793E+1	-2.67456E-2	+3.93118E-1	-2.39993E-2
+1.30941E+1	-1.25591E-2	+4.02349E-1	-1.81000E-2
+1.31088E+1	+1.53398E-3	+4.36529E-1	-1.18691E-2
+1.31236E+1	+1.57227E-2	+4.14098E-1	-5.92064E-3
+1.31383E+1	+2.98123E-2	+4.19744E-1	+5.53277E-4
+1.31531E+1	+4.39919E-2	+4.38970E-1	+6.56721E-3
+1.31678E+1	+5.80668E-2	+3.48181E-1	+1.24648E-2
+1.31826E+1	+7.22259E-2	+3.65194E-1	+1.80074E-2
+1.31973E+1	+8.62749E-2	+3.36584E-1	+2.28906E-2
+1.32121E+1	+1.00402E-1	+2.97827E-1	+2.77427E-2
+1.32268E+1	+1.14414E-1	+2.90579E-1	+3.19889E-2
+1.32415E+1	+1.28403E-1	+2.61663E-1	+3.59960E-2
+1.32563E+1	+1.42461E-1	+2.38851E-1	+3.96652E-2
+1.32710E+1	+1.56397E-1	+1.99407E-1	+4.30409E-2
+1.32858E+1	+1.70395E-1	+1.92236E-1	+4.61517E-2
+1.33005E+1	+1.84265E-1	+1.91854E-1	+4.89688E-2
+1.33153E+1	+1.98192E-1	+1.86743E-1	+5.16802E-2
+1.33300E+1	+2.11986E-1	+1.71789E-1	+5.41031E-2
+1.33448E+1	+2.25831E-1	+1.48519E-1	+5.64205E-2
+1.33595E+1	+2.39538E-1	+1.33947E-1	+5.85374E-2
+1.33743E+1	+2.53289E-1	+1.09533E-1	+6.05006E-2
+1.33890E+1	+2.66898E-1	+1.12280E-1	+6.23094E-2
+1.34038E+1	+2.80545E-1	+1.26165E-1	+6.40623E-2
+1.34185E+1	+2.94044E-1	+1.31811E-1	+6.57497E-2
+1.34332E+1	+3.07485E-1	+1.08618E-1	+6.72762E-2
+1.34480E+1	+3.20955E-1	+8.22961E-2	+6.87021E-2
+1.34627E+1	+3.34271E-1	+7.41327E-2	+6.99902E-2
+1.34775E+1	+3.47610E-1	+7.23779E-2	+7.12560E-2
+1.34922E+1	+3.60789E-1	+7.44378E-2	+7.24117E-2
+1.35070E+1	+3.73986E-1	+7.47430E-2	+7.35249E-2
+1.35217E+1	+3.87019E-1	+7.55823E-2	+7.45847E-2
+1.35365E+1	+4.00064E-1	+7.15387E-2	+7.55634E-2
+1.35512E+1	+4.12940E-1	+6.46722E-2	+7.64861E-2
+1.35660E+1	+4.25821E-1	+5.52118E-2	+7.73459E-2
+1.35807E+1	+4.38530E-1	+5.20074E-2	+7.81721E-2
+1.35954E+1	+4.51152E-1	+4.74298E-2	+7.89376E-2
+1.36102E+1	+4.63770E-1	+4.71246E-2	+7.96575E-2
+1.36249E+1	+4.76209E-1	+4.17840E-2	+8.03531E-2
+1.36397E+1	+4.88638E-1	+4.33862E-2	+8.10083E-2
+1.36544E+1	+5.00885E-1	+3.72064E-2	+8.16152E-2
+1.36692E+1	+5.13116E-1	+3.94952E-2	+8.22024E-2
+1.36839E+1	+5.25161E-1	+3.50702E-2	+8.27468E-2
+1.36987E+1	+5.37183E-1	+3.44598E-2	+8.32875E-2
+1.37134E+1	+5.49016E-1	+2.71356E-2	+8.37813E-2
+1.37282E+1	+5.60820E-1	+2.49994E-2	+8.42596E-2
+1.37429E+1	+5.72433E-1	+1.53863E-2	+8.47154E-2
+1.37576E+1	+5.83931E-1	+9.74058E-3	+8.51632E-2
+1.37724E+1	+5.95391E-1	+6.76512E-3	+8.55770E-2
+1.37871E+1	+6.06655E-1	+1.50812E-2	+8.59749E-2
+1.38019E+1	+6.17873E-1	+2.42364E-2	+8.63546E-2
+1.38166E+1	+6.28893E-1	+3.44598E-2	+8.67023E-2
+1.38314E+1	+6.39862E-1	+2.91192E-2	+8.70333E-2
+1.38461E+1	+6.50628E-1	+2.14136E-2	+8.73614E-2
+1.38609E+1	+6.61338E-1	+1.55389E-2	+8.76973E-2
+1.38756E+1	+6.71843E-1	+2.34735E-2	+8.79916E-2
+1.38904E+1	+6.82285E-1	+1.86670E-2	+8.82734E-2
+1.39051E+1	+6.92520E-1	+1.69122E-2	+8.85436E-2
+1.39198E+1	+7.02618E-1	+1.66070E-2	+8.88099E-2
+1.39346E+1	+7.12644E-1	+2.43890E-2	+8.90493E-2
+1.39493E+1	+7.22460E-1	+1.62256E-2	+8.93063E-2
+1.39641E+1	+7.32197E-1	+1.76751E-2	+8.95356E-2
+1.39788E+1	+7.41723E-1	+1.50812E-2	+8.97539E-2
+1.39936E+1	+7.51165E-1	+9.96946E-3	+8.99698E-2
+1.40083E+1	+7.60394E-1	+1.15716E-2	+9.01730E-2
+1.40231E+1	+7.69532E-1	+1.85144E-2	+9.03788E-2
+1.40378E+1	+7.78456E-1	+9.28282E-3	+9.05647E-2
+1.40526E+1	+7.87284E-1	+1.50812E-2	+9.07449E-2
+1.40673E+1	+7.95895E-1	+1.44708E-2	+9.09117E-2
+1.40820E+1	+8.04348E-1	+1.25635E-2	+9.10705E-2
+1.40968E+1	+8.12698E-1	+9.74058E-3	+9.12349E-2
+1.41115E+1	+8.20829E-1	+9.43540E-3	+9.13897E-2
+1.41263E+1	+8.28850E-1	+1.46997E-2	+9.15300E-2
+1.41410E+1	+8.36653E-1	+5.16294E-3	+9.16761E-2
+1.41558E+1	+8.44340E-1	+6.99400E-3	+9.18078E-2
+1.41705E+1	+8.51808E-1	+1.27195E-3	+9.19326E-2
+1.41853E+1	+8.59155E-1	+1.11139E-2	+9.20618E-2
+1.42000E+1	+8.66281E-1	+5.46812E-3	+9.21811E-2
+1.42148E+1	+8.73282E-1	+5.39182E-3	+9.22936E-2
+1.42295E+1	+8.80061E-1	+6.53623E-3	+9.24057E-2
+1.42442E+1	+8.86666E-1	+8.97764E-3	+9.25064E-2
+1.42590E+1	+8.93138E-1	+3.48448E-3	+9.26020E-2
+1.42737E+1	+8.99388E-1	+5.77329E-3	+9.26977E-2
+1.42885E+1	+9.05500E-1	+7.75694E-3	+9.27866E-2
+1.43032E+1	+9.11391E-1	+3.17930E-3	+9.28743E-2
+1.43180E+1	+9.17138E-1	+3.17930E-3	+9.29571E-2
+1.43327E+1	+9.22664E-1	+3.71336E-3	+9.30362E-2
+1.43475E+1	+9.28043E-1	+4.62888E-3	+9.31181E-2
+1.43622E+1	+9.33200E-1	+8.21470E-3	+9.31807E-2
+1.43770E+1	+9.38205E-1	+4.85777E-3	+9.32492E-2
+1.43917E+1	+9.42989E-1	+1.34825E-3	+9.33110E-2
+1.44065E+1	+9.47616E-1	+1.34825E-3	+9.33720E-2
+1.44212E+1	+9.52024E-1	+2.34007E-3	+9.34316E-2
+1.44359E+1	+9.56242E-1	+2.03489E-3	+9.34867E-2
+1.44507E+1	+9.60297E-1	+4.78147E-3	+9.35316E-2
+1.44654E+1	+9.64133E-1	+1.04307E-3	+9.35778E-2
+1.44802E+1	+9.67802E-1	-3.30222E-4	+9.36207E-2
+1.44949E+1	+9.71253E-1	+6.07847E-3	+9.36676E-2
+1.45097E+1	+9.74533E-1	-2.53928E-4	+9.37052E-2
+1.45244E+1	+9.77597E-1	-4.67898E-3	+9.37446E-2
+1.45392E+1	+9.80485E-1	+5.85306E-4	+9.37808E-2
+1.45539E+1	+9.83158E-1	+1.31738E-2	+9.38002E-2
+1.45687E+1	+9.85652E-1	-6.28115E-3	+9.38402E-2
+1.45834E+1	+9.87933E-1	+1.50083E-3	+9.38524E-2
+1.45981E+1	+9.90018E-1	+4.24741E-3	+9.38693E-2
+1.46129E+1	+9.91918E-1	-5.59104E-4	+9.38798E-2
+1.46276E+1	+9.93608E-1	+1.72971E-3	+9.38926E-2
+1.46424E+1	+9.95109E-1	+2.56895E-3	+9.39077E-2
+1.46571E+1	+9.96403E-1	+1.04307E-3	+9.39156E-2
+1.46719E+1	+9.97505E-1	-1.16946E-3	+9.39267E-2
+1.46866E+1	+9.98401E-1	+1.14190E-2	+9.39323E-2
+1.47014E+1	+9.99102E-1	+5.16294E-3	+9.39242E-2
+1.47161E+1	+9.99600E-1	-4.75527E-3	+9.39244E-2
+1.47309E+1	+9.99901E-1	+1.11936E-3	+9.39232E-2
