+0.00000E+0	+0.00000E+0	-5.73492E-3	-2.86746E-7
+1.47000E-2	+1.40930E-2	+1.05807E-1	+2.13437E-3
+2.95000E-2	+2.82790E-2	+1.68978E-1	+5.10169E-3
+4.42000E-2	+4.23635E-2	+2.82656E-1	+8.70374E-3
+5.90000E-2	+5.65354E-2	+3.24160E-1	+1.23333E-2
+7.37000E-2	+7.06002E-2	+2.59005E-1	+1.61113E-2
+8.85000E-2	+8.47465E-2	+2.28869E-1	+1.99513E-2
+1.03200E-1	+9.87804E-2	+2.34515E-1	+2.38147E-2
+1.18000E-1	+1.12890E-1	+2.46111E-1	+2.72575E-2
+1.32700E-1	+1.26882E-1	+2.35354E-1	+3.05645E-2
+1.47500E-1	+1.40943E-1	+2.21316E-1	+3.38033E-2
+1.62200E-1	+1.54881E-1	+1.93087E-1	+3.69202E-2
+1.76900E-1	+1.68789E-1	+1.81185E-1	+3.97664E-2
+1.91700E-1	+1.82757E-1	+1.61807E-1	+4.23858E-2
+2.06400E-1	+1.96595E-1	+1.66384E-1	+4.48976E-2
+2.21200E-1	+2.10487E-1	+1.75692E-1	+4.72634E-2
+2.35900E-1	+2.24243E-1	+1.61501E-1	+4.95930E-2
+2.50700E-1	+2.38048E-1	+1.42275E-1	+5.17792E-2
+2.65400E-1	+2.51712E-1	+1.08782E-1	+5.38028E-2
+2.80200E-1	+2.65419E-1	+1.01763E-1	+5.56464E-2
+2.94900E-1	+2.78980E-1	+9.94744E-2	+5.73680E-2
+3.09700E-1	+2.92577E-1	+1.24423E-1	+5.90629E-2
+3.24400E-1	+3.06025E-1	+1.30679E-1	+6.06470E-2
+3.39100E-1	+3.19411E-1	+1.08553E-1	+6.21627E-2
+3.53900E-1	+3.32825E-1	+8.20031E-2	+6.35544E-2
+3.68600E-1	+3.46081E-1	+7.33056E-2	+6.48970E-2
+3.83400E-1	+3.59358E-1	+7.94091E-2	+6.61890E-2
+3.98100E-1	+3.72474E-1	+7.28478E-2	+6.74313E-2
+4.12900E-1	+3.85605E-1	+7.31530E-2	+6.86061E-2
+4.27600E-1	+3.98569E-1	+7.74255E-2	+6.96924E-2
+4.42400E-1	+4.11542E-1	+7.54418E-2	+7.07280E-2
+4.57100E-1	+4.24346E-1	+7.26953E-2	+7.16909E-2
+4.71900E-1	+4.37151E-1	+6.60577E-2	+7.26120E-2
+4.86600E-1	+4.49783E-1	+6.14037E-2	+7.34645E-2
+5.01400E-1	+4.62410E-1	+4.41613E-2	+7.42740E-2
+5.16100E-1	+4.74860E-1	+4.67553E-2	+7.50536E-2
+5.30800E-1	+4.87215E-1	+4.14910E-2	+7.57621E-2
+5.45600E-1	+4.99557E-1	+3.49297E-2	+7.64493E-2
+5.60300E-1	+5.11716E-1	+3.57690E-2	+7.71040E-2
+5.75100E-1	+5.23855E-1	+3.20306E-2	+7.77216E-2
+5.89800E-1	+5.35807E-1	+2.93603E-2	+7.83215E-2
+6.04600E-1	+5.47734E-1	+2.26464E-2	+7.88971E-2
+6.19300E-1	+5.59470E-1	+2.89788E-2	+7.94522E-2
+6.34100E-1	+5.71174E-1	+3.01232E-2	+7.99881E-2
+6.48800E-1	+5.82685E-1	+4.00414E-2	+8.05040E-2
+6.63600E-1	+5.94158E-1	+4.27880E-2	+8.09853E-2
+6.78300E-1	+6.05435E-1	+4.81286E-2	+8.14303E-2
+6.93000E-1	+6.16591E-1	+4.95019E-2	+8.18526E-2
+7.07800E-1	+6.27700E-1	+2.87499E-2	+8.22635E-2
+7.22500E-1	+6.38608E-1	+1.13549E-2	+8.26805E-2
+7.37300E-1	+6.49463E-1	+1.17364E-2	+8.30817E-2
+7.52000E-1	+6.60114E-1	+2.95892E-2	+8.34589E-2
+7.66800E-1	+6.70706E-1	+3.47772E-2	+8.37893E-2
+7.81500E-1	+6.81093E-1	+2.07391E-2	+8.41266E-2
+7.96300E-1	+6.91413E-1	+1.62377E-2	+8.44512E-2
+8.11000E-1	+7.01526E-1	+2.21887E-2	+8.47517E-2
+8.25800E-1	+7.11567E-1	+9.67645E-3	+8.50395E-2
+8.40500E-1	+7.21398E-1	+1.84503E-2	+8.53275E-2
+8.55200E-1	+7.31086E-1	+1.65429E-2	+8.55875E-2
+8.70000E-1	+7.40694E-1	+1.74584E-2	+8.58435E-2
+8.84700E-1	+7.50088E-1	+2.38671E-2	+8.60907E-2
+8.99500E-1	+7.59396E-1	+1.23467E-2	+8.63353E-2
+9.14200E-1	+7.68490E-1	+1.70770E-2	+8.65554E-2
+9.29000E-1	+7.77492E-1	+1.71533E-2	+8.67765E-2
+9.43700E-1	+7.86278E-1	+1.60089E-2	+8.69828E-2
+9.58500E-1	+7.94965E-1	+1.10497E-2	+8.71836E-2
+9.73200E-1	+8.03436E-1	+7.08246E-3	+8.73685E-2
+9.88000E-1	+8.11803E-1	+1.12023E-2	+8.75541E-2
+1.00270E+0	+8.19952E-1	+1.37200E-2	+8.77318E-2
+1.01740E+0	+8.27938E-1	+6.16693E-3	+8.78955E-2
+1.03220E+0	+8.35812E-1	+1.36437E-2	+8.80650E-2
+1.04690E+0	+8.43466E-1	+6.24323E-3	+8.82190E-2
+1.06170E+0	+8.51003E-1	+1.24230E-2	+8.83716E-2
+1.07640E+0	+8.58320E-1	+1.02105E-2	+8.85072E-2
+1.09120E+0	+8.65514E-1	+9.21869E-3	+8.86497E-2
+1.10590E+0	+8.72487E-1	+6.09064E-3	+8.87828E-2
+1.12070E+0	+8.79332E-1	+5.40399E-3	+8.89135E-2
+1.13540E+0	+8.85956E-1	+1.16601E-2	+8.90305E-2
+1.15020E+0	+8.92447E-1	+4.79364E-3	+8.91481E-2
+1.16490E+0	+8.98717E-1	+9.06610E-3	+8.92587E-2
+1.17960E+0	+9.04807E-1	+2.65741E-3	+8.93664E-2
+1.19440E+0	+9.10758E-1	+7.69281E-3	+8.94666E-2
+1.20910E+0	+9.16487E-1	+7.00617E-3	+8.95655E-2
+1.22390E+0	+9.22072E-1	+4.33588E-3	+8.96548E-2
+1.23860E+0	+9.27434E-1	+6.77728E-3	+8.97444E-2
+1.25340E+0	+9.32647E-1	-5.46935E-4	+8.98301E-2
+1.26810E+0	+9.37639E-1	+1.27282E-2	+8.99053E-2
+1.28290E+0	+9.42477E-1	+8.45575E-3	+8.99878E-2
+1.29760E+0	+9.47094E-1	+7.76911E-3	+9.00587E-2
+1.31240E+0	+9.51553E-1	+1.08972E-2	+9.01283E-2
+1.32710E+0	+9.55792E-1	+8.68463E-3	+9.01844E-2
+1.34180E+0	+9.59841E-1	+3.80182E-3	+9.02473E-2
+1.35660E+0	+9.63725E-1	+4.71735E-3	+9.03106E-2
+1.37130E+0	+9.67391E-1	+3.57294E-3	+9.03560E-2
+1.38610E+0	+9.70887E-1	-8.52110E-4	+9.04070E-2
+1.40080E+0	+9.74166E-1	+1.04394E-2	+9.04526E-2
+1.41560E+0	+9.77273E-1	+7.69281E-3	+9.05014E-2
+1.43030E+0	+9.80163E-1	+5.32770E-3	+9.05318E-2
+1.44510E+0	+9.82877E-1	-7.03192E-3	+9.05791E-2
+1.45980E+0	+9.85376E-1	+9.21869E-3	+9.06047E-2
+1.47460E+0	+9.87694E-1	+7.69281E-3	+9.06351E-2
+1.48930E+0	+9.89800E-1	+1.13153E-3	+9.06533E-2
+1.50410E+0	+9.91722E-1	-5.46935E-4	+9.06774E-2
+1.51880E+0	+9.93433E-1	-1.61505E-3	+9.06928E-2
+1.53350E+0	+9.94947E-1	-2.07281E-3	+9.07094E-2
+1.54830E+0	+9.96271E-1	-4.51422E-3	+9.07324E-2
+1.56300E+0	+9.97388E-1	+7.50062E-4	+9.07331E-2
+1.57780E+0	+9.98313E-1	-1.00470E-3	+9.07321E-2
+1.59250E+0	+9.99032E-1	-2.41759E-4	+9.07430E-2
+1.60730E+0	+9.99556E-1	+1.74188E-3	+9.07411E-2
+1.62200E+0	+9.99876E-1	-3.52240E-3	+9.07502E-2
+1.63680E+0	+9.99999E-1	+1.13153E-3	+9.07388E-2
+1.65150E+0	+9.99921E-1	-1.15729E-3	+9.07290E-2
+1.66630E+0	+9.99642E-1	-4.74310E-3	+9.07182E-2
+1.68100E+0	+9.99166E-1	+1.20783E-3	+9.07053E-2
+1.69570E+0	+9.98491E-1	-1.23358E-3	+9.06950E-2
+1.71050E+0	+9.97612E-1	+5.86176E-3	+9.06784E-2
+1.72520E+0	+9.96539E-1	+1.74188E-3	+9.06587E-2
+1.74000E+0	+9.95260E-1	-3.75128E-3	+9.06512E-2
+1.75470E+0	+9.93790E-1	+6.39581E-3	+9.06250E-2
+1.76950E+0	+9.92111E-1	-6.42157E-3	+9.06077E-2
+1.78420E+0	+9.90246E-1	+6.01434E-3	+9.05901E-2
+1.79900E+0	+9.88170E-1	-5.12457E-3	+9.05638E-2
+1.81370E+0	+9.85910E-1	-5.81122E-3	+9.05390E-2
+1.82850E+0	+9.83437E-1	+7.46393E-3	+9.05138E-2
+1.84320E+0	+9.80785E-1	-1.65465E-4	+9.05026E-2
+1.85790E+0	+9.77938E-1	+9.06610E-3	+9.04506E-2
+1.87270E+0	+9.74876E-1	-1.22199E-2	+9.04292E-2
+1.88740E+0	+9.71640E-1	+8.30316E-3	+9.04027E-2
+1.90220E+0	+9.68187E-1	-7.03192E-3	+9.03680E-2
+1.91690E+0	+9.64565E-1	-3.36981E-3	+9.03351E-2
+1.93170E+0	+9.60724E-1	-1.15729E-3	+9.02953E-2
+1.94640E+0	+9.56717E-1	-4.43793E-3	+9.02532E-2
+1.96120E+0	+9.52492E-1	-7.75817E-4	+9.02125E-2
+1.97590E+0	+9.48105E-1	-2.68317E-3	+9.01679E-2
+1.99070E+0	+9.43498E-1	-3.44610E-3	+9.01214E-2
+2.00540E+0	+9.38734E-1	-4.28534E-3	+9.00717E-2
+2.02010E+0	+9.33784E-1	-7.26080E-3	+9.00190E-2
+2.03490E+0	+9.28613E-1	+1.58930E-3	+8.99691E-2
+2.04960E+0	+9.23291E-1	-8.63409E-3	+8.99171E-2
+2.06440E+0	+9.17749E-1	-1.53876E-3	+8.98520E-2
+2.07910E+0	+9.12060E-1	-1.92023E-3	+8.97892E-2
+2.09390E+0	+9.06150E-1	-6.26898E-3	+8.97269E-2
+2.10860E+0	+9.00099E-1	-9.09186E-3	+8.96572E-2
+2.12340E+0	+8.93827E-1	-3.98016E-3	+8.95875E-2
+2.13810E+0	+8.87419E-1	-2.07281E-3	+8.95142E-2
+2.15290E+0	+8.80789E-1	+3.68593E-4	+8.94438E-2
+2.16760E+0	+8.74028E-1	-6.95563E-3	+8.93635E-2
+2.18230E+0	+8.67094E-1	-3.90387E-3	+8.92784E-2
+2.19710E+0	+8.59939E-1	-2.30170E-3	+8.91904E-2
+2.21180E+0	+8.52660E-1	-6.26898E-3	+8.90965E-2
+2.22660E+0	+8.45161E-1	-4.81940E-3	+8.90039E-2
+2.24130E+0	+8.37544E-1	-5.12457E-3	+8.89070E-2
+2.25610E+0	+8.29708E-1	-2.83575E-3	+8.88053E-2
+2.27080E+0	+8.21759E-1	-1.06177E-2	+8.86936E-2
+2.28560E+0	+8.13591E-1	-6.95563E-3	+8.85868E-2
+2.30030E+0	+8.05316E-1	-4.13275E-3	+8.84698E-2
+2.31510E+0	+7.96823E-1	-9.47333E-3	+8.83410E-2
+2.32980E+0	+7.88228E-1	-1.56531E-2	+8.82228E-2
+2.34460E+0	+7.79418E-1	-1.12281E-2	+8.80892E-2
+2.35930E+0	+7.70511E-1	-4.20904E-3	+8.79525E-2
+2.37400E+0	+7.61451E-1	-7.87115E-3	+8.78002E-2
+2.38880E+0	+7.52177E-1	-6.34527E-3	+8.76499E-2
+2.40350E+0	+7.42815E-1	-1.15333E-2	+8.74860E-2
+2.41830E+0	+7.33241E-1	-9.09186E-3	+8.73332E-2
+2.43300E+0	+7.23586E-1	-1.06177E-2	+8.71490E-2
+2.44780E+0	+7.13719E-1	-1.26014E-2	+8.69666E-2
+2.46250E+0	+7.03777E-1	-7.71857E-3	+8.67823E-2
+2.47730E+0	+6.93626E-1	-1.58057E-2	+8.65802E-2
+2.49200E+0	+6.83406E-1	-1.49665E-2	+8.63837E-2
+2.50680E+0	+6.72978E-1	-1.65687E-2	+8.61659E-2
+2.52150E+0	+6.62488E-1	-8.63409E-3	+8.59402E-2
+2.53620E+0	+6.51865E-1	-1.91627E-2	+8.56994E-2
+2.55100E+0	+6.41040E-1	-1.55005E-2	+8.54644E-2
+2.56570E+0	+6.30159E-1	-1.19910E-2	+8.52072E-2
+2.58050E+0	+6.19079E-1	-1.71027E-2	+8.49299E-2
+2.59520E+0	+6.07950E-1	-2.48084E-2	+8.46452E-2
+2.61000E+0	+5.96623E-1	-2.29774E-2	+8.43558E-2
+2.62470E+0	+5.85254E-1	-2.43506E-2	+8.40687E-2
+2.63950E+0	+5.73690E-1	-3.12171E-2	+8.37413E-2
+2.65420E+0	+5.62090E-1	-2.49610E-2	+8.34044E-2
+2.66900E+0	+5.50298E-1	-1.79420E-2	+8.30394E-2
+2.68370E+0	+5.38476E-1	-1.37458E-2	+8.26672E-2
+2.69840E+0	+5.26547E-1	-1.06177E-2	+8.22629E-2
+2.71320E+0	+5.14432E-1	-1.45087E-2	+8.18448E-2
+2.72790E+0	+5.02295E-1	-1.40510E-2	+8.13990E-2
+2.74270E+0	+4.89976E-1	-1.80182E-2	+8.09446E-2
+2.75740E+0	+4.77642E-1	-2.58765E-2	+8.04542E-2
+2.77220E+0	+4.65128E-1	-3.25904E-2	+7.99471E-2
+2.78690E+0	+4.52606E-1	-3.80836E-2	+7.94087E-2
+2.80170E+0	+4.39908E-1	-3.94568E-2	+7.88638E-2
+2.81640E+0	+4.27208E-1	-3.45740E-2	+7.82591E-2
+2.83120E+0	+4.14336E-1	-3.52607E-2	+7.76299E-2
+2.84590E+0	+4.01469E-1	-4.34241E-2	+7.69535E-2
+2.86060E+0	+3.88522E-1	-5.62415E-2	+7.62565E-2
+2.87540E+0	+3.75408E-1	-5.80726E-2	+7.54659E-2
+2.89010E+0	+3.62309E-1	-6.63886E-2	+7.46399E-2
+2.90490E+0	+3.49048E-1	-6.43287E-2	+7.37683E-2
+2.91960E+0	+3.35806E-1	-5.97510E-2	+7.28388E-2
+2.93440E+0	+3.22408E-1	-6.22687E-2	+7.18591E-2
+2.94910E+0	+3.09035E-1	-6.31843E-2	+7.08023E-2
+2.96390E+0	+2.95510E-1	-8.00452E-2	+6.96995E-2
+2.97860E+0	+2.82017E-1	-8.63013E-2	+6.84789E-2
+2.99340E+0	+2.68376E-1	-9.08790E-2	+6.71875E-2
+3.00810E+0	+2.54773E-1	-1.04383E-1	+6.58094E-2
+3.02280E+0	+2.41120E-1	-1.23304E-1	+6.43312E-2
+3.03760E+0	+2.27325E-1	-1.25364E-1	+6.27007E-2
+3.05230E+0	+2.13579E-1	-1.23228E-1	+6.09921E-2
+3.06710E+0	+1.99696E-1	-1.12165E-1	+5.92035E-2
+3.08180E+0	+1.85867E-1	-1.22617E-1	+5.72729E-2
+3.09660E+0	+1.71906E-1	-1.10258E-1	+5.52184E-2
+3.11130E+0	+1.58006E-1	-1.22388E-1	+5.30125E-2
+3.12610E+0	+1.43980E-1	-1.56263E-1	+5.06561E-2
+3.14080E+0	+1.30019E-1	-1.76023E-1	+4.80771E-2
+3.15560E+0	+1.15938E-1	-2.00056E-1	+4.52534E-2
+3.17030E+0	+1.01928E-1	-2.08982E-1	+4.22324E-2
+3.18500E+0	+8.78986E-2	-2.49647E-1	+3.88830E-2
+3.19980E+0	+7.37558E-2	-2.55292E-1	+3.52879E-2
+3.21450E+0	+5.96939E-2	-2.65974E-1	+3.13493E-2
+3.22930E+0	+4.55243E-2	-2.91914E-1	+2.72213E-2
+3.24400E+0	+3.14414E-2	-2.93058E-1	+2.28237E-2
+3.25880E+0	+1.72564E-2	-3.17625E-1	+1.84318E-2
+3.27350E+0	+3.16383E-3	-2.94584E-1	+1.40502E-2
+3.28830E+0	-1.10253E-2	-3.07249E-1	+9.49835E-3
+3.30300E+0	-2.51163E-2	-3.00230E-1	+4.99868E-3
+3.31780E+0	-3.92981E-2	-2.91837E-1	+5.47818E-4
+3.33250E+0	-5.33763E-2	-2.92448E-1	-3.71243E-3
+3.34730E+0	-6.75396E-2	-2.67271E-1	-7.97505E-3
+3.36200E+0	-8.15937E-2	-2.74900E-1	-1.19433E-2
+3.37670E+0	-9.56316E-2	-2.52775E-1	-1.56592E-2
+3.39150E+0	-1.09746E-1	-2.41941E-1	-1.93631E-2
+3.40620E+0	-1.23743E-1	-2.24546E-1	-2.27476E-2
+3.42100E+0	-1.37810E-1	-2.08677E-1	-2.60533E-2
+3.43570E+0	-1.51755E-1	-2.25996E-1	-2.91396E-2
+3.45050E+0	-1.65764E-1	-2.08295E-1	-3.20610E-2
+3.46520E+0	-1.79646E-1	-1.96165E-1	-3.48351E-2
+3.48000E+0	-1.93586E-1	-1.76557E-1	-3.73993E-2
+3.49470E+0	-2.07393E-1	-1.54356E-1	-3.98878E-2
+3.50950E+0	-2.21252E-1	-1.45582E-1	-4.21743E-2
+3.52420E+0	-2.34974E-1	-1.46574E-1	-4.43525E-2
+3.53890E+0	-2.48649E-1	-1.61375E-1	-4.64268E-2
+3.55370E+0	-2.62367E-1	-1.51914E-1	-4.84440E-2
+3.56840E+0	-2.75940E-1	-1.33756E-1	-5.03378E-2
+3.58320E+0	-2.89551E-1	-1.00339E-1	-5.20882E-2
+3.59790E+0	-3.03011E-1	-8.56910E-2	-5.37312E-2
+3.61270E+0	-3.16502E-1	-8.33259E-2	-5.52520E-2
+3.62740E+0	-3.29839E-1	-9.72877E-2	-5.67319E-2
+3.64220E+0	-3.43201E-1	-1.07511E-1	-5.81628E-2
+3.65690E+0	-3.56404E-1	-1.01102E-1	-5.95461E-2
+3.67170E+0	-3.69625E-1	-9.43885E-2	-6.08198E-2
+3.68640E+0	-3.82683E-1	-7.72986E-2	-6.19996E-2
+3.70110E+0	-3.95666E-1	-8.18000E-2	-6.31427E-2
+3.71590E+0	-4.08657E-1	-6.36420E-2	-6.42342E-2
+3.73060E+0	-4.21479E-1	-6.23450E-2	-6.52658E-2
+3.74540E+0	-4.34303E-1	-5.34186E-2	-6.62180E-2
+3.76010E+0	-4.46955E-1	-4.86884E-2	-6.71467E-2
+3.77490E+0	-4.59602E-1	-5.94459E-2	-6.80248E-2
+3.78960E+0	-4.72073E-1	-4.63996E-2	-6.88399E-2
+3.80440E+0	-4.84534E-1	-5.51734E-2	-6.96406E-2
+3.81910E+0	-4.96814E-1	-4.94514E-2	-7.03684E-2
+3.83390E+0	-5.09078E-1	-4.54841E-2	-7.11053E-2
+3.84860E+0	-5.21157E-1	-5.00617E-2	-7.17743E-2
+3.86330E+0	-5.33133E-1	-4.12116E-2	-7.24079E-2
+3.87810E+0	-5.45084E-1	-3.96857E-2	-7.30307E-2
+3.89280E+0	-5.56845E-1	-3.04542E-2	-7.36106E-2
+3.90760E+0	-5.68574E-1	-2.52662E-2	-7.41717E-2
+3.92230E+0	-5.80111E-1	-2.09174E-2	-7.47002E-2
+3.93710E+0	-5.91610E-1	-1.47376E-2	-7.52182E-2
+3.95180E+0	-6.02914E-1	-1.64161E-2	-7.57184E-2
+3.96660E+0	-6.14173E-1	-2.99964E-2	-7.61975E-2
+3.98130E+0	-6.25234E-1	-4.86884E-2	-7.66253E-2
+3.99610E+0	-6.36244E-1	-4.96802E-2	-7.70196E-2
+4.01080E+0	-6.47054E-1	-3.44977E-2	-7.74107E-2
+4.02550E+0	-6.57734E-1	-1.73316E-2	-7.78007E-2
+4.04030E+0	-6.68356E-1	-1.77894E-2	-7.81956E-2
+4.05500E+0	-6.78773E-1	-2.20618E-2	-7.85383E-2
+4.06980E+0	-6.89124E-1	-1.97730E-2	-7.88661E-2
+4.08450E+0	-6.99268E-1	-1.93915E-2	-7.92069E-2
+4.09930E+0	-7.09340E-1	-2.82416E-2	-7.95186E-2
+4.11400E+0	-7.19204E-1	-2.00782E-2	-7.98151E-2
+4.12880E+0	-7.28990E-1	-1.41273E-2	-8.01096E-2
+4.14350E+0	-7.38564E-1	-2.51136E-2	-8.03830E-2
+4.15830E+0	-7.48056E-1	-1.65687E-2	-8.06590E-2
+4.17300E+0	-7.57334E-1	-1.82471E-2	-8.09054E-2
+4.18780E+0	-7.66524E-1	-1.76368E-2	-8.11573E-2
+4.20250E+0	-7.75498E-1	-2.02308E-2	-8.13959E-2
+4.21720E+0	-7.84319E-1	-1.16859E-2	-8.16224E-2
+4.23200E+0	-7.93042E-1	-1.48139E-2	-8.18359E-2
+4.24670E+0	-8.01548E-1	-1.57294E-2	-8.20576E-2
+4.26150E+0	-8.09951E-1	-9.85480E-3	-8.22651E-2
+4.27620E+0	-8.18136E-1	-1.71027E-2	-8.24609E-2
+4.29100E+0	-8.26213E-1	-1.45850E-2	-8.26531E-2
+4.30570E+0	-8.34070E-1	-6.87933E-3	-8.28363E-2
+4.32050E+0	-8.41814E-1	-1.50428E-2	-8.30100E-2
+4.33520E+0	-8.49337E-1	-8.63409E-3	-8.31847E-2
+4.35000E+0	-8.56741E-1	-1.38221E-2	-8.33508E-2
+4.36470E+0	-8.63925E-1	-8.93927E-3	-8.35060E-2
+4.37940E+0	-8.70936E-1	-4.89569E-3	-8.36485E-2
+4.39420E+0	-8.77821E-1	-1.19910E-2	-8.37916E-2
+4.40890E+0	-8.84484E-1	-9.16815E-3	-8.39375E-2
+4.42370E+0	-8.91015E-1	-1.03889E-2	-8.40728E-2
+4.43840E+0	-8.97325E-1	-8.48151E-3	-8.42033E-2
+4.45320E+0	-9.03497E-1	-6.19269E-3	-8.43245E-2
+4.46790E+0	-9.09447E-1	-1.15333E-2	-8.44501E-2
+4.48270E+0	-9.15256E-1	-1.99652E-3	-8.45600E-2
+4.49740E+0	-9.20842E-1	-1.05414E-2	-8.46761E-2
+4.51220E+0	-9.26283E-1	-1.18384E-2	-8.47720E-2
+4.52690E+0	-9.31501E-1	-3.21722E-3	-8.48820E-2
+4.54160E+0	-9.36535E-1	-2.91205E-3	-8.49763E-2
+4.55640E+0	-9.41415E-1	-7.64227E-3	-8.50705E-2
+4.57110E+0	-9.46074E-1	-1.13807E-2	-8.51580E-2
+4.58590E+0	-9.50575E-1	-1.23725E-2	-8.52401E-2
+4.60060E+0	-9.54857E-1	-2.98834E-3	-8.53247E-2
+4.61540E+0	-9.58976E-1	-2.91205E-3	-8.54017E-2
+4.63010E+0	-9.62876E-1	-9.62591E-3	-8.54764E-2
+4.64490E+0	-9.66609E-1	-8.48151E-3	-8.55455E-2
+4.65960E+0	-9.70124E-1	-1.00470E-3	-8.56090E-2
+4.67440E+0	-9.73469E-1	-8.86297E-3	-8.56742E-2
+4.68910E+0	-9.76597E-1	-8.63409E-3	-8.57322E-2
+4.70380E+0	-9.79531E-1	-1.24488E-2	-8.57913E-2
+4.71860E+0	-9.82289E-1	+4.25958E-3	-8.58411E-2
+4.73330E+0	-9.84832E-1	-1.83997E-2	-8.59099E-2
+4.74810E+0	-9.87195E-1	+6.16693E-3	-8.59507E-2
+4.76280E+0	-9.89345E-1	-1.25251E-2	-8.59889E-2
+4.77760E+0	-9.91311E-1	-2.30170E-3	-8.60221E-2
+4.79230E+0	-9.93066E-1	-9.47333E-3	-8.60552E-2
+4.80710E+0	-9.94634E-1	-1.15333E-2	-8.60944E-2
+4.82180E+0	-9.95993E-1	+3.80182E-3	-8.61206E-2
+4.83660E+0	-9.97162E-1	-6.87933E-3	-8.61558E-2
+4.85130E+0	-9.98124E-1	-2.53058E-3	-8.61713E-2
+4.86600E+0	-9.98888E-1	+2.58112E-3	-8.61929E-2
+4.88080E+0	-9.99456E-1	-6.99523E-4	-8.62138E-2
+4.89550E+0	-9.99822E-1	-1.99652E-3	-8.62205E-2
+4.91030E+0	-9.99989E-1	-2.45428E-3	-8.62428E-2
+4.92500E+0	-9.99956E-1	-1.30987E-3	-8.62504E-2
+4.93980E+0	-9.99722E-1	+6.01434E-3	-8.62563E-2
+4.95450E+0	-9.99290E-1	-2.91205E-3	-8.62673E-2
+4.96930E+0	-9.98655E-1	+3.95441E-3	-8.62696E-2
+4.98400E+0	-9.97825E-1	-2.14911E-3	-8.62778E-2
+4.99880E+0	-9.96790E-1	-1.08099E-3	-8.62751E-2
+5.01350E+0	-9.95562E-1	+7.23505E-3	-8.62786E-2
+5.02820E+0	-9.94137E-1	-1.50428E-2	-8.62813E-2
+5.04300E+0	-9.92503E-1	+2.96259E-3	-8.62786E-2
+5.05770E+0	-9.90682E-1	-1.53876E-3	-8.62791E-2
+5.07250E+0	-9.88650E-1	-3.14093E-3	-8.62753E-2
+5.08720E+0	-9.86434E-1	-7.56598E-3	-8.62674E-2
+5.10200E+0	-9.84006E-1	-5.35345E-3	-8.62661E-2
+5.11670E+0	-9.81398E-1	+1.94421E-2	-8.62528E-2
+5.13150E+0	-9.78575E-1	-2.49610E-2	-8.62428E-2
+5.14620E+0	-9.75576E-1	+6.31952E-3	-8.62148E-2
+5.16100E+0	-9.72361E-1	-4.66681E-3	-8.62220E-2
+5.17570E+0	-9.68974E-1	+5.25141E-3	-8.62015E-2
+5.19050E+0	-9.65369E-1	-4.70641E-4	-8.61884E-2
+5.20520E+0	-9.61597E-1	-3.14093E-3	-8.61690E-2
+5.21990E+0	-9.57633E-1	+2.04706E-3	-8.61491E-2
+5.23470E+0	-9.53451E-1	+5.09882E-3	-8.61255E-2
+5.24940E+0	-9.49106E-1	+2.16005E-4	-8.61005E-2
+5.26420E+0	-9.44542E-1	+5.40399E-3	-8.60746E-2
+5.27890E+0	-9.39820E-1	+3.87811E-3	-8.60439E-2
+5.29370E+0	-9.34878E-1	+6.01434E-3	-8.60136E-2
+5.30840E+0	-9.29782E-1	+5.02252E-3	-8.59723E-2
+5.32320E+0	-9.24465E-1	-3.29352E-3	-8.59394E-2
+5.33790E+0	-9.19000E-1	+5.40399E-3	-8.58977E-2
+5.35270E+0	-9.13314E-1	+4.56476E-3	-8.58561E-2
+5.36740E+0	-9.07484E-1	-9.28404E-4	-8.58131E-2
+5.38210E+0	-9.01473E-1	+3.64923E-3	-8.57642E-2
+5.39690E+0	-8.95241E-1	+4.64105E-3	-8.57128E-2
+5.41160E+0	-8.88873E-1	+7.99799E-3	-8.56578E-2
+5.42640E+0	-8.82283E-1	+3.72553E-3	-8.55987E-2
+5.44110E+0	-8.75561E-1	-2.07281E-3	-8.55406E-2
+5.45590E+0	-8.68618E-1	+3.95441E-3	-8.54801E-2
+5.47060E+0	-8.61549E-1	+5.40399E-3	-8.54103E-2
+5.48540E+0	-8.54259E-1	+8.76093E-3	-8.53376E-2
+5.50010E+0	-8.46848E-1	+8.30316E-3	-8.52633E-2
+5.51490E+0	-8.39217E-1	+5.63287E-3	-8.51846E-2
+5.52960E+0	-8.31470E-1	+8.37946E-3	-8.51011E-2
+5.54430E+0	-8.23557E-1	+1.89447E-3	-8.50125E-2
+5.55910E+0	-8.15426E-1	+8.76093E-3	-8.49185E-2
+5.57380E+0	-8.07187E-1	+1.05157E-2	-8.48257E-2
+5.58860E+0	-7.98730E-1	+5.86176E-3	-8.47187E-2
+5.60330E+0	-7.90171E-1	+2.81000E-3	-8.46066E-2
+5.61810E+0	-7.81396E-1	+1.08972E-2	-8.44890E-2
+5.63280E+0	-7.72524E-1	+1.23467E-2	-8.43785E-2
+5.64760E+0	-7.63436E-1	+1.15075E-2	-8.42555E-2
+5.66230E+0	-7.54258E-1	+1.25756E-2	-8.41269E-2
+5.67710E+0	-7.44866E-1	+1.12023E-2	-8.39831E-2
+5.69180E+0	-7.35389E-1	+1.41015E-2	-8.38401E-2
+5.70650E+0	-7.25766E-1	+8.60834E-3	-8.36882E-2
+5.72130E+0	-7.15932E-1	+1.25756E-2	-8.35314E-2
+5.73600E+0	-7.06021E-1	+3.49664E-3	-8.33617E-2
+5.75080E+0	-6.95902E-1	+1.80688E-2	-8.31854E-2
+5.76550E+0	-6.85712E-1	+1.12023E-2	-8.30034E-2
+5.78030E+0	-6.75315E-1	+1.34912E-2	-8.28136E-2
+5.79500E+0	-6.64854E-1	+1.28808E-2	-8.26051E-2
+5.80980E+0	-6.54189E-1	+1.63903E-2	-8.24005E-2
+5.82450E+0	-6.43465E-1	+9.82904E-3	-8.21765E-2
+5.83930E+0	-6.32539E-1	+1.37200E-2	-8.19296E-2
+5.85400E+0	-6.21560E-1	+1.82214E-2	-8.16865E-2
+5.86870E+0	-6.10459E-1	+2.20361E-2	-8.14335E-2
+5.88350E+0	-5.99159E-1	+2.49352E-2	-8.11686E-2
+5.89820E+0	-5.87816E-1	+2.11968E-2	-8.08797E-2
+5.91300E+0	-5.76278E-1	+1.18127E-2	-8.05860E-2
+5.92770E+0	-5.64704E-1	+1.12786E-2	-8.02714E-2
+5.94250E+0	-5.52937E-1	+1.47119E-2	-7.99337E-2
+5.95720E+0	-5.41139E-1	+1.95184E-2	-7.95744E-2
+5.97200E+0	-5.29153E-1	+2.15783E-2	-7.91988E-2
+5.98670E+0	-5.17142E-1	+3.18017E-2	-7.88117E-2
+6.00150E+0	-5.04946E-1	+4.21777E-2	-7.83988E-2
+6.01620E+0	-4.92731E-1	+5.11041E-2	-7.79682E-2
+6.03100E+0	-4.80335E-1	+5.34692E-2	-7.75155E-2
+6.04570E+0	-4.67926E-1	+5.66735E-2	-7.70560E-2
+6.06040E+0	-4.55425E-1	+5.95727E-2	-7.65554E-2
+6.07520E+0	-4.42747E-1	+4.80523E-2	-7.60052E-2
+6.08990E+0	-4.30067E-1	+4.41613E-2	-7.54235E-2
+6.10470E+0	-4.17214E-1	+4.82049E-2	-7.48160E-2
+6.11940E+0	-4.04365E-1	+4.18725E-2	-7.41707E-2
+6.13420E+0	-3.91347E-1	+4.52294E-2	-7.34727E-2
+6.14890E+0	-3.78339E-1	+4.69079E-2	-7.27670E-2
+6.16370E+0	-3.65167E-1	+6.03356E-2	-7.19751E-2
+6.17840E+0	-3.52011E-1	+5.92675E-2	-7.11577E-2
+6.19320E+0	-3.38695E-1	+6.47607E-2	-7.02408E-2
+6.20790E+0	-3.25401E-1	+5.91149E-2	-6.93168E-2
+6.22260E+0	-3.12043E-1	+6.01068E-2	-6.82990E-2
+6.23740E+0	-2.98531E-1	+7.66625E-2	-6.72178E-2
+6.25210E+0	-2.85051E-1	+8.03246E-2	-6.60576E-2
+6.26690E+0	-2.71422E-1	+9.20739E-2	-6.48161E-2
+6.28160E+0	-2.57831E-1	+1.01077E-1	-6.34796E-2
+6.29640E+0	-2.44096E-1	+1.12292E-1	-6.20053E-2
+6.31110E+0	-2.30405E-1	+1.19082E-1	-6.04649E-2
+6.32590E+0	-2.16575E-1	+1.25567E-1	-5.87698E-2
+6.34060E+0	-2.02795E-1	+1.13360E-1	-5.69823E-2
+6.35540E+0	-1.88880E-1	+1.00008E-1	-5.51027E-2
+6.37010E+0	-1.75022E-1	+1.15725E-1	-5.31175E-2
+6.38480E+0	-1.61129E-1	+1.20226E-1	-5.09853E-2
+6.39960E+0	-1.47110E-1	+1.44488E-1	-4.86375E-2
+6.41430E+0	-1.33156E-1	+1.64858E-1	-4.61586E-2
+6.42910E+0	-1.19080E-1	+1.92782E-1	-4.33314E-2
+6.44380E+0	-1.05075E-1	+2.11321E-1	-4.03126E-2
+6.45860E+0	-9.09542E-2	+2.16509E-1	-3.70145E-2
+6.47330E+0	-7.69106E-2	+2.53512E-1	-3.34891E-2
+6.48810E+0	-6.27561E-2	+2.60226E-1	-2.96082E-2
+6.50280E+0	-4.86846E-2	+2.92040E-1	-2.53649E-2
+6.51760E+0	-3.45077E-2	+3.10275E-1	-2.10141E-2
+6.53230E+0	-2.04197E-2	+3.11495E-1	-1.64098E-2
+6.54700E+0	-6.32763E-3	+3.18362E-1	-1.17994E-2
+6.56180E+0	+7.86157E-3	+2.86013E-1	-7.16685E-3
+6.57650E+0	+2.19533E-2	+3.29882E-1	-2.59554E-3
+6.59130E+0	+3.61366E-2	+2.95931E-1	+1.93560E-3
+6.60600E+0	+5.02167E-2	+2.97152E-1	+6.60244E-3
+6.62080E+0	+6.43826E-2	+3.04095E-1	+1.09133E-2
+6.63550E+0	+7.84400E-2	+2.77392E-1	+1.51593E-2
+6.65030E+0	+9.25772E-2	+2.73806E-1	+1.92471E-2
+6.66500E+0	+1.06600E-1	+2.43289E-1	+2.30573E-2
+6.67980E+0	+1.20698E-1	+2.36880E-1	+2.67314E-2
+6.69450E+0	+1.34676E-1	+2.26428E-1	+3.01595E-2
+6.70920E+0	+1.48627E-1	+2.34896E-1	+3.34776E-2
+6.72400E+0	+1.62643E-1	+2.17654E-1	+3.65598E-2
+6.73870E+0	+1.76532E-1	+1.93545E-1	+3.95393E-2
+6.75350E+0	+1.90481E-1	+1.79202E-1	+4.23343E-2
+6.76820E+0	+2.04297E-1	+1.59289E-1	+4.49070E-2
+6.78300E+0	+2.18166E-1	+1.47616E-1	+4.73477E-2
+6.79770E+0	+2.31898E-1	+1.44793E-1	+4.96215E-2
+6.81250E+0	+2.45676E-1	+1.59670E-1	+5.18522E-2
+6.82720E+0	+2.59313E-1	+1.63714E-1	+5.39307E-2
+6.84200E+0	+2.72990E-1	+1.42275E-1	+5.59515E-2
+6.85670E+0	+2.86521E-1	+1.14352E-1	+5.77995E-2
+6.87140E+0	+2.99995E-1	+8.78777E-2	+5.95007E-2
+6.88620E+0	+3.13500E-1	+9.60412E-2	+6.11030E-2
+6.90090E+0	+3.26851E-1	+1.07333E-1	+6.26487E-2
+6.91570E+0	+3.40228E-1	+1.12978E-1	+6.41797E-2
+6.93040E+0	+3.53446E-1	+9.96270E-2	+6.55874E-2
+6.94520E+0	+3.66684E-1	+9.28369E-2	+6.69244E-2
+6.95990E+0	+3.79759E-1	+8.42919E-2	+6.81735E-2
+6.97470E+0	+3.92846E-1	+8.04772E-2	+6.93759E-2
+6.98940E+0	+4.05767E-1	+7.38397E-2	+7.04610E-2
+7.00420E+0	+4.18695E-1	+6.59814E-2	+7.15208E-2
+7.01890E+0	+4.31451E-1	+5.74365E-2	+7.25031E-2
+7.03370E+0	+4.44208E-1	+5.21722E-2	+7.34606E-2
+7.04840E+0	+4.56790E-1	+5.32403E-2	+7.43259E-2
+7.06310E+0	+4.69282E-1	+4.37036E-2	+7.51870E-2
+7.07790E+0	+4.81764E-1	+4.96545E-2	+7.59756E-2
+7.09260E+0	+4.94066E-1	+3.60742E-2	+7.67491E-2
+7.10740E+0	+5.06352E-1	+4.04229E-2	+7.74578E-2
+7.12210E+0	+5.18454E-1	+3.53875E-2	+7.81359E-2
+7.13690E+0	+5.30535E-1	+3.55401E-2	+7.87911E-2
+7.15160E+0	+5.42429E-1	+2.73766E-2	+7.94116E-2
+7.16640E+0	+5.54294E-1	+1.82214E-2	+8.00040E-2
+7.18110E+0	+5.65969E-1	+1.82214E-2	+8.05754E-2
+7.19590E+0	+5.77610E-1	+2.34857E-2	+8.11160E-2
+7.21060E+0	+5.89057E-1	+2.89025E-2	+8.16331E-2
+7.22530E+0	+6.00386E-1	+3.91259E-2	+8.21037E-2
+7.24010E+0	+6.11673E-1	+4.88915E-2	+8.25568E-2
+7.25480E+0	+6.22761E-1	+5.03411E-2	+8.29604E-2
+7.26960E+0	+6.33800E-1	+3.59216E-2	+8.33646E-2
+7.28430E+0	+6.44638E-1	+1.59326E-2	+8.37665E-2
+7.29910E+0	+6.55420E-1	+1.82214E-2	+8.41644E-2
+7.31380E+0	+6.65999E-1	+2.98181E-2	+8.45334E-2
+7.32860E+0	+6.76516E-1	+3.00469E-2	+8.48657E-2
+7.34330E+0	+6.86828E-1	+1.76110E-2	+8.52073E-2
+7.35810E+0	+6.97071E-1	+1.77636E-2	+8.55293E-2
+7.37280E+0	+7.07107E-1	+2.02813E-2	+8.58174E-2
+7.38750E+0	+7.17002E-1	+1.63903E-2	+8.61074E-2
+7.40230E+0	+7.26820E-1	+1.77636E-2	+8.63963E-2
+7.41700E+0	+7.36428E-1	+1.62377E-2	+8.66538E-2
+7.43180E+0	+7.45952E-1	+1.94421E-2	+8.69220E-2
+7.44650E+0	+7.55264E-1	+1.82214E-2	+8.71564E-2
+7.46130E+0	+7.64488E-1	+1.13549E-2	+8.73964E-2
+7.47600E+0	+7.73497E-1	+1.67718E-2	+8.76162E-2
+7.49080E+0	+7.82412E-1	+1.34912E-2	+8.78491E-2
+7.50550E+0	+7.91111E-1	+1.04394E-2	+8.80419E-2
+7.52030E+0	+7.99710E-1	+1.29571E-2	+8.82388E-2
+7.53500E+0	+8.08092E-1	+1.18127E-2	+8.84253E-2
+7.54970E+0	+8.16313E-1	+1.44830E-2	+8.86014E-2
+7.56450E+0	+8.24427E-1	+9.37128E-3	+8.87812E-2
+7.57920E+0	+8.32321E-1	+1.25756E-2	+8.89487E-2
+7.59400E+0	+8.40102E-1	+8.15058E-3	+8.91027E-2
+7.60870E+0	+8.47663E-1	+1.65429E-2	+8.92608E-2
+7.62350E+0	+8.55105E-1	+7.92169E-3	+8.94107E-2
+7.63820E+0	+8.62327E-1	+1.08209E-2	+8.95486E-2
+7.65300E+0	+8.69425E-1	+5.63287E-3	+8.96879E-2
+7.66770E+0	+8.76301E-1	+2.19965E-3	+8.98107E-2
+7.68250E+0	+8.83049E-1	+1.10497E-2	+8.99353E-2
+7.69720E+0	+8.89574E-1	+1.16601E-2	+9.00538E-2
+7.71190E+0	+8.95924E-1	+1.00579E-2	+9.01646E-2
+7.72670E+0	+9.02136E-1	+4.79364E-3	+9.02757E-2
+7.74140E+0	+9.08127E-1	+9.52387E-3	+9.03774E-2
+7.75620E+0	+9.13976E-1	+1.16601E-2	+9.04742E-2
+7.77090E+0	+9.19604E-1	+8.60834E-3	+9.05651E-2
+7.78570E+0	+9.25086E-1	-6.99523E-4	+9.06536E-2
+7.80040E+0	+9.30346E-1	+5.40399E-3	+9.07513E-2
+7.81520E+0	+9.35455E-1	+6.85358E-3	+9.08259E-2
+7.82990E+0	+9.40343E-1	+9.78944E-4	+9.09030E-2
+7.84470E+0	+9.45076E-1	+4.79364E-3	+9.09705E-2
+7.85940E+0	+9.49588E-1	+3.42035E-3	+9.10366E-2
+7.87420E+0	+9.53941E-1	+1.13153E-3	+9.11109E-2
+7.88890E+0	+9.58074E-1	+1.05524E-3	+9.11717E-2
+7.90360E+0	+9.62017E-1	+1.18127E-2	+9.12257E-2
+7.91840E+0	+9.65793E-1	+5.25141E-3	+9.12790E-2
+7.93310E+0	+9.69352E-1	+6.34169E-5	+9.13295E-2
+7.94790E+0	+9.72740E-1	+7.08246E-3	+9.13809E-2
+7.96260E+0	+9.75912E-1	+6.77728E-3	+9.14289E-2
+7.97740E+0	+9.78909E-1	+7.46393E-3	+9.14705E-2
+7.99210E+0	+9.81691E-1	+8.91351E-3	+9.14961E-2
+8.00690E+0	+9.84295E-1	-6.42157E-3	+9.15443E-2
+8.02160E+0	+9.86685E-1	-2.22540E-3	+9.15600E-2
+8.03640E+0	+9.88893E-1	-3.29352E-3	+9.15869E-2
+8.05110E+0	+9.90890E-1	+4.79364E-3	+9.16145E-2
+8.06580E+0	+9.92689E-1	-2.60687E-3	+9.16249E-2
+8.08060E+0	+9.94302E-1	+2.81000E-3	+9.16422E-2
+8.09530E+0	+9.95706E-1	+3.68593E-4	+9.16560E-2
+8.11010E+0	+9.96919E-1	+5.09882E-3	+9.16799E-2
+8.12480E+0	+9.97925E-1	+2.27594E-3	+9.16722E-2
+8.13960E+0	+9.98738E-1	-2.68317E-3	+9.16766E-2
+8.15430E+0	+9.99347E-1	-2.37799E-3	+9.16815E-2
+8.16910E+0	+9.99759E-1	+1.39711E-4	+9.16722E-2
+8.18380E+0	+9.99969E-1	-2.91205E-3	+9.16824E-2
+8.19860E+0	+9.99980E-1	+1.28412E-3	+9.16718E-2
+8.21330E+0	+9.99791E-1	-9.28404E-4	+9.16531E-2
+8.22800E+0	+9.99404E-1	-2.75946E-3	+9.16523E-2
+8.24280E+0	+9.98814E-1	-1.61505E-3	+9.16339E-2
+8.25750E+0	+9.98029E-1	-7.26080E-3	+9.16259E-2
+8.27230E+0	+9.97038E-1	+8.22687E-3	+9.16102E-2
+8.28700E+0	+9.95855E-1	-4.36163E-3	+9.15891E-2
+8.30180E+0	+9.94464E-1	-3.90387E-3	+9.15848E-2
+8.31650E+0	+9.92885E-1	+3.80182E-3	+9.15557E-2
+8.33130E+0	+9.91095E-1	-3.06463E-3	+9.15386E-2
+8.34600E+0	+9.89120E-1	-6.23229E-4	+9.15201E-2
+8.36080E+0	+9.86933E-1	-7.18451E-3	+9.14963E-2
+8.37550E+0	+9.84564E-1	-6.57416E-3	+9.14741E-2
+8.39020E+0	+9.82000E-1	-4.43793E-3	+9.14353E-2
+8.40500E+0	+9.79221E-1	+2.58112E-3	+9.14309E-2
+8.41970E+0	+9.76266E-1	+1.54748E-2	+9.13818E-2
+8.43450E+0	+9.73095E-1	-3.94347E-4	+9.13599E-2
+8.44920E+0	+9.69751E-1	-3.75128E-3	+9.13292E-2
+8.46400E+0	+9.66190E-1	-1.61505E-3	+9.12925E-2
+8.47870E+0	+9.62460E-1	+1.51300E-3	+9.12523E-2
+8.49350E+0	+9.58512E-1	-1.46246E-3	+9.12174E-2
+8.50820E+0	+9.54400E-1	-3.44610E-3	+9.11777E-2
+8.52300E+0	+9.50068E-1	-3.98016E-3	+9.11325E-2
+8.53770E+0	+9.45576E-1	+1.13153E-3	+9.10873E-2
+8.55240E+0	+9.40896E-1	-3.94347E-4	+9.10427E-2
+8.56720E+0	+9.35996E-1	-2.45428E-3	+9.09928E-2
+8.58190E+0	+9.30942E-1	-8.78668E-3	+9.09416E-2
+8.59670E+0	+9.25667E-1	-4.70641E-4	+9.08819E-2
+8.61140E+0	+9.20243E-1	-4.66681E-3	+9.08313E-2
+8.62620E+0	+9.14598E-1	-5.58234E-3	+9.07654E-2
+8.64090E+0	+9.08808E-1	-6.80304E-3	+9.07034E-2
+8.65570E+0	+9.02797E-1	-7.41339E-3	+9.06436E-2
+8.67040E+0	+8.96646E-1	-6.72674E-3	+9.05734E-2
+8.68520E+0	+8.90274E-1	-7.71857E-3	+9.05006E-2
+8.69990E+0	+8.83767E-1	-8.02374E-3	+9.04271E-2
+8.71460E+0	+8.77085E-1	-7.71857E-3	+9.03463E-2
+8.72940E+0	+8.70181E-1	+2.92299E-4	+9.02671E-2
+8.74410E+0	+8.63151E-1	-4.81940E-3	+9.01818E-2
+8.75890E+0	+8.55900E-1	-8.10004E-3	+9.00955E-2
+8.77360E+0	+8.48526E-1	-8.93927E-3	+8.99996E-2
+8.78840E+0	+8.40933E-1	-1.29066E-2	+8.99045E-2
+8.80310E+0	+8.33223E-1	-7.41339E-3	+8.98040E-2
+8.81790E+0	+8.25294E-1	-1.12281E-2	+8.96985E-2
+8.83260E+0	+8.17253E-1	-7.71857E-3	+8.95882E-2
+8.84740E+0	+8.08994E-1	-6.87933E-3	+8.94700E-2
+8.86210E+0	+8.00630E-1	-1.13044E-2	+8.93546E-2
+8.87690E+0	+7.92048E-1	-9.16815E-3	+8.92340E-2
+8.89160E+0	+7.83366E-1	+6.73768E-4	+8.91014E-2
+8.90630E+0	+7.74529E-1	-7.41339E-3	+8.89615E-2
+8.92110E+0	+7.65476E-1	-1.05414E-2	+8.88191E-2
+8.93580E+0	+7.56331E-1	-1.27540E-2	+8.86740E-2
+8.95060E+0	+7.46973E-1	-1.04651E-2	+8.85169E-2
+8.96530E+0	+7.37529E-1	-8.63409E-3	+8.83580E-2
+8.98010E+0	+7.27873E-1	-1.18384E-2	+8.81926E-2
+8.99480E+0	+7.18137E-1	-1.21436E-2	+8.80101E-2
+9.00960E+0	+7.08191E-1	-1.50428E-2	+8.78369E-2
+9.02430E+0	+6.98170E-1	-1.83997E-2	+8.76355E-2
+9.03910E+0	+6.87942E-1	-9.85480E-3	+8.74404E-2
+9.05380E+0	+6.77645E-1	-2.15278E-2	+8.72357E-2
+9.06850E+0	+6.67214E-1	-6.34527E-3	+8.70091E-2
+9.08330E+0	+6.56578E-1	-1.70264E-2	+8.67784E-2
+9.09800E+0	+6.45883E-1	-1.49665E-2	+8.65440E-2
+9.11280E+0	+6.34986E-1	-2.08411E-2	+8.63033E-2
+9.12750E+0	+6.24036E-1	-1.53480E-2	+8.60353E-2
+9.14230E+0	+6.12886E-1	-1.64161E-2	+8.57603E-2
+9.15700E+0	+6.01689E-1	-1.72553E-2	+8.54623E-2
+9.17180E+0	+5.90295E-1	-2.35877E-2	+8.51665E-2
+9.18650E+0	+5.78861E-1	-3.41163E-2	+8.48562E-2
+9.20130E+0	+5.67233E-1	-2.99201E-2	+8.45239E-2
+9.21600E+0	+5.55570E-1	-2.51136E-2	+8.41852E-2
+9.23070E+0	+5.43797E-1	-1.90101E-2	+8.38228E-2
+9.24550E+0	+5.31835E-1	-1.26014E-2	+8.34367E-2
+9.26020E+0	+5.19847E-1	-1.09229E-2	+8.30293E-2
+9.27500E+0	+5.07674E-1	-7.87115E-3	+8.25947E-2
+9.28970E+0	+4.95482E-1	-4.97198E-3	+8.21440E-2
+9.30450E+0	+4.83107E-1	-1.15333E-2	+8.16733E-2
+9.31920E+0	+4.70720E-1	-1.39747E-2	+8.11661E-2
+9.33400E+0	+4.58154E-1	-2.01545E-2	+8.06422E-2
+9.34870E+0	+4.45582E-1	-3.09882E-2	+8.01030E-2
+9.36350E+0	+4.32835E-1	-3.03779E-2	+7.95261E-2
+9.37820E+0	+4.20087E-1	-3.12934E-2	+7.89155E-2
+9.39290E+0	+4.07256E-1	-4.15168E-2	+7.82661E-2
+9.40770E+0	+3.94256E-1	-4.98328E-2	+7.75811E-2
+9.42240E+0	+3.81266E-1	-5.63178E-2	+7.68377E-2
+9.43720E+0	+3.68110E-1	-5.41816E-2	+7.60323E-2
+9.45190E+0	+3.54970E-1	-5.88355E-2	+7.51906E-2
+9.46670E+0	+3.41670E-1	-5.89881E-2	+7.42937E-2
+9.48140E+0	+3.28391E-1	-6.50916E-2	+7.33343E-2
+9.49620E+0	+3.14956E-1	-7.93586E-2	+7.23043E-2
+9.51090E+0	+3.01549E-1	-8.41651E-2	+7.12024E-2
+9.52570E+0	+2.87990E-1	-8.80561E-2	+7.00312E-2
+9.54040E+0	+2.74466E-1	-8.14948E-2	+6.87762E-2
+9.55510E+0	+2.60887E-1	-8.37836E-2	+6.74410E-2
+9.56990E+0	+2.47163E-1	-9.53040E-2	+6.60387E-2
+9.58460E+0	+2.33483E-1	-9.56855E-2	+6.45020E-2
+9.59940E+0	+2.19662E-1	-1.06443E-1	+6.28884E-2
+9.61410E+0	+2.05892E-1	-1.28416E-1	+6.11568E-2
+9.62890E+0	+1.91986E-1	-1.59849E-1	+5.92924E-2
+9.64360E+0	+1.78136E-1	-1.68851E-1	+5.72362E-2
+9.65840E+0	+1.64157E-1	-1.79304E-1	+5.50159E-2
+9.67310E+0	+1.50238E-1	-1.77930E-1	+5.27184E-2
+9.68790E+0	+1.36196E-1	-1.80753E-1	+5.01461E-2
+9.70260E+0	+1.22220E-1	-1.91282E-1	+4.74931E-2
+9.71740E+0	+1.08126E-1	-2.03413E-1	+4.45912E-2
+9.73210E+0	+9.41045E-2	-2.33549E-1	+4.14956E-2
+9.74680E+0	+8.00647E-2	-2.45145E-1	+3.79730E-2
+9.76160E+0	+6.59134E-2	-2.73145E-1	+3.41162E-2
+9.77630E+0	+5.18445E-2	-2.84208E-1	+3.00447E-2
+9.79110E+0	+3.76695E-2	-3.03205E-1	+2.57130E-2
+9.80580E+0	+2.35828E-2	-2.83063E-1	+2.14273E-2
+9.82060E+0	+9.39549E-3	-2.84894E-1	+1.68786E-2
+9.83530E+0	-4.69780E-3	-3.22355E-1	+1.25078E-2
+9.85010E+0	-1.88860E-2	-3.11140E-1	+7.97651E-3
+9.86480E+0	-3.29746E-2	-3.06562E-1	+3.45685E-3
+9.87960E+0	-4.71524E-2	-2.85429E-1	-9.59584E-4
+9.89430E+0	-6.12250E-2	-2.84666E-1	-5.25241E-3
+9.90900E+0	-7.52855E-2	-2.65974E-1	-9.18968E-3
+9.92380E+0	-8.94265E-2	-2.43772E-1	-1.31182E-2
+9.93850E+0	-1.03454E-1	-2.53843E-1	-1.67760E-2
+9.95330E+0	-1.17556E-1	-2.37058E-1	-2.03611E-2
+9.96800E+0	-1.31540E-1	-2.29276E-1	-2.37603E-2
+9.98280E+0	-1.45592E-1	-2.02192E-1	-2.68672E-2
+9.99750E+0	-1.59521E-1	-1.67325E-1	-2.99085E-2
+1.00123E+1	-1.73512E-1	-1.69385E-1	-3.26992E-2
+1.00270E+1	-1.87374E-1	-1.64197E-1	-3.53465E-2
+1.00418E+1	-2.01292E-1	-1.76939E-1	-3.78497E-2
+1.00565E+1	-2.15077E-1	-1.67020E-1	-4.02693E-2
+1.00712E+1	-2.28819E-1	-1.56187E-1	-4.25578E-2
+1.00860E+1	-2.42608E-1	-1.32459E-1	-4.46699E-2
+1.01007E+1	-2.56256E-1	-1.08350E-1	-4.66834E-2
+1.01155E+1	-2.69945E-1	-1.09342E-1	-4.85358E-2
+1.01302E+1	-2.83488E-1	-1.26203E-1	-5.03294E-2
+1.01450E+1	-2.97066E-1	-1.43598E-1	-5.20578E-2
+1.01597E+1	-3.10494E-1	-1.28110E-1	-5.37438E-2
+1.01745E+1	-3.23950E-1	-9.37781E-2	-5.53053E-2
+1.01892E+1	-3.37251E-1	-6.95167E-2	-5.67011E-2
+1.02040E+1	-3.50575E-1	-7.40943E-2	-5.80512E-2
+1.02187E+1	-3.63738E-1	-8.79798E-2	-5.93300E-2
+1.02334E+1	-3.76830E-1	-8.40888E-2	-6.05730E-2
+1.02482E+1	-3.89935E-1	-7.82905E-2	-6.17301E-2
+1.02629E+1	-4.02873E-1	-7.22632E-2	-6.28500E-2
+1.02777E+1	-4.15819E-1	-6.69227E-2	-6.39028E-2
+1.02924E+1	-4.28595E-1	-6.64649E-2	-6.49098E-2
+1.03072E+1	-4.41371E-1	-6.56257E-2	-6.58366E-2
+1.03219E+1	-4.53973E-1	-6.21924E-2	-6.67598E-2
+1.03367E+1	-4.66570E-1	-6.79145E-2	-6.76024E-2
+1.03514E+1	-4.78989E-1	-5.29609E-2	-6.84138E-2
+1.03662E+1	-4.91396E-1	-7.07374E-2	-6.91625E-2
+1.03809E+1	-5.03621E-1	-5.58600E-2	-6.99096E-2
+1.03956E+1	-5.15746E-1	-6.05140E-2	-7.05964E-2
+1.04104E+1	-5.27851E-1	-5.13587E-2	-7.12536E-2
+1.04251E+1	-5.39768E-1	-5.63178E-2	-7.18763E-2
+1.04399E+1	-5.51658E-1	-5.04432E-2	-7.24658E-2
+1.04546E+1	-5.63358E-1	-4.14405E-2	-7.30246E-2
+1.04694E+1	-5.75024E-1	-2.80128E-2	-7.35677E-2
+1.04841E+1	-5.86497E-1	-2.05359E-2	-7.40743E-2
+1.04989E+1	-5.97930E-1	-1.68738E-2	-7.45909E-2
+1.05136E+1	-6.09167E-1	-1.22962E-2	-7.50744E-2
+1.05284E+1	-6.20358E-1	-2.31299E-2	-7.55473E-2
+1.05431E+1	-6.31350E-1	-3.60999E-2	-7.59645E-2
+1.05578E+1	-6.42216E-1	-4.44160E-2	-7.63595E-2
+1.05726E+1	-6.53028E-1	-3.60999E-2	-7.67441E-2
+1.05873E+1	-6.63636E-1	-1.62635E-2	-7.71290E-2
+1.06021E+1	-6.74183E-1	-1.94678E-2	-7.75022E-2
+1.06168E+1	-6.84525E-1	-2.61817E-2	-7.78230E-2
+1.06316E+1	-6.94799E-1	-1.97730E-2	-7.81553E-2
+1.06463E+1	-7.04866E-1	-1.90864E-2	-7.84864E-2
+1.06611E+1	-7.14860E-1	-2.78602E-2	-7.87954E-2
+1.06758E+1	-7.24644E-1	-1.45850E-2	-7.90865E-2
+1.06906E+1	-7.34349E-1	-2.36640E-2	-7.93758E-2
+1.07053E+1	-7.43842E-1	-1.57294E-2	-7.96401E-2
+1.07201E+1	-7.53250E-1	-1.33643E-2	-7.99025E-2
+1.07348E+1	-7.62444E-1	-2.02308E-2	-8.01500E-2
+1.07495E+1	-7.71488E-1	-1.45087E-2	-8.04002E-2
+1.07643E+1	-7.80438E-1	-1.35169E-2	-8.06138E-2
+1.07790E+1	-7.89172E-1	-1.61109E-2	-8.08458E-2
+1.07938E+1	-7.97806E-1	-1.22962E-2	-8.10632E-2
+1.08085E+1	-8.06224E-1	-1.96204E-2	-8.12730E-2
+1.08233E+1	-8.14537E-1	-1.26777E-2	-8.14768E-2
+1.08380E+1	-8.22632E-1	-1.38221E-2	-8.16604E-2
+1.08528E+1	-8.30616E-1	-1.13807E-2	-8.18486E-2
+1.08675E+1	-8.38382E-1	-1.52717E-2	-8.20309E-2
+1.08823E+1	-8.46031E-1	-8.10004E-3	-8.22088E-2
+1.08970E+1	-8.53461E-1	-1.27540E-2	-8.23611E-2
+1.09117E+1	-8.60721E-1	-9.01556E-3	-8.25306E-2
+1.09265E+1	-8.67857E-1	-1.04651E-2	-8.26764E-2
+1.09412E+1	-8.74773E-1	-1.01600E-2	-8.28248E-2
+1.09560E+1	-8.81559E-1	-4.59051E-3	-8.29711E-2
+1.09707E+1	-8.88125E-1	-9.62591E-3	-8.31039E-2
+1.09855E+1	-8.94557E-1	-9.24444E-3	-8.32350E-2
+1.10002E+1	-9.00767E-1	-4.20904E-3	-8.33596E-2
+1.10150E+1	-9.06838E-1	-1.09229E-2	-8.34861E-2
+1.10297E+1	-9.12688E-1	-6.49786E-3	-8.36011E-2
+1.10445E+1	-9.18395E-1	-1.04651E-2	-8.37095E-2
+1.10592E+1	-9.23880E-1	-6.87933E-3	-8.38184E-2
+1.10739E+1	-9.29181E-1	-1.22199E-2	-8.39233E-2
+1.10887E+1	-9.34332E-1	-9.09186E-3	-8.40204E-2
+1.11034E+1	-9.39262E-1	-4.20904E-3	-8.41160E-2
+1.11182E+1	-9.44037E-1	-2.14911E-3	-8.42032E-2
+1.11329E+1	-9.48592E-1	-1.23358E-3	-8.42940E-2
+1.11477E+1	-9.52987E-1	-5.12457E-3	-8.43746E-2
+1.11624E+1	-9.57163E-1	+9.78944E-4	-8.44598E-2
+1.11772E+1	-9.61175E-1	-1.05414E-2	-8.45308E-2
+1.11919E+1	-9.64968E-1	-4.97198E-3	-8.45984E-2
+1.12067E+1	-9.68594E-1	-1.92023E-3	-8.46665E-2
+1.12214E+1	-9.72002E-1	-1.06940E-2	-8.47351E-2
+1.12361E+1	-9.75217E-1	-4.43793E-3	-8.47956E-2
+1.12509E+1	-9.78258E-1	-3.44610E-3	-8.48575E-2
+1.12656E+1	-9.81083E-1	-1.26014E-2	-8.49089E-2
+1.12804E+1	-9.83731E-1	+6.92987E-3	-8.49602E-2
+1.12951E+1	-9.86165E-1	-1.39747E-2	-8.50136E-2
+1.13099E+1	-9.88418E-1	-6.95563E-3	-8.50486E-2
+1.13246E+1	-9.90459E-1	-6.99523E-4	-8.50933E-2
+1.13394E+1	-9.92314E-1	-3.52240E-3	-8.51336E-2
+1.13541E+1	-9.93960E-1	-3.06463E-3	-8.51692E-2
+1.13689E+1	-9.95417E-1	-1.29066E-2	-8.52017E-2
+1.13836E+1	-9.96666E-1	+3.72553E-3	-8.52281E-2
+1.13983E+1	-9.97717E-1	-2.37799E-3	-8.52583E-2
+1.14131E+1	-9.98574E-1	-1.69134E-3	-8.52724E-2
+1.14278E+1	-9.99228E-1	+4.03070E-3	-8.52952E-2
+1.14426E+1	-9.99685E-1	-1.76764E-3	-8.53088E-2
+1.14573E+1	-9.99939E-1	+2.27594E-3	-8.53242E-2
+1.14721E+1	-9.99995E-1	-9.28404E-4	-8.53364E-2
+1.14868E+1	-9.99851E-1	-1.08099E-3	-8.53417E-2
+1.15016E+1	-9.99506E-1	+2.96259E-3	-8.53488E-2
+1.15163E+1	-9.98963E-1	-6.87933E-3	-8.53500E-2
+1.15311E+1	-9.98217E-1	+6.92987E-3	-8.53574E-2
+1.15458E+1	-9.97276E-1	-4.36163E-3	-8.53686E-2
+1.15606E+1	-9.96129E-1	-4.51422E-3	-8.53674E-2
+1.15753E+1	-9.94792E-1	+1.02868E-2	-8.53696E-2
+1.15900E+1	-9.93256E-1	-9.39703E-3	-8.53709E-2
+1.16048E+1	-9.91511E-1	+5.09882E-3	-8.53657E-2
+1.16195E+1	-9.89581E-1	-5.58234E-3	-8.53592E-2
+1.16343E+1	-9.87438E-1	+1.58930E-3	-8.53523E-2
+1.16490E+1	-9.85113E-1	+4.18329E-3	-8.53442E-2
+1.16638E+1	-9.82575E-1	-1.44324E-2	-8.53403E-2
+1.16785E+1	-9.79858E-1	+2.19598E-2	-8.53369E-2
+1.16933E+1	-9.76926E-1	-2.51136E-2	-8.53261E-2
+1.17080E+1	-9.73819E-1	-1.76764E-3	-8.53042E-2
+1.17228E+1	-9.70495E-1	+4.94623E-3	-8.52984E-2
+1.17375E+1	-9.67001E-1	-1.92023E-3	-8.52797E-2
+1.17522E+1	-9.63314E-1	-3.94347E-4	-8.52601E-2
+1.17670E+1	-9.59409E-1	-1.00470E-3	-8.52410E-2
+1.17817E+1	-9.55340E-1	-5.46935E-4	-8.52214E-2
+1.17965E+1	-9.51051E-1	-1.00470E-3	-8.51959E-2
+1.18112E+1	-9.46601E-1	-8.52110E-4	-8.51654E-2
+1.18260E+1	-9.41931E-1	-1.76764E-3	-8.51388E-2
+1.18407E+1	-9.37105E-1	-1.69134E-3	-8.51103E-2
+1.18555E+1	-9.32058E-1	+1.28412E-3	-8.50778E-2
+1.18702E+1	-9.26859E-1	+7.23505E-3	-8.50368E-2
+1.18850E+1	-9.21440E-1	-2.37799E-3	-8.49988E-2
+1.18997E+1	-9.15873E-1	+3.64923E-3	-8.49584E-2
+1.19144E+1	-9.10124E-1	+4.18329E-3	-8.49177E-2
+1.19292E+1	-9.04153E-1	+2.04706E-3	-8.48711E-2
+1.19439E+1	-8.98043E-1	+3.26776E-3	-8.48211E-2
+1.19587E+1	-8.91711E-1	+4.48847E-3	-8.47681E-2
+1.19734E+1	-8.85243E-1	+3.95441E-3	-8.47128E-2
+1.19882E+1	-8.78555E-1	+4.25958E-3	-8.46495E-2
+1.20029E+1	-8.71736E-1	+8.15058E-3	-8.45886E-2
+1.20177E+1	-8.64696E-1	+3.19147E-3	-8.45256E-2
+1.20324E+1	-8.57531E-1	+4.18329E-3	-8.44564E-2
+1.20472E+1	-8.50146E-1	+2.73370E-3	-8.43862E-2
+1.20619E+1	-8.42641E-1	+1.39711E-4	-8.43046E-2
+1.20766E+1	-8.34968E-1	+1.74188E-3	-8.42240E-2
+1.20914E+1	-8.27076E-1	+4.56476E-3	-8.41347E-2
+1.21061E+1	-8.19073E-1	+1.07446E-2	-8.40475E-2
+1.21209E+1	-8.10850E-1	+7.46393E-3	-8.39539E-2
+1.21356E+1	-8.02522E-1	+3.26776E-3	-8.38494E-2
+1.21504E+1	-7.93975E-1	+1.34149E-2	-8.37415E-2
+1.21651E+1	-7.85329E-1	+1.05920E-2	-8.36348E-2
+1.21799E+1	-7.76466E-1	+6.54840E-3	-8.35205E-2
+1.21946E+1	-7.67508E-1	+4.94623E-3	-8.33971E-2
+1.22094E+1	-7.58335E-1	+9.29498E-3	-8.32747E-2
+1.22241E+1	-7.49073E-1	+6.62470E-3	-8.31388E-2
+1.22388E+1	-7.39662E-1	+6.92987E-3	-8.30005E-2
+1.22536E+1	-7.30039E-1	+7.08246E-3	-8.28475E-2
+1.22683E+1	-7.20335E-1	+1.53222E-2	-8.26923E-2
+1.22831E+1	-7.10421E-1	+1.15838E-2	-8.25324E-2
+1.22978E+1	-7.00432E-1	+6.09064E-3	-8.23614E-2
+1.23126E+1	-6.90235E-1	+1.79162E-2	-8.21757E-2
+1.23273E+1	-6.79969E-1	+1.02868E-2	-8.19917E-2
+1.23421E+1	-6.69496E-1	+9.06610E-3	-8.17889E-2
+1.23568E+1	-6.58961E-1	+1.95947E-2	-8.15806E-2
+1.23716E+1	-6.48222E-1	+1.70007E-2	-8.13675E-2
+1.23863E+1	-6.37427E-1	+1.37963E-2	-8.11367E-2
+1.24010E+1	-6.26505E-1	+9.82904E-3	-8.08982E-2
+1.24158E+1	-6.15383E-1	+1.69244E-2	-8.06375E-2
+1.24305E+1	-6.04213E-1	+2.51641E-2	-8.03705E-2
+1.24453E+1	-5.92846E-1	+2.30279E-2	-8.00970E-2
+1.24600E+1	-5.81438E-1	+1.68481E-2	-7.98105E-2
+1.24748E+1	-5.69836E-1	+1.74584E-2	-7.95077E-2
+1.24895E+1	-5.58198E-1	+1.19653E-2	-7.91756E-2
+1.25043E+1	-5.46369E-1	+1.31860E-2	-7.88317E-2
+1.25190E+1	-5.34512E-1	+1.48644E-2	-7.84570E-2
+1.25338E+1	-5.22466E-1	+1.71533E-2	-7.80753E-2
+1.25485E+1	-5.10397E-1	+2.23412E-2	-7.76676E-2
+1.25633E+1	-4.98145E-1	+3.50060E-2	-7.72392E-2
+1.25780E+1	-4.85875E-1	+3.71423E-2	-7.67904E-2
+1.25927E+1	-4.73509E-1	+4.65264E-2	-7.63402E-2
+1.26075E+1	-4.60964E-1	+4.85864E-2	-7.58423E-2
+1.26222E+1	-4.48412E-1	+4.82812E-2	-7.53312E-2
+1.26370E+1	-4.35684E-1	+3.13439E-2	-7.47615E-2
+1.26517E+1	-4.22956E-1	+3.37853E-2	-7.41818E-2
+1.26665E+1	-4.10056E-1	+3.03521E-2	-7.35540E-2
+1.26812E+1	-3.97162E-1	+4.11859E-2	-7.28917E-2
+1.26960E+1	-3.84100E-1	+4.08044E-2	-7.21841E-2
+1.27107E+1	-3.71050E-1	+5.42321E-2	-7.14352E-2
+1.27255E+1	-3.57837E-1	+6.39977E-2	-7.06350E-2
+1.27402E+1	-3.44641E-1	+6.67443E-2	-6.97605E-2
+1.27549E+1	-3.31378E-1	+6.52184E-2	-6.88423E-2
+1.27697E+1	-3.17957E-1	+6.99487E-2	-6.78559E-2
+1.27844E+1	-3.04564E-1	+7.78069E-2	-6.67981E-2
+1.27992E+1	-2.91019E-1	+7.92565E-2	-6.56437E-2
+1.28139E+1	-2.77507E-1	+8.33764E-2	-6.44550E-2
+1.28287E+1	-2.63847E-1	+7.46789E-2	-6.31481E-2
+1.28434E+1	-2.50227E-1	+8.35290E-2	-6.17961E-2
+1.28582E+1	-2.36465E-1	+9.52020E-2	-6.03043E-2
+1.28729E+1	-2.22748E-1	+1.17785E-1	-5.87221E-2
+1.28877E+1	-2.08893E-1	+1.33425E-1	-5.69830E-2
+1.29024E+1	-1.95090E-1	+1.49905E-1	-5.51044E-2
+1.29171E+1	-1.81249E-1	+1.67300E-1	-5.31486E-2
+1.29319E+1	-1.67277E-1	+1.79507E-1	-5.09714E-2
+1.29466E+1	-1.53366E-1	+1.72945E-1	-4.86932E-2
+1.29614E+1	-1.39329E-1	+1.67834E-1	-4.62014E-2
+1.29761E+1	-1.25360E-1	+1.91103E-1	-4.35970E-2
+1.29909E+1	-1.11270E-1	+2.00564E-1	-4.07617E-2
+1.30056E+1	-9.72538E-2	+2.28945E-1	-3.76247E-2
+1.30204E+1	-8.31224E-2	+2.59921E-1	-3.42956E-2
+1.30351E+1	-6.90700E-2	+2.70220E-1	-3.05124E-2
+1.30499E+1	-5.49081E-2	+2.95245E-1	-2.63867E-2
+1.30646E+1	-4.08309E-2	+2.90743E-1	-2.20372E-2
+1.30793E+1	-2.67456E-2	+3.10656E-1	-1.75642E-2
+1.30941E+1	-1.25591E-2	+3.07070E-1	-1.29917E-2
+1.31088E+1	+1.53398E-3	+3.28890E-1	-8.30221E-3
+1.31236E+1	+1.57227E-2	+3.20345E-1	-3.84019E-3
+1.31383E+1	+2.98123E-2	+3.03561E-1	+9.02399E-4
+1.31531E+1	+4.39919E-2	+3.26754E-1	+5.49245E-3
+1.31678E+1	+5.80668E-2	+2.86013E-1	+9.90300E-3
+1.31826E+1	+7.22259E-2	+2.77850E-1	+1.42589E-2
+1.31973E+1	+8.62749E-2	+2.77316E-1	+1.83138E-2
+1.32121E+1	+1.00402E-1	+2.70297E-1	+2.23258E-2
+1.32268E+1	+1.14414E-1	+2.60989E-1	+2.60014E-2
+1.32415E+1	+1.28403E-1	+2.37338E-1	+2.95955E-2
+1.32563E+1	+1.42461E-1	+2.22079E-1	+3.29909E-2
+1.32710E+1	+1.56397E-1	+1.92782E-1	+3.61899E-2
+1.32858E+1	+1.70395E-1	+1.85915E-1	+3.92041E-2
+1.33005E+1	+1.84265E-1	+1.90646E-1	+4.19972E-2
+1.33153E+1	+1.98192E-1	+1.89883E-1	+4.47437E-2
+1.33300E+1	+2.11986E-1	+1.79812E-1	+4.72263E-2
+1.33448E+1	+2.25831E-1	+1.58221E-1	+4.96264E-2
+1.33595E+1	+2.39538E-1	+1.44106E-1	+5.18592E-2
+1.33743E+1	+2.53289E-1	+1.19692E-1	+5.39581E-2
+1.33890E+1	+2.66898E-1	+1.16030E-1	+5.59259E-2
+1.34038E+1	+2.80545E-1	+1.25796E-1	+5.78087E-2
+1.34185E+1	+2.94044E-1	+1.39681E-1	+5.96434E-2
+1.34332E+1	+3.07485E-1	+1.34951E-1	+6.13573E-2
+1.34480E+1	+3.20955E-1	+1.05044E-1	+6.30008E-2
+1.34627E+1	+3.34271E-1	+7.92565E-2	+6.44744E-2
+1.34775E+1	+3.47610E-1	+7.31530E-2	+6.58776E-2
+1.34922E+1	+3.60789E-1	+8.98614E-2	+6.72132E-2
+1.35070E+1	+3.73986E-1	+8.59704E-2	+6.85170E-2
+1.35217E+1	+3.87019E-1	+8.79540E-2	+6.97403E-2
+1.35365E+1	+4.00064E-1	+8.30712E-2	+7.08769E-2
+1.35512E+1	+4.12940E-1	+7.62048E-2	+7.19649E-2
+1.35660E+1	+4.25821E-1	+7.11694E-2	+7.29774E-2
+1.35807E+1	+4.38530E-1	+6.05645E-2	+7.39532E-2
+1.35954E+1	+4.51152E-1	+5.85046E-2	+7.48618E-2
+1.36102E+1	+4.63770E-1	+5.10278E-2	+7.57214E-2
+1.36249E+1	+4.76209E-1	+5.56054E-2	+7.65562E-2
+1.36397E+1	+4.88638E-1	+4.49243E-2	+7.73259E-2
+1.36544E+1	+5.00885E-1	+4.32458E-2	+7.80618E-2
+1.36692E+1	+5.13116E-1	+4.88915E-2	+7.87599E-2
+1.36839E+1	+5.25161E-1	+4.11096E-2	+7.94174E-2
+1.36987E+1	+5.37183E-1	+3.99652E-2	+8.00612E-2
+1.37134E+1	+5.49016E-1	+2.85974E-2	+8.06510E-2
+1.37282E+1	+5.60820E-1	+2.82159E-2	+8.12286E-2
+1.37429E+1	+5.72433E-1	+1.78399E-2	+8.17797E-2
+1.37576E+1	+5.83931E-1	+1.90606E-2	+8.23118E-2
+1.37724E+1	+5.95391E-1	+1.92895E-2	+8.28087E-2
+1.37871E+1	+6.06655E-1	+3.52349E-2	+8.32744E-2
+1.38019E+1	+6.17873E-1	+4.51531E-2	+8.37114E-2
+1.38166E+1	+6.28893E-1	+4.93493E-2	+8.41150E-2
+1.38314E+1	+6.39862E-1	+3.51586E-2	+8.45105E-2
+1.38461E+1	+6.50628E-1	+2.04339E-2	+8.49007E-2
+1.38609E+1	+6.61338E-1	+2.12731E-2	+8.52984E-2
+1.38756E+1	+6.71843E-1	+3.53112E-2	+8.56492E-2
+1.38904E+1	+6.82285E-1	+2.79870E-2	+8.59815E-2
+1.39051E+1	+6.92520E-1	+1.76110E-2	+8.63043E-2
+1.39198E+1	+7.02618E-1	+1.98235E-2	+8.66145E-2
+1.39346E+1	+7.12644E-1	+2.26464E-2	+8.68981E-2
+1.39493E+1	+7.22460E-1	+1.62377E-2	+8.71958E-2
+1.39641E+1	+7.32197E-1	+1.95947E-2	+8.74647E-2
+1.39788E+1	+7.41723E-1	+1.99761E-2	+8.77207E-2
+1.39936E+1	+7.51165E-1	+1.63903E-2	+8.79768E-2
+1.40083E+1	+7.60394E-1	+1.02868E-2	+8.82088E-2
+1.40231E+1	+7.69532E-1	+1.71533E-2	+8.84463E-2
+1.40378E+1	+7.78456E-1	+1.63140E-2	+8.86639E-2
+1.40526E+1	+7.87284E-1	+1.51696E-2	+8.88766E-2
+1.40673E+1	+7.95895E-1	+1.23467E-2	+8.90692E-2
+1.40820E+1	+8.04348E-1	+1.16601E-2	+8.92562E-2
+1.40968E+1	+8.12698E-1	+1.06683E-2	+8.94446E-2
+1.41115E+1	+8.20829E-1	+1.25756E-2	+8.96265E-2
+1.41263E+1	+8.28850E-1	+1.30334E-2	+8.97860E-2
+1.41410E+1	+8.36653E-1	+7.08246E-3	+8.99582E-2
+1.41558E+1	+8.44340E-1	+1.01342E-2	+9.01105E-2
+1.41705E+1	+8.51808E-1	+2.19965E-3	+9.02610E-2
+1.41853E+1	+8.59155E-1	+1.24993E-2	+9.04036E-2
+1.42000E+1	+8.66281E-1	+7.69281E-3	+9.05474E-2
+1.42148E+1	+8.73282E-1	+5.86176E-3	+9.06740E-2
+1.42295E+1	+8.80061E-1	+8.45575E-3	+9.08038E-2
+1.42442E+1	+8.86666E-1	+9.06610E-3	+9.09189E-2
+1.42590E+1	+8.93138E-1	+3.95441E-3	+9.10315E-2
+1.42737E+1	+8.99388E-1	+6.70099E-3	+9.11427E-2
+1.42885E+1	+9.05500E-1	+6.16693E-3	+9.12467E-2
+1.43032E+1	+9.11391E-1	+6.39581E-3	+9.13458E-2
+1.43180E+1	+9.17138E-1	+4.03070E-3	+9.14445E-2
+1.43327E+1	+9.22664E-1	+5.86176E-3	+9.15355E-2
+1.43475E+1	+9.28043E-1	+5.93805E-3	+9.16307E-2
+1.43622E+1	+9.33200E-1	+8.91351E-3	+9.17041E-2
+1.43770E+1	+9.38205E-1	+6.01434E-3	+9.17863E-2
+1.43917E+1	+9.42989E-1	+2.58112E-3	+9.18569E-2
+1.44065E+1	+9.47616E-1	+3.19147E-3	+9.19291E-2
+1.44212E+1	+9.52024E-1	+4.41217E-3	+9.19987E-2
+1.44359E+1	+9.56242E-1	+4.56476E-3	+9.20625E-2
+1.44507E+1	+9.60297E-1	+5.86176E-3	+9.21150E-2
+1.44654E+1	+9.64133E-1	+2.12335E-3	+9.21714E-2
+1.44802E+1	+9.67802E-1	+7.50062E-4	+9.22215E-2
+1.44949E+1	+9.71253E-1	+7.15875E-3	+9.22752E-2
+1.45097E+1	+9.74533E-1	-1.46246E-3	+9.23221E-2
+1.45244E+1	+9.77597E-1	-3.06463E-3	+9.23652E-2
+1.45392E+1	+9.80485E-1	+3.26776E-3	+9.24040E-2
+1.45539E+1	+9.83158E-1	+8.91351E-3	+9.24282E-2
+1.45687E+1	+9.85652E-1	+5.21181E-4	+9.24795E-2
+1.45834E+1	+9.87933E-1	-2.91205E-3	+9.24969E-2
+1.45981E+1	+9.90018E-1	+5.55658E-3	+9.25146E-2
+1.46129E+1	+9.91918E-1	-1.46246E-3	+9.25306E-2
+1.46276E+1	+9.93608E-1	+2.16005E-4	+9.25470E-2
+1.46424E+1	+9.95109E-1	+2.81000E-3	+9.25663E-2
+1.46571E+1	+9.96403E-1	-7.75817E-4	+9.25788E-2
+1.46719E+1	+9.97505E-1	+7.50062E-4	+9.25925E-2
+1.46866E+1	+9.98401E-1	+1.16601E-2	+9.25985E-2
+1.47014E+1	+9.99102E-1	+3.64923E-3	+9.25926E-2
+1.47161E+1	+9.99600E-1	-4.97198E-3	+9.25953E-2
+1.47309E+1	+9.99901E-1	+5.97474E-4	+9.25955E-2
