+0.00000E+0	+0.00000E+0	-1.01850E-2	-5.09250E-7
+1.47000E-2	+1.40930E-2	+3.25396E-2	+3.73903E-4
+2.95000E-2	+2.82790E-2	+2.04852E-2	+8.26406E-4
+4.42000E-2	+4.23635E-2	+1.52972E-2	+1.25536E-3
+5.90000E-2	+5.65354E-2	+4.53570E-2	+1.72700E-3
+7.37000E-2	+7.06002E-2	+4.06268E-2	+2.23552E-3
+8.85000E-2	+8.47465E-2	+2.42999E-2	+2.72301E-3
+1.03200E-1	+9.87804E-2	+4.10082E-2	+3.22967E-3
+1.18000E-1	+1.12890E-1	+4.16949E-2	+3.75306E-3
+1.32700E-1	+1.26882E-1	+1.78912E-2	+4.25360E-3
+1.47500E-1	+1.40943E-1	+3.10900E-2	+4.75000E-3
+1.62200E-1	+1.54881E-1	+5.03924E-2	+5.28275E-3
+1.76900E-1	+1.68789E-1	+3.10137E-2	+5.81559E-3
+1.91700E-1	+1.82757E-1	+2.54443E-2	+6.31657E-3
+2.06400E-1	+1.96595E-1	+4.57385E-2	+6.82801E-3
+2.21200E-1	+2.10487E-1	+4.89428E-2	+7.35606E-3
+2.35900E-1	+2.24243E-1	+2.67413E-2	+7.87001E-3
+2.50700E-1	+2.38048E-1	+3.18530E-2	+8.36910E-3
+2.65400E-1	+2.51712E-1	+4.89428E-2	+8.88275E-3
+2.80200E-1	+2.65419E-1	+4.59674E-2	+9.41664E-3
+2.94900E-1	+2.78980E-1	+2.44525E-2	+9.92671E-3
+3.09700E-1	+2.92577E-1	+2.56732E-2	+1.04189E-2
+3.24400E-1	+3.06025E-1	+4.52807E-2	+1.09059E-2
+3.39100E-1	+3.19411E-1	+5.40545E-2	+1.14276E-2
+3.53900E-1	+3.32825E-1	+3.97112E-2	+1.19412E-2
+3.68600E-1	+3.46081E-1	+1.33135E-2	+1.24367E-2
+3.83400E-1	+3.59358E-1	+1.67468E-2	+1.29017E-2
+3.98100E-1	+3.72474E-1	+3.42944E-2	+1.33829E-2
+4.12900E-1	+3.85605E-1	+4.94769E-2	+1.38881E-2
+4.27600E-1	+3.98569E-1	+5.07739E-2	+1.43868E-2
+4.42400E-1	+4.11542E-1	+4.52044E-2	+1.48822E-2
+4.57100E-1	+4.24346E-1	+2.83434E-2	+1.53564E-2
+4.71900E-1	+4.37151E-1	+1.69757E-2	+1.58251E-2
+4.86600E-1	+4.49783E-1	+8.27814E-3	+1.62854E-2
+5.01400E-1	+4.62410E-1	+9.65143E-3	+1.67327E-2
+5.16100E-1	+4.74860E-1	+1.46105E-2	+1.71815E-2
+5.30800E-1	+4.87215E-1	+1.74334E-2	+1.76359E-2
+5.45600E-1	+4.99557E-1	+2.26214E-2	+1.80802E-2
+5.60300E-1	+5.11716E-1	+2.76568E-2	+1.85255E-2
+5.75100E-1	+5.23855E-1	+3.11663E-2	+1.89672E-2
+5.89800E-1	+5.35807E-1	+2.68939E-2	+1.94095E-2
+6.04600E-1	+5.47734E-1	+2.17059E-2	+1.98454E-2
+6.19300E-1	+5.59470E-1	+1.85015E-2	+2.02779E-2
+6.34100E-1	+5.71174E-1	+1.19403E-2	+2.07149E-2
+6.48800E-1	+5.82685E-1	+1.43817E-2	+2.11535E-2
+6.63600E-1	+5.94158E-1	+1.19403E-2	+2.15760E-2
+6.78300E-1	+6.05435E-1	+2.39947E-2	+2.19871E-2
+6.93000E-1	+6.16591E-1	+3.78802E-2	+2.23827E-2
+7.07800E-1	+6.27700E-1	+3.20819E-2	+2.27666E-2
+7.22500E-1	+6.38608E-1	+1.60601E-2	+2.31699E-2
+7.37300E-1	+6.49463E-1	+1.69757E-2	+2.35718E-2
+7.52000E-1	+6.60114E-1	+3.69647E-2	+2.39678E-2
+7.66800E-1	+6.70706E-1	+4.04742E-2	+2.43313E-2
+7.81500E-1	+6.81093E-1	+2.58257E-2	+2.47079E-2
+7.96300E-1	+6.91413E-1	+2.09429E-2	+2.50856E-2
+8.11000E-1	+7.01526E-1	+3.15478E-2	+2.54362E-2
+8.25800E-1	+7.11567E-1	+1.56787E-2	+2.57893E-2
+8.40500E-1	+7.21398E-1	+2.22399E-2	+2.61562E-2
+8.55200E-1	+7.31086E-1	+2.33843E-2	+2.64841E-2
+8.70000E-1	+7.40694E-1	+1.78912E-2	+2.68222E-2
+8.84700E-1	+7.50088E-1	+2.96404E-2	+2.71545E-2
+8.99500E-1	+7.59396E-1	+1.68994E-2	+2.74967E-2
+9.14200E-1	+7.68490E-1	+2.41473E-2	+2.78103E-2
+9.29000E-1	+7.77492E-1	+2.07903E-2	+2.81234E-2
+9.43700E-1	+7.86278E-1	+2.68939E-2	+2.84301E-2
+9.58500E-1	+7.94965E-1	+1.75860E-2	+2.87412E-2
+9.73200E-1	+8.03436E-1	+1.74334E-2	+2.90231E-2
+9.88000E-1	+8.11803E-1	+1.98748E-2	+2.93206E-2
+1.00270E+0	+8.19952E-1	+1.22454E-2	+2.95960E-2
+1.01740E+0	+8.27938E-1	+1.36187E-2	+2.98638E-2
+1.03220E+0	+8.35812E-1	+1.55261E-2	+3.01389E-2
+1.04690E+0	+8.43466E-1	+1.30084E-2	+3.04072E-2
+1.06170E+0	+8.51003E-1	+2.02563E-2	+3.06599E-2
+1.07640E+0	+8.58320E-1	+1.68231E-2	+3.09106E-2
+1.09120E+0	+8.65514E-1	+1.65942E-2	+3.11515E-2
+1.10590E+0	+8.72487E-1	+2.02563E-2	+3.13976E-2
+1.12070E+0	+8.79332E-1	+1.21691E-2	+3.16449E-2
+1.13540E+0	+8.85956E-1	+8.43073E-3	+3.18530E-2
+1.15020E+0	+8.92447E-1	+1.16351E-2	+3.20730E-2
+1.16490E+0	+8.98717E-1	+1.62127E-2	+3.22831E-2
+1.17960E+0	+9.04807E-1	+1.51446E-2	+3.25034E-2
+1.19440E+0	+9.10758E-1	+1.46868E-2	+3.26979E-2
+1.20910E+0	+9.16487E-1	+1.82726E-2	+3.28980E-2
+1.22390E+0	+9.22072E-1	+6.37079E-3	+3.30827E-2
+1.23860E+0	+9.27434E-1	+7.05744E-3	+3.32695E-2
+1.25340E+0	+9.32647E-1	+1.16351E-2	+3.34469E-2
+1.26810E+0	+9.37639E-1	+1.27795E-2	+3.36037E-2
+1.28290E+0	+9.42477E-1	+1.56787E-2	+3.37777E-2
+1.29760E+0	+9.47094E-1	+1.13299E-2	+3.39319E-2
+1.31240E+0	+9.51553E-1	+1.04907E-2	+3.40818E-2
+1.32710E+0	+9.55792E-1	+9.65143E-3	+3.42162E-2
+1.34180E+0	+9.59841E-1	+1.28558E-2	+3.43664E-2
+1.35660E+0	+9.63725E-1	+1.68994E-2	+3.44944E-2
+1.37130E+0	+9.67391E-1	+1.10651E-3	+3.46204E-2
+1.38610E+0	+9.70887E-1	+3.16645E-3	+3.47314E-2
+1.40080E+0	+9.74166E-1	+1.98748E-2	+3.48430E-2
+1.41560E+0	+9.77273E-1	+1.32372E-2	+3.49651E-2
+1.43030E+0	+9.80163E-1	+9.88032E-3	+3.50420E-2
+1.44510E+0	+9.82877E-1	+7.21003E-3	+3.51457E-2
+1.45980E+0	+9.85376E-1	-6.21771E-3	+3.52227E-2
+1.47460E+0	+9.87694E-1	-1.33489E-3	+3.52902E-2
+1.48930E+0	+9.89800E-1	-1.46863E-2	+3.53842E-2
+1.50410E+0	+9.91722E-1	+1.79675E-2	+3.54655E-2
+1.51880E+0	+9.93433E-1	-8.50653E-3	+3.54906E-2
+1.53350E+0	+9.94947E-1	-4.46295E-3	+3.55414E-2
+1.54830E+0	+9.96271E-1	+1.10651E-3	+3.55945E-2
+1.56300E+0	+9.97388E-1	+4.00568E-3	+3.56325E-2
+1.57780E+0	+9.98313E-1	+7.74408E-3	+3.56425E-2
+1.59250E+0	+9.99032E-1	-7.13323E-3	+3.56712E-2
+1.60730E+0	+9.99556E-1	-1.02972E-3	+3.57064E-2
+1.62200E+0	+9.99876E-1	+1.01855E-2	+3.57288E-2
+1.63680E+0	+9.99999E-1	+4.00568E-3	+3.57208E-2
+1.65150E+0	+9.99921E-1	-1.86895E-3	+3.57210E-2
+1.66630E+0	+9.99642E-1	+7.28632E-3	+3.57014E-2
+1.68100E+0	+9.99166E-1	-4.99700E-3	+3.57033E-2
+1.69570E+0	+9.98491E-1	-9.72723E-3	+3.56959E-2
+1.71050E+0	+9.97612E-1	-3.16595E-3	+3.56902E-2
+1.72520E+0	+9.96539E-1	+1.49920E-2	+3.56373E-2
+1.74000E+0	+9.95260E-1	-6.37030E-3	+3.56242E-2
+1.75470E+0	+9.93790E-1	-1.02613E-2	+3.56134E-2
+1.76950E+0	+9.92111E-1	-1.12531E-2	+3.55704E-2
+1.78420E+0	+9.90246E-1	+1.59075E-2	+3.55275E-2
+1.79900E+0	+9.88170E-1	-3.78797E-2	+3.54886E-2
+1.81370E+0	+9.85910E-1	-1.63648E-2	+3.54759E-2
+1.82850E+0	+9.83437E-1	+1.14690E-4	+3.54082E-2
+1.84320E+0	+9.80785E-1	+3.39533E-3	+3.53415E-2
+1.85790E+0	+9.77938E-1	-5.14959E-3	+3.52884E-2
+1.87270E+0	+9.74876E-1	-6.06512E-3	+3.52167E-2
+1.88740E+0	+9.71640E-1	+2.93757E-3	+3.51432E-2
+1.90220E+0	+9.68187E-1	-6.52288E-3	+3.50694E-2
+1.91690E+0	+9.64565E-1	-1.15583E-2	+3.49922E-2
+1.93170E+0	+9.60724E-1	+3.43572E-4	+3.48830E-2
+1.94640E+0	+9.56717E-1	-1.99506E-2	+3.48009E-2
+1.96120E+0	+9.52492E-1	+4.08198E-3	+3.46999E-2
+1.97590E+0	+9.48105E-1	-9.53425E-4	+3.45890E-2
+1.99070E+0	+9.43498E-1	-6.98065E-3	+3.44671E-2
+2.00540E+0	+9.38734E-1	-7.74359E-3	+3.43420E-2
+2.02010E+0	+9.33784E-1	-6.21771E-3	+3.42224E-2
+2.03490E+0	+9.28613E-1	-1.59833E-2	+3.40914E-2
+2.04960E+0	+9.23291E-1	-4.69183E-3	+3.39477E-2
+2.06440E+0	+9.17749E-1	-1.04139E-2	+3.37986E-2
+2.07910E+0	+9.12060E-1	-1.23212E-2	+3.36400E-2
+2.09390E+0	+9.06150E-1	-8.35394E-3	+3.34830E-2
+2.10860E+0	+9.00099E-1	-1.07191E-2	+3.33140E-2
+2.12340E+0	+8.93827E-1	-8.58282E-3	+3.31366E-2
+2.13810E+0	+8.87419E-1	-5.07330E-3	+3.29651E-2
+2.15290E+0	+8.80789E-1	-4.53924E-3	+3.27923E-2
+2.16760E+0	+8.74028E-1	-2.13239E-2	+3.25959E-2
+2.18230E+0	+8.67094E-1	-2.16291E-2	+3.23792E-2
+2.19710E+0	+8.59939E-1	-9.80352E-3	+3.21618E-2
+2.21180E+0	+8.52660E-1	-1.07953E-2	+3.19579E-2
+2.22660E+0	+8.45161E-1	-2.20868E-2	+3.17372E-2
+2.24130E+0	+8.37544E-1	-1.52204E-2	+3.15127E-2
+2.25610E+0	+8.29708E-1	-2.07136E-2	+3.12809E-2
+2.27080E+0	+8.21759E-1	-1.73566E-2	+3.10379E-2
+2.28560E+0	+8.13591E-1	-1.64411E-2	+3.07873E-2
+2.30030E+0	+8.05316E-1	-2.19343E-2	+3.05353E-2
+2.31510E+0	+7.96823E-1	-1.96454E-2	+3.02692E-2
+2.32980E+0	+7.88228E-1	-2.49860E-2	+3.00050E-2
+2.34460E+0	+7.79418E-1	-2.55964E-2	+2.97204E-2
+2.35930E+0	+7.70511E-1	-1.77381E-2	+2.94410E-2
+2.37400E+0	+7.61451E-1	-1.46100E-2	+2.91444E-2
+2.38880E+0	+7.52177E-1	-1.20923E-2	+2.88628E-2
+2.40350E+0	+7.42815E-1	-2.39942E-2	+2.85537E-2
+2.41830E+0	+7.33241E-1	-2.11713E-2	+2.82527E-2
+2.43300E+0	+7.23586E-1	-1.08716E-2	+2.79216E-2
+2.44780E+0	+7.13719E-1	-2.78089E-2	+2.76077E-2
+2.46250E+0	+7.03777E-1	-1.35419E-2	+2.72754E-2
+2.47730E+0	+6.93626E-1	-2.49097E-2	+2.69365E-2
+2.49200E+0	+6.83406E-1	-3.19288E-2	+2.66075E-2
+2.50680E+0	+6.72978E-1	-2.24683E-2	+2.62542E-2
+2.52150E+0	+6.62488E-1	-1.82722E-2	+2.58832E-2
+2.53620E+0	+6.51865E-1	-3.00214E-2	+2.55266E-2
+2.55100E+0	+6.41040E-1	-2.49097E-2	+2.51701E-2
+2.56570E+0	+6.30159E-1	-1.28553E-2	+2.47929E-2
+2.58050E+0	+6.19079E-1	-1.56782E-2	+2.44004E-2
+2.59520E+0	+6.07950E-1	-3.06318E-2	+2.40188E-2
+2.61000E+0	+5.96623E-1	-4.05500E-2	+2.36347E-2
+2.62470E+0	+5.85254E-1	-3.55146E-2	+2.32615E-2
+2.63950E+0	+5.73690E-1	-3.58198E-2	+2.28599E-2
+2.65420E+0	+5.62090E-1	-2.65119E-2	+2.24550E-2
+2.66900E+0	+5.50298E-1	-1.57545E-2	+2.20302E-2
+2.68370E+0	+5.38476E-1	-1.07953E-2	+2.16144E-2
+2.69840E+0	+5.26547E-1	-8.65911E-3	+2.11727E-2
+2.71320E+0	+5.14432E-1	-7.43841E-3	+2.07367E-2
+2.72790E+0	+5.02295E-1	-3.92889E-3	+2.02960E-2
+2.74270E+0	+4.89976E-1	-4.08148E-3	+1.98656E-2
+2.75740E+0	+4.77642E-1	-6.44659E-3	+1.94101E-2
+2.77220E+0	+4.65128E-1	-4.15777E-3	+1.89641E-2
+2.78690E+0	+4.52606E-1	-5.30218E-3	+1.85100E-2
+2.80170E+0	+4.39908E-1	-1.03376E-2	+1.80628E-2
+2.81640E+0	+4.27208E-1	-1.33893E-2	+1.75973E-2
+2.83120E+0	+4.14336E-1	-2.37653E-2	+1.71378E-2
+2.84590E+0	+4.01469E-1	-3.84138E-2	+1.66592E-2
+2.86060E+0	+3.88522E-1	-5.29859E-2	+1.61777E-2
+2.87540E+0	+3.75408E-1	-5.66480E-2	+1.56651E-2
+2.89010E+0	+3.62309E-1	-4.51276E-2	+1.51533E-2
+2.90490E+0	+3.49048E-1	-2.37653E-2	+1.46559E-2
+2.91960E+0	+3.35806E-1	-1.28553E-2	+1.41721E-2
+2.93440E+0	+3.22408E-1	-2.13239E-2	+1.36892E-2
+2.94910E+0	+3.09035E-1	-4.17707E-2	+1.31839E-2
+2.96390E+0	+2.95510E-1	-4.52802E-2	+1.26598E-2
+2.97860E+0	+2.82017E-1	-3.71930E-2	+1.21331E-2
+2.99340E+0	+2.68376E-1	-2.55201E-2	+1.16294E-2
+3.00810E+0	+2.54773E-1	-3.37598E-2	+1.11244E-2
+3.02280E+0	+2.41120E-1	-4.99341E-2	+1.05911E-2
+3.03760E+0	+2.27325E-1	-3.86426E-2	+1.00418E-2
+3.05230E+0	+2.13579E-1	-2.46045E-2	+9.52885E-3
+3.06710E+0	+1.99696E-1	-3.56672E-2	+9.01946E-3
+3.08180E+0	+1.85867E-1	-5.22993E-2	+8.47198E-3
+3.09660E+0	+1.71906E-1	-3.94056E-2	+7.92667E-3
+3.11130E+0	+1.58006E-1	-2.91059E-2	+7.40288E-3
+3.12610E+0	+1.43980E-1	-5.08497E-2	+6.86906E-3
+3.14080E+0	+1.30019E-1	-4.19233E-2	+6.30953E-3
+3.15560E+0	+1.15938E-1	-2.70460E-2	+5.76964E-3
+3.17030E+0	+1.01928E-1	-3.41413E-2	+5.24832E-3
+3.18500E+0	+8.78986E-2	-4.84846E-2	+4.69529E-3
+3.19980E+0	+7.37558E-2	-3.17762E-2	+4.14417E-3
+3.21450E+0	+5.96939E-2	-3.62012E-2	+3.61148E-3
+3.22930E+0	+4.55243E-2	-5.33674E-2	+3.05380E-3
+3.24400E+0	+3.14414E-2	-3.20814E-2	+2.49868E-3
+3.25880E+0	+1.72564E-2	-2.95637E-2	+1.96843E-3
+3.27350E+0	+3.16383E-3	-4.34492E-2	+1.43161E-3
+3.28830E+0	-1.10253E-2	-3.15473E-2	+8.66311E-4
+3.30300E+0	-2.51163E-2	-2.10187E-2	+3.30201E-4
+3.31780E+0	-3.92981E-2	-4.17707E-2	-2.26604E-4
+3.33250E+0	-5.33763E-2	-4.17707E-2	-7.98763E-4
+3.34730E+0	-6.75396E-2	-2.58253E-2	-1.34439E-3
+3.36200E+0	-8.15937E-2	-3.94819E-2	-1.87148E-3
+3.37670E+0	-9.56316E-2	-4.16181E-2	-2.41824E-3
+3.39150E+0	-1.09746E-1	-2.95637E-2	-2.97088E-3
+3.40620E+0	-1.23743E-1	-4.03211E-2	-3.49517E-3
+3.42100E+0	-1.37810E-1	-5.24518E-2	-4.05951E-3
+3.43570E+0	-1.51755E-1	-3.59723E-2	-4.60648E-3
+3.45050E+0	-1.65764E-1	-2.71985E-2	-5.12255E-3
+3.46520E+0	-1.79646E-1	-4.18470E-2	-5.64230E-3
+3.48000E+0	-1.93586E-1	-3.23102E-2	-6.18662E-3
+3.49470E+0	-2.07393E-1	-1.94929E-2	-6.71857E-3
+3.50950E+0	-2.21252E-1	-3.29206E-2	-7.22868E-3
+3.52420E+0	-2.34974E-1	-4.62720E-2	-7.76604E-3
+3.53890E+0	-2.48649E-1	-3.95582E-2	-8.31143E-3
+3.55370E+0	-2.62367E-1	-2.09424E-2	-8.82568E-3
+3.56840E+0	-2.75940E-1	-2.25446E-2	-9.32130E-3
+3.58320E+0	-2.89551E-1	-3.97870E-2	-9.82917E-3
+3.59790E+0	-3.03011E-1	-4.45936E-2	-1.03558E-2
+3.61270E+0	-3.16502E-1	-2.55964E-2	-1.08712E-2
+3.62740E+0	-3.29839E-1	-1.76618E-2	-1.13621E-2
+3.64220E+0	-3.43201E-1	-3.42176E-2	-1.18403E-2
+3.65690E+0	-3.56404E-1	-5.03156E-2	-1.23518E-2
+3.67170E+0	-3.69625E-1	-5.39014E-2	-1.28678E-2
+3.68640E+0	-3.82683E-1	-3.52094E-2	-1.33640E-2
+3.70110E+0	-3.95666E-1	-2.28498E-2	-1.38467E-2
+3.71590E+0	-4.08657E-1	-1.36945E-2	-1.43206E-2
+3.73060E+0	-4.21479E-1	-1.34656E-2	-1.47843E-2
+3.74540E+0	-4.34303E-1	-2.46045E-2	-1.52502E-2
+3.76010E+0	-4.46955E-1	-3.55909E-2	-1.57157E-2
+3.77490E+0	-4.59602E-1	-4.36017E-2	-1.61954E-2
+3.78960E+0	-4.72073E-1	-5.07734E-2	-1.66620E-2
+3.80440E+0	-4.84534E-1	-5.06208E-2	-1.71299E-2
+3.81910E+0	-4.96814E-1	-5.51984E-2	-1.75881E-2
+3.83390E+0	-5.09078E-1	-5.29096E-2	-1.80440E-2
+3.84860E+0	-5.21157E-1	-4.93238E-2	-1.84900E-2
+3.86330E+0	-5.33133E-1	-4.84846E-2	-1.89247E-2
+3.87810E+0	-5.45084E-1	-5.14600E-2	-1.93614E-2
+3.89280E+0	-5.56845E-1	-4.93238E-2	-1.97800E-2
+3.90760E+0	-5.68574E-1	-4.64246E-2	-2.01951E-2
+3.92230E+0	-5.80111E-1	-3.68116E-2	-2.06044E-2
+3.93710E+0	-5.91610E-1	-2.39179E-2	-2.10174E-2
+3.95180E+0	-6.02914E-1	-1.66700E-2	-2.14419E-2
+3.96660E+0	-6.14173E-1	-1.82722E-2	-2.18699E-2
+3.98130E+0	-6.25234E-1	-3.10132E-2	-2.22727E-2
+3.99610E+0	-6.36244E-1	-4.11603E-2	-2.26515E-2
+4.01080E+0	-6.47054E-1	-3.47516E-2	-2.30281E-2
+4.02550E+0	-6.57734E-1	-2.00269E-2	-2.34073E-2
+4.04030E+0	-6.68356E-1	-1.81959E-2	-2.38074E-2
+4.05500E+0	-6.78773E-1	-2.55964E-2	-2.41667E-2
+4.06980E+0	-6.89124E-1	-2.14002E-2	-2.45201E-2
+4.08450E+0	-6.99268E-1	-1.91114E-2	-2.49014E-2
+4.09930E+0	-7.09340E-1	-3.06318E-2	-2.52481E-2
+4.11400E+0	-7.19204E-1	-2.04084E-2	-2.55881E-2
+4.12880E+0	-7.28990E-1	-1.68989E-2	-2.59429E-2
+4.14350E+0	-7.38564E-1	-3.33021E-2	-2.62729E-2
+4.15830E+0	-7.48056E-1	-2.28498E-2	-2.66204E-2
+4.17300E+0	-7.57334E-1	-2.36127E-2	-2.69328E-2
+4.18780E+0	-7.66524E-1	-1.65174E-2	-2.72544E-2
+4.20250E+0	-7.75498E-1	-2.69697E-2	-2.75680E-2
+4.21720E+0	-7.84319E-1	-2.28498E-2	-2.78802E-2
+4.23200E+0	-7.93042E-1	-1.97980E-2	-2.81740E-2
+4.24670E+0	-8.01548E-1	-1.23212E-2	-2.84768E-2
+4.26150E+0	-8.09951E-1	-1.15583E-2	-2.87644E-2
+4.27620E+0	-8.18136E-1	-2.34601E-2	-2.90473E-2
+4.29100E+0	-8.26213E-1	-1.89588E-2	-2.93309E-2
+4.30570E+0	-8.34070E-1	-1.17872E-2	-2.96018E-2
+4.32050E+0	-8.41814E-1	-1.71277E-2	-2.98630E-2
+4.33520E+0	-8.49337E-1	-2.02558E-2	-3.01384E-2
+4.35000E+0	-8.56741E-1	-2.09424E-2	-3.03968E-2
+4.36470E+0	-8.63925E-1	-1.81196E-2	-3.06426E-2
+4.37940E+0	-8.70936E-1	-5.07330E-3	-3.08763E-2
+4.39420E+0	-8.77821E-1	-9.87982E-3	-3.10908E-2
+4.40890E+0	-8.84484E-1	-1.96454E-2	-3.13290E-2
+4.42370E+0	-8.91015E-1	-2.30787E-2	-3.15574E-2
+4.43840E+0	-8.97325E-1	-1.85773E-2	-3.17824E-2
+4.45320E+0	-9.03497E-1	-1.25501E-2	-3.19863E-2
+4.46790E+0	-9.09447E-1	-1.30079E-2	-3.21925E-2
+4.48270E+0	-9.15256E-1	-1.04139E-2	-3.23863E-2
+4.49740E+0	-9.20842E-1	-1.73566E-2	-3.25717E-2
+4.51220E+0	-9.26283E-1	-1.66700E-2	-3.27423E-2
+4.52690E+0	-9.31501E-1	-1.46863E-2	-3.29353E-2
+4.54160E+0	-9.36535E-1	-5.75994E-3	-3.31082E-2
+4.55640E+0	-9.41415E-1	-2.22394E-2	-3.32760E-2
+4.57110E+0	-9.46074E-1	-9.04058E-3	-3.34288E-2
+4.58590E+0	-9.50575E-1	-1.03376E-2	-3.35655E-2
+4.60060E+0	-9.54857E-1	-5.68365E-3	-3.37180E-2
+4.61540E+0	-9.58976E-1	-1.34656E-2	-3.38606E-2
+4.63010E+0	-9.62876E-1	-1.89588E-2	-3.39830E-2
+4.64490E+0	-9.66609E-1	-1.26264E-2	-3.41199E-2
+4.65960E+0	-9.70124E-1	-3.78978E-5	-3.42212E-2
+4.67440E+0	-9.73469E-1	-1.82722E-2	-3.43417E-2
+4.68910E+0	-9.76597E-1	-1.36182E-2	-3.44439E-2
+4.70380E+0	-9.79531E-1	-1.55256E-2	-3.45454E-2
+4.71860E+0	-9.82289E-1	+8.77629E-4	-3.46341E-2
+4.73330E+0	-9.84832E-1	-8.73541E-3	-3.47223E-2
+4.74810E+0	-9.87195E-1	-1.84247E-2	-3.48038E-2
+4.76280E+0	-9.89345E-1	-2.13239E-2	-3.48683E-2
+4.77760E+0	-9.91311E-1	+1.72808E-2	-3.49502E-2
+4.79230E+0	-9.93066E-1	-2.09424E-2	-3.50285E-2
+4.80710E+0	-9.94634E-1	-1.52204E-2	-3.50542E-2
+4.82180E+0	-9.95993E-1	+1.86945E-3	-3.51032E-2
+4.83660E+0	-9.97162E-1	+5.68415E-3	-3.51444E-2
+4.85130E+0	-9.98124E-1	+3.85309E-3	-3.51864E-2
+4.86600E+0	-9.98888E-1	-7.43841E-3	-3.51932E-2
+4.88080E+0	-9.99456E-1	+6.59968E-3	-3.52217E-2
+4.89550E+0	-9.99822E-1	+7.66779E-3	-3.52337E-2
+4.91030E+0	-9.99989E-1	+2.47980E-3	-3.52610E-2
+4.92500E+0	-9.99956E-1	-7.66729E-3	-3.52583E-2
+4.93980E+0	-9.99722E-1	-1.79266E-3	-3.52509E-2
+4.95450E+0	-9.99290E-1	-3.77630E-3	-3.52472E-2
+4.96930E+0	-9.98655E-1	-1.12531E-2	-3.52264E-2
+4.98400E+0	-9.97825E-1	+5.15009E-3	-3.52166E-2
+4.99880E+0	-9.96790E-1	+3.39533E-3	-3.52251E-2
+5.01350E+0	-9.95562E-1	-1.91114E-2	-3.51943E-2
+5.02820E+0	-9.94137E-1	-6.98065E-3	-3.51515E-2
+5.04300E+0	-9.92503E-1	-3.16595E-3	-3.51421E-2
+5.05770E+0	-9.90682E-1	+8.65961E-3	-3.51197E-2
+5.07250E+0	-9.88650E-1	-3.26154E-2	-3.50484E-2
+5.08720E+0	-9.86434E-1	+2.88775E-2	-3.49771E-2
+5.10200E+0	-9.84006E-1	+2.26214E-2	-3.49726E-2
+5.11670E+0	-9.81398E-1	-8.81170E-3	-3.49304E-2
+5.13150E+0	-9.78575E-1	-7.24543E-4	-3.48578E-2
+5.14620E+0	-9.75576E-1	+3.54792E-3	-3.48020E-2
+5.16100E+0	-9.72361E-1	-8.50653E-3	-3.47348E-2
+5.17570E+0	-9.68974E-1	+6.90485E-3	-3.46729E-2
+5.19050E+0	-9.65369E-1	+1.25506E-2	-3.45926E-2
+5.20520E+0	-9.61597E-1	-1.56378E-3	-3.44980E-2
+5.21990E+0	-9.57633E-1	+1.22454E-2	-3.44229E-2
+5.23470E+0	-9.53451E-1	-2.32672E-3	-3.43136E-2
+5.24940E+0	-9.49106E-1	+3.09015E-3	-3.42137E-2
+5.26420E+0	-9.44542E-1	+1.42291E-2	-3.40999E-2
+5.27890E+0	-9.39820E-1	+1.48394E-2	-3.39803E-2
+5.29370E+0	-9.34878E-1	+2.40351E-3	-3.38640E-2
+5.30840E+0	-9.29782E-1	+9.95661E-3	-3.37421E-2
+5.32320E+0	-9.24465E-1	+2.55610E-3	-3.35935E-2
+5.33790E+0	-9.19000E-1	+5.83674E-3	-3.34601E-2
+5.35270E+0	-9.13314E-1	+1.20928E-2	-3.33142E-2
+5.36740E+0	-9.07484E-1	+9.65143E-3	-3.31508E-2
+5.38210E+0	-9.01473E-1	-2.66780E-4	-3.29891E-2
+5.39690E+0	-8.95241E-1	+1.32372E-2	-3.28271E-2
+5.41160E+0	-8.88873E-1	+1.46868E-2	-3.26413E-2
+5.42640E+0	-8.82283E-1	+4.99750E-3	-3.24590E-2
+5.44110E+0	-8.75561E-1	+2.78498E-3	-3.22789E-2
+5.45590E+0	-8.68618E-1	+1.43817E-2	-3.20958E-2
+5.47060E+0	-8.61549E-1	+1.98748E-2	-3.18837E-2
+5.48540E+0	-8.54259E-1	+1.54498E-2	-3.16561E-2
+5.50010E+0	-8.46848E-1	+9.65143E-3	-3.14557E-2
+5.51490E+0	-8.39217E-1	+1.47631E-2	-3.12321E-2
+5.52960E+0	-8.31470E-1	+1.65179E-2	-3.10048E-2
+5.54430E+0	-8.23557E-1	+1.35424E-2	-3.07581E-2
+5.55910E+0	-8.15426E-1	+1.43817E-2	-3.05240E-2
+5.57380E+0	-8.07187E-1	+1.72045E-2	-3.02744E-2
+5.58860E+0	-7.98730E-1	+1.52209E-2	-3.00068E-2
+5.60330E+0	-7.90171E-1	+1.49920E-2	-2.97491E-2
+5.61810E+0	-7.81396E-1	+2.36895E-2	-2.94659E-2
+5.63280E+0	-7.72524E-1	+2.39184E-2	-2.91993E-2
+5.64760E+0	-7.63436E-1	+2.79620E-2	-2.89065E-2
+5.66230E+0	-7.54258E-1	+1.43817E-2	-2.86153E-2
+5.67710E+0	-7.44866E-1	+2.12481E-2	-2.83216E-2
+5.69180E+0	-7.35389E-1	+2.09429E-2	-2.80250E-2
+5.70650E+0	-7.25766E-1	+2.29266E-2	-2.76993E-2
+5.72130E+0	-7.15932E-1	+1.88067E-2	-2.74003E-2
+5.73600E+0	-7.06021E-1	+1.65179E-2	-2.70594E-2
+5.75080E+0	-6.95902E-1	+2.71990E-2	-2.67296E-2
+5.76550E+0	-6.85712E-1	+2.30029E-2	-2.64010E-2
+5.78030E+0	-6.75315E-1	+1.17877E-2	-2.60544E-2
+5.79500E+0	-6.64854E-1	+2.39947E-2	-2.57052E-2
+5.80980E+0	-6.54189E-1	+2.72753E-2	-2.53634E-2
+5.82450E+0	-6.43465E-1	+2.01800E-2	-2.49990E-2
+5.83930E+0	-6.32539E-1	+2.15533E-2	-2.46025E-2
+5.85400E+0	-6.21560E-1	+3.10137E-2	-2.42231E-2
+5.86870E+0	-6.10459E-1	+4.10845E-2	-2.38524E-2
+5.88350E+0	-5.99159E-1	+3.48284E-2	-2.34786E-2
+5.89820E+0	-5.87816E-1	+2.82672E-2	-2.30817E-2
+5.91300E+0	-5.76278E-1	+1.51446E-2	-2.26827E-2
+5.92770E+0	-5.64704E-1	+1.17114E-2	-2.22750E-2
+5.94250E+0	-5.52937E-1	+1.21691E-2	-2.18539E-2
+5.95720E+0	-5.41139E-1	+1.88830E-2	-2.14320E-2
+5.97200E+0	-5.29153E-1	+2.33843E-2	-2.09991E-2
+5.98670E+0	-5.17142E-1	+3.00219E-2	-2.05718E-2
+6.00150E+0	-5.04946E-1	+3.60491E-2	-2.01356E-2
+6.01620E+0	-4.92731E-1	+3.80328E-2	-1.96952E-2
+6.03100E+0	-4.80335E-1	+3.20819E-2	-1.92504E-2
+6.04570E+0	-4.67926E-1	+3.52862E-2	-1.88073E-2
+6.06040E+0	-4.55425E-1	+3.48284E-2	-1.83511E-2
+6.07520E+0	-4.42747E-1	+2.01800E-2	-1.78876E-2
+6.08990E+0	-4.30067E-1	+7.36261E-3	-1.74320E-2
+6.10470E+0	-4.17214E-1	+8.12555E-3	-1.69701E-2
+6.11940E+0	-4.04365E-1	+6.59968E-3	-1.65076E-2
+6.13420E+0	-3.91347E-1	+1.85015E-2	-1.60296E-2
+6.14890E+0	-3.78339E-1	+3.52862E-2	-1.55613E-2
+6.16370E+0	-3.65167E-1	+5.29864E-2	-1.50605E-2
+6.17840E+0	-3.52011E-1	+5.28338E-2	-1.45582E-2
+6.19320E+0	-3.38695E-1	+4.04742E-2	-1.40303E-2
+6.20790E+0	-3.25401E-1	+1.94171E-2	-1.35463E-2
+6.22260E+0	-3.12043E-1	+1.85015E-2	-1.30653E-2
+6.23740E+0	-2.98531E-1	+3.78039E-2	-1.25628E-2
+6.25210E+0	-2.85051E-1	+4.87139E-2	-1.20416E-2
+6.26690E+0	-2.71422E-1	+4.20764E-2	-1.15105E-2
+6.28160E+0	-2.57831E-1	+2.47576E-2	-1.09976E-2
+6.29640E+0	-2.44096E-1	+3.05560E-2	-1.04914E-2
+6.31110E+0	-2.30405E-1	+4.81799E-2	-9.96613E-3
+6.32590E+0	-2.16575E-1	+4.13134E-2	-9.40870E-3
+6.34060E+0	-2.02795E-1	+2.23925E-2	-8.88738E-3
+6.35540E+0	-1.88880E-1	+3.16241E-2	-8.37590E-3
+6.37010E+0	-1.75022E-1	+4.16186E-2	-7.84324E-3
+6.38480E+0	-1.61129E-1	+3.65832E-2	-7.28706E-3
+6.39960E+0	-1.47110E-1	+2.66650E-2	-6.75326E-3
+6.41430E+0	-1.33156E-1	+4.41363E-2	-6.22673E-3
+6.42910E+0	-1.19080E-1	+4.42126E-2	-5.65843E-3
+6.44380E+0	-1.05075E-1	+2.39947E-2	-5.12395E-3
+6.45860E+0	-9.09542E-2	+3.84905E-2	-4.59309E-3
+6.47330E+0	-7.69106E-2	+5.00872E-2	-4.03886E-3
+6.48810E+0	-6.27561E-2	+2.77331E-2	-3.48260E-3
+6.50280E+0	-4.86846E-2	+3.39129E-2	-2.94579E-3
+6.51760E+0	-3.45077E-2	+4.65014E-2	-2.38375E-3
+6.53230E+0	-2.04197E-2	+3.13189E-2	-1.82178E-3
+6.54700E+0	-6.32763E-3	+2.64361E-2	-1.28944E-3
+6.56180E+0	+7.86157E-3	+4.67303E-2	-7.33417E-4
+6.57650E+0	+2.19533E-2	+4.24578E-2	-1.75869E-4
+6.59130E+0	+3.61366E-2	+2.88775E-2	+3.58726E-4
+6.60600E+0	+5.02167E-2	+4.48992E-2	+9.20814E-4
+6.62080E+0	+6.43826E-2	+4.10845E-2	+1.48347E-3
+6.63550E+0	+7.84400E-2	+2.70465E-2	+2.01909E-3
+6.65030E+0	+9.25772E-2	+4.29156E-2	+2.55781E-3
+6.66500E+0	+1.06600E-1	+4.89428E-2	+3.11566E-3
+6.67980E+0	+1.20698E-1	+3.10137E-2	+3.66224E-3
+6.69450E+0	+1.34676E-1	+3.58966E-2	+4.19326E-3
+6.70920E+0	+1.48627E-1	+4.94769E-2	+4.75495E-3
+6.72400E+0	+1.62643E-1	+3.24633E-2	+5.30601E-3
+6.73870E+0	+1.76532E-1	+2.44525E-2	+5.82796E-3
+6.75350E+0	+1.90481E-1	+4.42889E-2	+6.36894E-3
+6.76820E+0	+2.04297E-1	+4.81799E-2	+6.91620E-3
+6.78300E+0	+2.18166E-1	+2.55206E-2	+7.45177E-3
+6.79770E+0	+2.31898E-1	+2.91827E-2	+7.95993E-3
+6.81250E+0	+2.45676E-1	+4.79510E-2	+8.50294E-3
+6.82720E+0	+2.59313E-1	+4.34497E-2	+9.03551E-3
+6.84200E+0	+2.72990E-1	+2.01037E-2	+9.56055E-3
+6.85670E+0	+2.86521E-1	+2.58257E-2	+1.00625E-2
+6.87140E+0	+2.99995E-1	+4.23052E-2	+1.05756E-2
+6.88620E+0	+3.13500E-1	+4.82562E-2	+1.11009E-2
+6.90090E+0	+3.26851E-1	+3.60491E-2	+1.16276E-2
+6.91570E+0	+3.40228E-1	+1.98748E-2	+1.21352E-2
+6.93040E+0	+3.53446E-1	+2.01037E-2	+1.26206E-2
+6.94520E+0	+3.66684E-1	+3.95587E-2	+1.31215E-2
+6.95990E+0	+3.79759E-1	+5.19946E-2	+1.36335E-2
+6.97470E+0	+3.92846E-1	+4.95532E-2	+1.41564E-2
+6.98940E+0	+4.05767E-1	+3.58966E-2	+1.46423E-2
+7.00420E+0	+4.18695E-1	+1.77386E-2	+1.51276E-2
+7.01890E+0	+4.31451E-1	+9.88032E-3	+1.55936E-2
+7.03370E+0	+4.44208E-1	+8.88849E-3	+1.60628E-2
+7.04840E+0	+4.56790E-1	+1.77386E-2	+1.65191E-2
+7.06310E+0	+4.69282E-1	+2.81146E-2	+1.69815E-2
+7.07790E+0	+4.81764E-1	+3.75750E-2	+1.74485E-2
+7.09260E+0	+4.94066E-1	+3.52862E-2	+1.79117E-2
+7.10740E+0	+5.06352E-1	+3.87957E-2	+1.83666E-2
+7.12210E+0	+5.18454E-1	+4.06268E-2	+1.88166E-2
+7.13690E+0	+5.30535E-1	+4.12371E-2	+1.92663E-2
+7.15160E+0	+5.42429E-1	+3.80328E-2	+1.97074E-2
+7.16640E+0	+5.54294E-1	+3.13189E-2	+2.01457E-2
+7.18110E+0	+5.65969E-1	+2.03326E-2	+2.05813E-2
+7.19590E+0	+5.77610E-1	+1.69757E-2	+2.10215E-2
+7.21060E+0	+5.89057E-1	+9.72773E-3	+2.14611E-2
+7.22530E+0	+6.00386E-1	+1.38476E-2	+2.18780E-2
+7.24010E+0	+6.11673E-1	+2.93353E-2	+2.22972E-2
+7.25480E+0	+6.22761E-1	+3.97875E-2	+2.26838E-2
+7.26960E+0	+6.33800E-1	+3.66595E-2	+2.30750E-2
+7.28430E+0	+6.44638E-1	+2.55969E-2	+2.34650E-2
+7.29910E+0	+6.55420E-1	+2.30029E-2	+2.38714E-2
+7.31380E+0	+6.65999E-1	+3.19293E-2	+2.42679E-2
+7.32860E+0	+6.76516E-1	+3.28448E-2	+2.46335E-2
+7.34330E+0	+6.86828E-1	+1.86541E-2	+2.50136E-2
+7.35810E+0	+6.97071E-1	+2.42999E-2	+2.53895E-2
+7.37280E+0	+7.07107E-1	+2.75042E-2	+2.57367E-2
+7.38750E+0	+7.17002E-1	+1.87304E-2	+2.60877E-2
+7.40230E+0	+7.26820E-1	+2.38421E-2	+2.64458E-2
+7.41700E+0	+7.36428E-1	+1.85015E-2	+2.67759E-2
+7.43180E+0	+7.45952E-1	+2.26977E-2	+2.71302E-2
+7.44650E+0	+7.55264E-1	+2.55206E-2	+2.74522E-2
+7.46130E+0	+7.64488E-1	+1.58312E-2	+2.77898E-2
+7.47600E+0	+7.73497E-1	+2.53680E-2	+2.80998E-2
+7.49080E+0	+7.82412E-1	+2.04852E-2	+2.84389E-2
+7.50550E+0	+7.91111E-1	+2.15533E-2	+2.87254E-2
+7.52030E+0	+7.99710E-1	+2.59783E-2	+2.90290E-2
+7.53500E+0	+8.08092E-1	+1.58312E-2	+2.93226E-2
+7.54970E+0	+8.16313E-1	+1.43054E-2	+2.95965E-2
+7.56450E+0	+8.24427E-1	+1.34661E-2	+2.98886E-2
+7.57920E+0	+8.32321E-1	+1.20928E-2	+3.01609E-2
+7.59400E+0	+8.40102E-1	+1.36950E-2	+3.04187E-2
+7.60870E+0	+8.47663E-1	+1.85015E-2	+3.06806E-2
+7.62350E+0	+8.55105E-1	+1.79675E-2	+3.09552E-2
+7.63820E+0	+8.62327E-1	+1.47631E-2	+3.11952E-2
+7.65300E+0	+8.69425E-1	+1.65179E-2	+3.14421E-2
+7.66770E+0	+8.76301E-1	+7.05744E-3	+3.16791E-2
+7.68250E+0	+8.83049E-1	+1.11773E-2	+3.19023E-2
+7.69720E+0	+8.89574E-1	+1.98748E-2	+3.21176E-2
+7.71190E+0	+8.95924E-1	+1.78912E-2	+3.23385E-2
+7.72670E+0	+9.02136E-1	+2.00274E-2	+3.25541E-2
+7.74140E+0	+9.08127E-1	+1.92645E-2	+3.27627E-2
+7.75620E+0	+9.13976E-1	+2.30792E-2	+3.29535E-2
+7.77090E+0	+9.19604E-1	+1.70519E-2	+3.31479E-2
+7.78570E+0	+9.25086E-1	-4.95662E-4	+3.33339E-2
+7.80040E+0	+9.30346E-1	+1.43054E-2	+3.35193E-2
+7.81520E+0	+9.35455E-1	+1.48394E-2	+3.36889E-2
+7.82990E+0	+9.40343E-1	+1.23980E-2	+3.38556E-2
+7.84470E+0	+9.45076E-1	+8.96479E-3	+3.40139E-2
+7.85940E+0	+9.49588E-1	+5.07380E-3	+3.41536E-2
+7.87420E+0	+9.53941E-1	+1.08721E-2	+3.43125E-2
+7.88890E+0	+9.58074E-1	+1.36187E-2	+3.44547E-2
+7.90360E+0	+9.62017E-1	+1.70519E-2	+3.45729E-2
+7.91840E+0	+9.65793E-1	+8.65961E-3	+3.47144E-2
+7.93310E+0	+9.69352E-1	+9.53923E-4	+3.48186E-2
+7.94790E+0	+9.72740E-1	+1.85015E-2	+3.49450E-2
+7.96260E+0	+9.75912E-1	+1.72045E-2	+3.50633E-2
+7.97740E+0	+9.78909E-1	+1.28558E-2	+3.51627E-2
+7.99210E+0	+9.81691E-1	+1.39239E-2	+3.52366E-2
+8.00690E+0	+9.84295E-1	+8.04926E-3	+3.53298E-2
+8.02160E+0	+9.86685E-1	+1.25910E-3	+3.54127E-2
+8.03640E+0	+9.88893E-1	+3.31904E-3	+3.55004E-2
+8.05110E+0	+9.90890E-1	+3.03271E-2	+3.55607E-2
+8.06580E+0	+9.92689E-1	-1.91877E-2	+3.56123E-2
+8.08060E+0	+9.94302E-1	+3.39533E-3	+3.56540E-2
+8.09530E+0	+9.95706E-1	-5.30218E-3	+3.57072E-2
+8.11010E+0	+9.96919E-1	+1.68231E-2	+3.57505E-2
+8.12480E+0	+9.97925E-1	-3.92889E-3	+3.57719E-2
+8.13960E+0	+9.98738E-1	-4.95662E-4	+3.58189E-2
+8.15430E+0	+9.99347E-1	+1.16351E-2	+3.58359E-2
+8.16910E+0	+9.99759E-1	-1.90486E-4	+3.58283E-2
+8.18380E+0	+9.99969E-1	-5.45477E-3	+3.58557E-2
+8.19860E+0	+9.99980E-1	-4.23406E-3	+3.58626E-2
+8.21330E+0	+9.99791E-1	-7.28582E-3	+3.58392E-2
+8.22800E+0	+9.99404E-1	-4.69183E-3	+3.58480E-2
+8.24280E+0	+9.98814E-1	-1.56378E-3	+3.58446E-2
+8.25750E+0	+9.98029E-1	+1.91119E-2	+3.58224E-2
+8.27230E+0	+9.97038E-1	-2.02154E-3	+3.57949E-2
+8.28700E+0	+9.95855E-1	-2.36127E-2	+3.57840E-2
+8.30180E+0	+9.94464E-1	+2.17463E-3	+3.57644E-2
+8.31650E+0	+9.92885E-1	-8.73541E-3	+3.57188E-2
+8.33130E+0	+9.91095E-1	+4.99750E-3	+3.56886E-2
+8.34600E+0	+9.89120E-1	-1.64411E-2	+3.56773E-2
+8.36080E+0	+9.86933E-1	+3.61254E-2	+3.56194E-2
+8.37550E+0	+9.84564E-1	+1.96459E-2	+3.55521E-2
+8.39020E+0	+9.82000E-1	-1.69752E-2	+3.55233E-2
+8.40500E+0	+9.79221E-1	+6.59968E-3	+3.54626E-2
+8.41970E+0	+9.76266E-1	+6.48748E-4	+3.53993E-2
+8.43450E+0	+9.73095E-1	+1.71686E-3	+3.53246E-2
+8.44920E+0	+9.69751E-1	-6.06512E-3	+3.52558E-2
+8.46400E+0	+9.66190E-1	-5.68365E-3	+3.51757E-2
+8.47870E+0	+9.62460E-1	-3.31854E-3	+3.50688E-2
+8.49350E+0	+9.58512E-1	-4.53924E-3	+3.49951E-2
+8.50820E+0	+9.54400E-1	+4.96160E-4	+3.48824E-2
+8.52300E+0	+9.50068E-1	-8.73541E-3	+3.47820E-2
+8.53770E+0	+9.45576E-1	-1.15583E-2	+3.46678E-2
+8.55240E+0	+9.40896E-1	-1.15583E-2	+3.45448E-2
+8.56720E+0	+9.35996E-1	+2.67278E-4	+3.44237E-2
+8.58190E+0	+9.30942E-1	-9.95611E-3	+3.43005E-2
+8.59670E+0	+9.25667E-1	-4.76812E-3	+3.41420E-2
+8.61140E+0	+9.20243E-1	-1.46100E-2	+3.40130E-2
+8.62620E+0	+9.14598E-1	-1.72803E-2	+3.38568E-2
+8.64090E+0	+9.08808E-1	-5.91253E-3	+3.37006E-2
+8.65570E+0	+9.02797E-1	-1.00324E-2	+3.35424E-2
+8.67040E+0	+8.96646E-1	-1.12531E-2	+3.33612E-2
+8.68520E+0	+8.90274E-1	-9.42205E-3	+3.31869E-2
+8.69990E+0	+8.83767E-1	-1.08716E-2	+3.30127E-2
+8.71460E+0	+8.77085E-1	-2.55964E-2	+3.28183E-2
+8.72940E+0	+8.70181E-1	-1.56019E-2	+3.26032E-2
+8.74410E+0	+8.63151E-1	-5.75994E-3	+3.24027E-2
+8.75890E+0	+8.55900E-1	-7.05694E-3	+3.22131E-2
+8.77360E+0	+8.48526E-1	-2.80378E-2	+3.19833E-2
+8.78840E+0	+8.40933E-1	-1.70514E-2	+3.17454E-2
+8.80310E+0	+8.33223E-1	-1.73566E-2	+3.15224E-2
+8.81790E+0	+8.25294E-1	-1.52204E-2	+3.12915E-2
+8.83260E+0	+8.17253E-1	-2.63593E-2	+3.10365E-2
+8.84740E+0	+8.08994E-1	-1.78907E-2	+3.07839E-2
+8.86210E+0	+8.00630E-1	-1.84247E-2	+3.05313E-2
+8.87690E+0	+7.92048E-1	-2.60541E-2	+3.02549E-2
+8.89160E+0	+7.83366E-1	-1.59833E-2	+2.99876E-2
+8.90630E+0	+7.74529E-1	-2.07136E-2	+2.97028E-2
+8.92110E+0	+7.65476E-1	-1.38471E-2	+2.94171E-2
+8.93580E+0	+7.56331E-1	-1.97980E-2	+2.91382E-2
+8.95060E+0	+7.46973E-1	-2.17054E-2	+2.88299E-2
+8.96530E+0	+7.37529E-1	-2.55964E-2	+2.85146E-2
+8.98010E+0	+7.27873E-1	-8.81170E-3	+2.82093E-2
+8.99480E+0	+7.18137E-1	-2.13239E-2	+2.78834E-2
+9.00960E+0	+7.08191E-1	-2.83430E-2	+2.75696E-2
+9.02430E+0	+6.98170E-1	-2.14765E-2	+2.72278E-2
+9.03910E+0	+6.87942E-1	-2.59778E-2	+2.68852E-2
+9.05380E+0	+6.77645E-1	-3.22339E-2	+2.65546E-2
+9.06850E+0	+6.67214E-1	-1.51441E-2	+2.61894E-2
+9.08330E+0	+6.56578E-1	-2.55201E-2	+2.58213E-2
+9.09800E+0	+6.45883E-1	-2.87244E-2	+2.54668E-2
+9.11280E+0	+6.34986E-1	-2.54438E-2	+2.51167E-2
+9.12750E+0	+6.24036E-1	-1.56019E-2	+2.47341E-2
+9.14230E+0	+6.12886E-1	-1.61359E-2	+2.43438E-2
+9.15700E+0	+6.01689E-1	-2.67408E-2	+2.39428E-2
+9.17180E+0	+5.90295E-1	-3.84138E-2	+2.35579E-2
+9.18650E+0	+5.78861E-1	-4.35254E-2	+2.31672E-2
+9.20130E+0	+5.67233E-1	-3.76508E-2	+2.27609E-2
+9.21600E+0	+5.55570E-1	-3.13947E-2	+2.23593E-2
+9.23070E+0	+5.43797E-1	-2.46045E-2	+2.19404E-2
+9.24550E+0	+5.31835E-1	-1.24738E-2	+2.15064E-2
+9.26020E+0	+5.19847E-1	-7.05694E-3	+2.10750E-2
+9.27500E+0	+5.07674E-1	-7.74359E-3	+2.06363E-2
+9.28970E+0	+4.95482E-1	-5.22589E-3	+2.02024E-2
+9.30450E+0	+4.83107E-1	-9.42205E-3	+1.97600E-2
+9.31920E+0	+4.70720E-1	-7.13323E-3	+1.93082E-2
+9.33400E+0	+4.58154E-1	-8.12506E-3	+1.88586E-2
+9.34870E+0	+4.45582E-1	-1.72040E-2	+1.84041E-2
+9.36350E+0	+4.32835E-1	-2.49097E-2	+1.79378E-2
+9.37820E+0	+4.20087E-1	-3.37598E-2	+1.74720E-2
+9.39290E+0	+4.07256E-1	-4.54328E-2	+1.69961E-2
+9.40770E+0	+3.94256E-1	-5.23755E-2	+1.65063E-2
+9.42240E+0	+3.81266E-1	-5.58088E-2	+1.60015E-2
+9.43720E+0	+3.68110E-1	-3.84138E-2	+1.54992E-2
+9.45190E+0	+3.54970E-1	-2.22394E-2	+1.50052E-2
+9.46670E+0	+3.41670E-1	-1.59833E-2	+1.45300E-2
+9.48140E+0	+3.28391E-1	-2.34601E-2	+1.40386E-2
+9.49620E+0	+3.14956E-1	-4.97816E-2	+1.35266E-2
+9.51090E+0	+3.01549E-1	-4.91712E-2	+1.29987E-2
+9.52570E+0	+2.87990E-1	-3.04792E-2	+1.24813E-2
+9.54040E+0	+2.74466E-1	-2.14002E-2	+1.19782E-2
+9.55510E+0	+2.60887E-1	-2.97925E-2	+1.14781E-2
+9.56990E+0	+2.47163E-1	-4.81794E-2	+1.09542E-2
+9.58460E+0	+2.33483E-1	-4.03974E-2	+1.04102E-2
+9.59940E+0	+2.19662E-1	-2.70460E-2	+9.89623E-3
+9.61410E+0	+2.05892E-1	-3.81086E-2	+9.38089E-3
+9.62890E+0	+1.91986E-1	-5.15363E-2	+8.83620E-3
+9.64360E+0	+1.78136E-1	-3.20814E-2	+8.28378E-3
+9.65840E+0	+1.64157E-1	-2.40705E-2	+7.76793E-3
+9.67310E+0	+1.50238E-1	-3.97870E-2	+7.23978E-3
+9.68790E+0	+1.36196E-1	-4.19996E-2	+6.68119E-3
+9.70260E+0	+1.22220E-1	-2.98688E-2	+6.14593E-3
+9.71740E+0	+1.08126E-1	-3.73456E-2	+5.61275E-3
+9.73210E+0	+9.41045E-2	-5.12311E-2	+5.06297E-3
+9.74680E+0	+8.00647E-2	-3.49042E-2	+4.51088E-3
+9.76160E+0	+6.59134E-2	-2.73511E-2	+3.98121E-3
+9.77630E+0	+5.18445E-2	-4.65009E-2	+3.43566E-3
+9.79110E+0	+3.76695E-2	-3.70405E-2	+2.86959E-3
+9.80580E+0	+2.35828E-2	-3.04792E-2	+2.34140E-3
+9.82060E+0	+9.39549E-3	-4.80268E-2	+1.78867E-3
+9.83530E+0	-4.69780E-3	-3.38361E-2	+1.24162E-3
+9.85010E+0	-1.88860E-2	-2.47571E-2	+6.91444E-4
+9.86480E+0	-3.29746E-2	-4.23810E-2	+1.47777E-4
+9.87960E+0	-4.71524E-2	-4.24573E-2	-4.17806E-4
+9.89430E+0	-6.12250E-2	-2.75037E-2	-9.71868E-4
+9.90900E+0	-7.52855E-2	-3.87189E-2	-1.50520E-3
+9.92380E+0	-8.94265E-2	-4.54328E-2	-2.07040E-3
+9.93850E+0	-1.03454E-1	-2.88007E-2	-2.60615E-3
+9.95330E+0	-1.17556E-1	-3.30732E-2	-3.13637E-3
+9.96800E+0	-1.31540E-1	-5.29096E-2	-3.68613E-3
+9.98280E+0	-1.45592E-1	-3.78034E-2	-4.22981E-3
+9.99750E+0	-1.59521E-1	-2.74274E-2	-4.75625E-3
+1.00123E+1	-1.73512E-1	-4.99341E-2	-5.29349E-3
+1.00270E+1	-1.87374E-1	-4.00922E-2	-5.83168E-3
+1.00418E+1	-2.01292E-1	-2.38416E-2	-6.36290E-3
+1.00565E+1	-2.15077E-1	-2.75800E-2	-6.87168E-3
+1.00712E+1	-2.28819E-1	-4.72638E-2	-7.40673E-3
+1.00860E+1	-2.42608E-1	-4.02448E-2	-7.94240E-3
+1.01007E+1	-2.56256E-1	-2.51386E-2	-8.46691E-3
+1.01155E+1	-2.69945E-1	-3.17762E-2	-8.96415E-3
+1.01302E+1	-2.83488E-1	-4.21522E-2	-9.48556E-3
+1.01450E+1	-2.97066E-1	-4.45936E-2	-1.00149E-2
+1.01597E+1	-3.10494E-1	-2.65882E-2	-1.05291E-2
+1.01745E+1	-3.23950E-1	-1.60596E-2	-1.10208E-2
+1.01892E+1	-3.37251E-1	-2.89533E-2	-1.15037E-2
+1.02040E+1	-3.50575E-1	-4.46699E-2	-1.20142E-2
+1.02187E+1	-3.63738E-1	-4.55091E-2	-1.25245E-2
+1.02334E+1	-3.76830E-1	-3.44465E-2	-1.30252E-2
+1.02482E+1	-3.89935E-1	-1.91114E-2	-1.34968E-2
+1.02629E+1	-4.02873E-1	-1.43049E-2	-1.39740E-2
+1.02777E+1	-4.15819E-1	-2.23157E-2	-1.44426E-2
+1.02924E+1	-4.28595E-1	-3.56672E-2	-1.49178E-2
+1.03072E+1	-4.41371E-1	-4.88660E-2	-1.53902E-2
+1.03219E+1	-4.53973E-1	-5.64191E-2	-1.58758E-2
+1.03367E+1	-4.66570E-1	-5.29096E-2	-1.63593E-2
+1.03514E+1	-4.78989E-1	-4.97053E-2	-1.68247E-2
+1.03662E+1	-4.91396E-1	-5.32911E-2	-1.72862E-2
+1.03809E+1	-5.03621E-1	-4.80268E-2	-1.77434E-2
+1.03956E+1	-5.15746E-1	-4.94001E-2	-1.81926E-2
+1.04104E+1	-5.27851E-1	-4.45173E-2	-1.86346E-2
+1.04251E+1	-5.39768E-1	-4.46699E-2	-1.90695E-2
+1.04399E+1	-5.51658E-1	-4.52802E-2	-1.95017E-2
+1.04546E+1	-5.63358E-1	-4.77216E-2	-1.99119E-2
+1.04694E+1	-5.75024E-1	-4.37543E-2	-2.03256E-2
+1.04841E+1	-5.86497E-1	-3.62775E-2	-2.07170E-2
+1.04989E+1	-5.97930E-1	-3.18525E-2	-2.11384E-2
+1.05136E+1	-6.09167E-1	-1.72040E-2	-2.15476E-2
+1.05284E+1	-6.20358E-1	-1.61359E-2	-2.19749E-2
+1.05431E+1	-6.31350E-1	-2.24683E-2	-2.23735E-2
+1.05578E+1	-6.42216E-1	-3.95582E-2	-2.27611E-2
+1.05726E+1	-6.53028E-1	-3.44465E-2	-2.31353E-2
+1.05873E+1	-6.63636E-1	-1.62885E-2	-2.35194E-2
+1.06021E+1	-6.74183E-1	-1.82722E-2	-2.39068E-2
+1.06168E+1	-6.84525E-1	-2.90296E-2	-2.42501E-2
+1.06316E+1	-6.94799E-1	-1.93403E-2	-2.46126E-2
+1.06463E+1	-7.04866E-1	-2.22394E-2	-2.49856E-2
+1.06611E+1	-7.14860E-1	-3.45991E-2	-2.53400E-2
+1.06758E+1	-7.24644E-1	-1.97980E-2	-2.56799E-2
+1.06906E+1	-7.34349E-1	-3.13184E-2	-2.60303E-2
+1.07053E+1	-7.43842E-1	-2.60541E-2	-2.63501E-2
+1.07201E+1	-7.53250E-1	-2.23920E-2	-2.66920E-2
+1.07348E+1	-7.62444E-1	-2.34601E-2	-2.69970E-2
+1.07495E+1	-7.71488E-1	-2.30024E-2	-2.73229E-2
+1.07643E+1	-7.80438E-1	-2.14765E-2	-2.76142E-2
+1.07790E+1	-7.89172E-1	-1.70514E-2	-2.79340E-2
+1.07938E+1	-7.97806E-1	-1.33130E-2	-2.82259E-2
+1.08085E+1	-8.06224E-1	-2.65882E-2	-2.85127E-2
+1.08233E+1	-8.14537E-1	-2.07136E-2	-2.88121E-2
+1.08380E+1	-8.22632E-1	-1.96454E-2	-2.90840E-2
+1.08528E+1	-8.30616E-1	-2.37653E-2	-2.93636E-2
+1.08675E+1	-8.38382E-1	-1.88825E-2	-2.96397E-2
+1.08823E+1	-8.46031E-1	-1.50678E-2	-2.99083E-2
+1.08970E+1	-8.53461E-1	-1.04902E-2	-3.01422E-2
+1.09117E+1	-8.60721E-1	-2.31550E-2	-3.04080E-2
+1.09265E+1	-8.67857E-1	-1.28553E-2	-3.06517E-2
+1.09412E+1	-8.74773E-1	-1.16346E-2	-3.08757E-2
+1.09560E+1	-8.81559E-1	-1.62885E-2	-3.11134E-2
+1.09707E+1	-8.88125E-1	-1.78144E-2	-3.13447E-2
+1.09855E+1	-8.94557E-1	-9.72723E-3	-3.15672E-2
+1.10002E+1	-9.00767E-1	-4.99700E-3	-3.17698E-2
+1.10150E+1	-9.06838E-1	-7.43841E-3	-3.19722E-2
+1.10297E+1	-9.12688E-1	-1.03376E-2	-3.21729E-2
+1.10445E+1	-9.18395E-1	-8.04876E-3	-3.23655E-2
+1.10592E+1	-9.23880E-1	-1.78907E-2	-3.25510E-2
+1.10739E+1	-9.29181E-1	-2.66645E-2	-3.27245E-2
+1.10887E+1	-9.34332E-1	-9.04058E-3	-3.29013E-2
+1.11034E+1	-9.39262E-1	-1.33130E-2	-3.30666E-2
+1.11182E+1	-9.44037E-1	-1.79266E-3	-3.32288E-2
+1.11329E+1	-9.48592E-1	-3.54742E-3	-3.33823E-2
+1.11477E+1	-9.52987E-1	-1.59833E-2	-3.35221E-2
+1.11624E+1	-9.57163E-1	-1.39997E-2	-3.36701E-2
+1.11772E+1	-9.61175E-1	-1.13294E-2	-3.37985E-2
+1.11919E+1	-9.64968E-1	-1.30842E-2	-3.39262E-2
+1.12067E+1	-9.68594E-1	-1.90486E-4	-3.40345E-2
+1.12214E+1	-9.72002E-1	-1.98743E-2	-3.41553E-2
+1.12361E+1	-9.75217E-1	-1.23212E-2	-3.42682E-2
+1.12509E+1	-9.78258E-1	-8.73541E-3	-3.43721E-2
+1.12656E+1	-9.81083E-1	-1.79670E-2	-3.44597E-2
+1.12804E+1	-9.83731E-1	+8.77629E-4	-3.45533E-2
+1.12951E+1	-9.86165E-1	+4.38715E-3	-3.46288E-2
+1.13099E+1	-9.88418E-1	+5.53156E-3	-3.46965E-2
+1.13246E+1	-9.90459E-1	+1.30084E-2	-3.48040E-2
+1.13394E+1	-9.92314E-1	-2.88007E-2	-3.48573E-2
+1.13541E+1	-9.93960E-1	+3.85309E-3	-3.49051E-2
+1.13689E+1	-9.95417E-1	-1.04902E-2	-3.49536E-2
+1.13836E+1	-9.96666E-1	-5.75994E-3	-3.49872E-2
+1.13983E+1	-9.97717E-1	-1.44575E-2	-3.50415E-2
+1.14131E+1	-9.98574E-1	+2.63239E-3	-3.50480E-2
+1.14278E+1	-9.99228E-1	+1.25506E-2	-3.50945E-2
+1.14426E+1	-9.99685E-1	-6.37030E-3	-3.50943E-2
+1.14573E+1	-9.99939E-1	-8.58282E-3	-3.51078E-2
+1.14721E+1	-9.99995E-1	-1.33489E-3	-3.51044E-2
+1.14868E+1	-9.99851E-1	+2.70868E-3	-3.51065E-2
+1.15016E+1	-9.99506E-1	+3.43572E-4	-3.50924E-2
+1.15163E+1	-9.98963E-1	+8.27814E-3	-3.50774E-2
+1.15311E+1	-9.98217E-1	+1.31610E-2	-3.50850E-2
+1.15458E+1	-9.97276E-1	-1.78144E-2	-3.50653E-2
+1.15606E+1	-9.96129E-1	-2.66780E-4	-3.50360E-2
+1.15753E+1	-9.94792E-1	+6.59968E-3	-3.50266E-2
+1.15900E+1	-9.93256E-1	-2.17413E-3	-3.50115E-2
+1.16048E+1	-9.91511E-1	+2.78498E-3	-3.49806E-2
+1.16195E+1	-9.89581E-1	-4.19368E-4	-3.49020E-2
+1.16343E+1	-9.87438E-1	+4.80273E-2	-3.48983E-2
+1.16490E+1	-9.85113E-1	+8.77629E-4	-3.48717E-2
+1.16638E+1	-9.82575E-1	-1.48748E-3	-3.47866E-2
+1.16785E+1	-9.79858E-1	+2.09833E-3	-3.47432E-2
+1.16933E+1	-9.76926E-1	-4.00518E-3	-3.46798E-2
+1.17080E+1	-9.73819E-1	-2.17413E-3	-3.46134E-2
+1.17228E+1	-9.70495E-1	+6.52338E-3	-3.45512E-2
+1.17375E+1	-9.67001E-1	+4.31086E-3	-3.44819E-2
+1.17522E+1	-9.63314E-1	+2.86127E-3	-3.43792E-2
+1.17670E+1	-9.59409E-1	+1.10651E-3	-3.43126E-2
+1.17817E+1	-9.55340E-1	+3.31904E-3	-3.41977E-2
+1.17965E+1	-9.51051E-1	+3.77680E-3	-3.41045E-2
+1.18112E+1	-9.46601E-1	+1.61364E-2	-3.39984E-2
+1.18260E+1	-9.41931E-1	+8.43073E-3	-3.38881E-2
+1.18407E+1	-9.37105E-1	+5.30268E-3	-3.37590E-2
+1.18555E+1	-9.32058E-1	+4.00568E-3	-3.36428E-2
+1.18702E+1	-9.26859E-1	+1.37713E-2	-3.34928E-2
+1.18850E+1	-9.21440E-1	+2.47980E-3	-3.33675E-2
+1.18997E+1	-9.15873E-1	+6.14191E-3	-3.32228E-2
+1.19144E+1	-9.10124E-1	+1.63653E-2	-3.30691E-2
+1.19292E+1	-9.04153E-1	+1.25506E-2	-3.29057E-2
+1.19439E+1	-8.98043E-1	+1.01092E-2	-3.27472E-2
+1.19587E+1	-8.91711E-1	+1.33135E-2	-3.25723E-2
+1.19734E+1	-8.85243E-1	+1.17877E-2	-3.23859E-2
+1.19882E+1	-8.78555E-1	+7.66779E-3	-3.21982E-2
+1.20029E+1	-8.71736E-1	+1.14825E-2	-3.20195E-2
+1.20177E+1	-8.64696E-1	+1.42291E-2	-3.18201E-2
+1.20324E+1	-8.57531E-1	+1.68994E-2	-3.16046E-2
+1.20472E+1	-8.50146E-1	+6.90485E-3	-3.13971E-2
+1.20619E+1	-8.42641E-1	+1.76623E-2	-3.11801E-2
+1.20766E+1	-8.34968E-1	+1.19403E-2	-3.09547E-2
+1.20914E+1	-8.27076E-1	+2.04089E-2	-3.07158E-2
+1.21061E+1	-8.19073E-1	+2.01800E-2	-3.04788E-2
+1.21209E+1	-8.10850E-1	+1.76623E-2	-3.02243E-2
+1.21356E+1	-8.02522E-1	+1.46868E-2	-2.99740E-2
+1.21504E+1	-7.93975E-1	+2.40710E-2	-2.97146E-2
+1.21651E+1	-7.85329E-1	+2.01800E-2	-2.94396E-2
+1.21799E+1	-7.76466E-1	+2.42999E-2	-2.91610E-2
+1.21946E+1	-7.67508E-1	+1.78912E-2	-2.88734E-2
+1.22094E+1	-7.58335E-1	+1.89593E-2	-2.85991E-2
+1.22241E+1	-7.49073E-1	+1.23980E-2	-2.83029E-2
+1.22388E+1	-7.39662E-1	+1.95696E-2	-2.80140E-2
+1.22536E+1	-7.30039E-1	+1.68231E-2	-2.76849E-2
+1.22683E+1	-7.20335E-1	+2.23162E-2	-2.73798E-2
+1.22831E+1	-7.10421E-1	+1.94934E-2	-2.70690E-2
+1.22978E+1	-7.00432E-1	+1.37713E-2	-2.67262E-2
+1.23126E+1	-6.90235E-1	+2.87249E-2	-2.63967E-2
+1.23273E+1	-6.79969E-1	+1.33135E-2	-2.60644E-2
+1.23421E+1	-6.69496E-1	+1.83489E-2	-2.57132E-2
+1.23568E+1	-6.58961E-1	+3.78802E-2	-2.53571E-2
+1.23716E+1	-6.48222E-1	+3.63543E-2	-2.50053E-2
+1.23863E+1	-6.37427E-1	+2.26977E-2	-2.46356E-2
+1.24010E+1	-6.26505E-1	+1.49920E-2	-2.42515E-2
+1.24158E+1	-6.15383E-1	+2.30029E-2	-2.38647E-2
+1.24305E+1	-6.04213E-1	+3.78802E-2	-2.34912E-2
+1.24453E+1	-5.92846E-1	+3.83380E-2	-2.31123E-2
+1.24600E+1	-5.81438E-1	+2.55206E-2	-2.27212E-2
+1.24748E+1	-5.69836E-1	+1.90356E-2	-2.23194E-2
+1.24895E+1	-5.58198E-1	+1.08721E-2	-2.19000E-2
+1.25043E+1	-5.46369E-1	+1.08721E-2	-2.14810E-2
+1.25190E+1	-5.34512E-1	+1.26269E-2	-2.10442E-2
+1.25338E+1	-5.22466E-1	+1.62890E-2	-2.06184E-2
+1.25485E+1	-5.10397E-1	+1.86541E-2	-2.01826E-2
+1.25633E+1	-4.98145E-1	+1.87304E-2	-1.97430E-2
+1.25780E+1	-4.85875E-1	+1.38476E-2	-1.92945E-2
+1.25927E+1	-4.73509E-1	+1.68231E-2	-1.88628E-2
+1.26075E+1	-4.60964E-1	+1.33135E-2	-1.84063E-2
+1.26222E+1	-4.48412E-1	+1.09484E-2	-1.79564E-2
+1.26370E+1	-4.35684E-1	-2.40301E-3	-1.74955E-2
+1.26517E+1	-4.22956E-1	+1.79316E-3	-1.70501E-2
+1.26665E+1	-4.10056E-1	+7.36261E-3	-1.65889E-2
+1.26812E+1	-3.97162E-1	+2.91827E-2	-1.61162E-2
+1.26960E+1	-3.84100E-1	+4.40600E-2	-1.56286E-2
+1.27107E+1	-3.71050E-1	+5.17657E-2	-1.51362E-2
+1.27255E+1	-3.57837E-1	+5.38256E-2	-1.46218E-2
+1.27402E+1	-3.44641E-1	+3.91009E-2	-1.41185E-2
+1.27549E+1	-3.31378E-1	+1.95696E-2	-1.36283E-2
+1.27697E+1	-3.17957E-1	+2.07141E-2	-1.31436E-2
+1.27844E+1	-3.04564E-1	+3.94061E-2	-1.26475E-2
+1.27992E+1	-2.91019E-1	+4.53570E-2	-1.21114E-2
+1.28139E+1	-2.77507E-1	+3.77276E-2	-1.15960E-2
+1.28287E+1	-2.63847E-1	+1.88067E-2	-1.10896E-2
+1.28434E+1	-2.50227E-1	+2.94116E-2	-1.05892E-2
+1.28582E+1	-2.36465E-1	+4.97820E-2	-1.00577E-2
+1.28729E+1	-2.22748E-1	+4.39837E-2	-9.51304E-3
+1.28877E+1	-2.08893E-1	+2.53680E-2	-8.98425E-3
+1.29024E+1	-1.95090E-1	+3.17004E-2	-8.46223E-3
+1.29171E+1	-1.81249E-1	+4.87902E-2	-7.93325E-3
+1.29319E+1	-1.67277E-1	+3.17767E-2	-7.37621E-3
+1.29466E+1	-1.53366E-1	+2.41473E-2	-6.85906E-3
+1.29614E+1	-1.39329E-1	+4.04742E-2	-6.32521E-3
+1.29761E+1	-1.25360E-1	+4.58148E-2	-5.76770E-3
+1.29909E+1	-1.11270E-1	+2.85723E-2	-5.21567E-3
+1.30056E+1	-9.72538E-2	+3.28448E-2	-4.67890E-3
+1.30204E+1	-8.31224E-2	+4.48992E-2	-4.13279E-3
+1.30351E+1	-6.90700E-2	+2.57495E-2	-3.57938E-3
+1.30499E+1	-5.49081E-2	+3.12426E-2	-3.05092E-3
+1.30646E+1	-4.08309E-2	+4.52807E-2	-2.49746E-3
+1.30793E+1	-2.67456E-2	+3.73461E-2	-1.93071E-3
+1.30941E+1	-1.25591E-2	+2.54443E-2	-1.38484E-3
+1.31088E+1	+1.53398E-3	+4.25341E-2	-8.13715E-4
+1.31236E+1	+1.57227E-2	+3.40655E-2	-2.68724E-4
+1.31383E+1	+2.98123E-2	+2.52154E-2	+2.62594E-4
+1.31531E+1	+4.39919E-2	+3.72698E-2	+8.08214E-4
+1.31678E+1	+5.80668E-2	+4.52807E-2	+1.37792E-3
+1.31826E+1	+7.22259E-2	+2.87249E-2	+1.92444E-3
+1.31973E+1	+8.62749E-2	+4.23052E-2	+2.46229E-3
+1.32121E+1	+1.00402E-1	+4.32208E-2	+3.03616E-3
+1.32268E+1	+1.14414E-1	+2.62835E-2	+3.57263E-3
+1.32415E+1	+1.28403E-1	+3.22344E-2	+4.09866E-3
+1.32563E+1	+1.42461E-1	+4.68829E-2	+4.64964E-3
+1.32710E+1	+1.56397E-1	+3.71173E-2	+5.20799E-3
+1.32858E+1	+1.70395E-1	+2.97930E-2	+5.73747E-3
+1.33005E+1	+1.84265E-1	+4.39837E-2	+6.28265E-3
+1.33153E+1	+1.98192E-1	+4.63488E-2	+6.84528E-3
+1.33300E+1	+2.11986E-1	+2.75042E-2	+7.36808E-3
+1.33448E+1	+2.25831E-1	+3.02508E-2	+7.87947E-3
+1.33595E+1	+2.39538E-1	+4.58148E-2	+8.41251E-3
+1.33743E+1	+2.53289E-1	+4.65777E-2	+8.95920E-3
+1.33890E+1	+2.66898E-1	+2.75042E-2	+9.48053E-3
+1.34038E+1	+2.80545E-1	+2.67413E-2	+9.98620E-3
+1.34185E+1	+2.94044E-1	+4.42889E-2	+1.05135E-2
+1.34332E+1	+3.07485E-1	+5.04687E-2	+1.10383E-2
+1.34480E+1	+3.20955E-1	+2.84197E-2	+1.15655E-2
+1.34627E+1	+3.34271E-1	+2.01800E-2	+1.20565E-2
+1.34775E+1	+3.47610E-1	+2.30792E-2	+1.25479E-2
+1.34922E+1	+3.60789E-1	+4.28393E-2	+1.30452E-2
+1.35070E+1	+3.73986E-1	+5.06976E-2	+1.35703E-2
+1.35217E+1	+3.87019E-1	+4.94006E-2	+1.40857E-2
+1.35365E+1	+4.00064E-1	+3.03271E-2	+1.45821E-2
+1.35512E+1	+4.12940E-1	+1.88830E-2	+1.50576E-2
+1.35660E+1	+4.25821E-1	+1.43817E-2	+1.55250E-2
+1.35807E+1	+4.38530E-1	+2.02563E-2	+1.59963E-2
+1.35954E+1	+4.51152E-1	+2.26977E-2	+1.64646E-2
+1.36102E+1	+4.63770E-1	+3.65069E-2	+1.69353E-2
+1.36249E+1	+4.76209E-1	+4.61199E-2	+1.74056E-2
+1.36397E+1	+4.88638E-1	+4.96295E-2	+1.78810E-2
+1.36544E+1	+5.00885E-1	+5.08502E-2	+1.83357E-2
+1.36692E+1	+5.13116E-1	+5.03924E-2	+1.87968E-2
+1.36839E+1	+5.25161E-1	+5.02398E-2	+1.92414E-2
+1.36987E+1	+5.37183E-1	+5.31390E-2	+1.96912E-2
+1.37134E+1	+5.49016E-1	+4.85613E-2	+2.01208E-2
+1.37282E+1	+5.60820E-1	+4.55096E-2	+2.05577E-2
+1.37429E+1	+5.72433E-1	+2.92590E-2	+2.09826E-2
+1.37576E+1	+5.83931E-1	+2.14007E-2	+2.14132E-2
+1.37724E+1	+5.95391E-1	+1.43817E-2	+2.18339E-2
+1.37871E+1	+6.06655E-1	+1.62127E-2	+2.22585E-2
+1.38019E+1	+6.17873E-1	+2.38421E-2	+2.26760E-2
+1.38166E+1	+6.28893E-1	+3.58966E-2	+2.30696E-2
+1.38314E+1	+6.39862E-1	+3.39129E-2	+2.34547E-2
+1.38461E+1	+6.50628E-1	+2.32318E-2	+2.38466E-2
+1.38609E+1	+6.61338E-1	+2.04852E-2	+2.42615E-2
+1.38756E+1	+6.71843E-1	+3.29974E-2	+2.46360E-2
+1.38904E+1	+6.82285E-1	+2.78094E-2	+2.50044E-2
+1.39051E+1	+6.92520E-1	+2.04852E-2	+2.53727E-2
+1.39198E+1	+7.02618E-1	+2.38421E-2	+2.57413E-2
+1.39346E+1	+7.12644E-1	+2.44525E-2	+2.60819E-2
+1.39493E+1	+7.22460E-1	+1.85015E-2	+2.64513E-2
+1.39641E+1	+7.32197E-1	+2.96404E-2	+2.68010E-2
+1.39788E+1	+7.41723E-1	+2.40710E-2	+2.71328E-2
+1.39936E+1	+7.51165E-1	+2.41473E-2	+2.74775E-2
+1.40083E+1	+7.60394E-1	+1.56024E-2	+2.77984E-2
+1.40231E+1	+7.69532E-1	+2.14007E-2	+2.81310E-2
+1.40378E+1	+7.78456E-1	+1.86541E-2	+2.84439E-2
+1.40526E+1	+7.87284E-1	+2.51391E-2	+2.87593E-2
+1.40673E+1	+7.95895E-1	+2.12481E-2	+2.90527E-2
+1.40820E+1	+8.04348E-1	+1.68994E-2	+2.93413E-2
+1.40968E+1	+8.12698E-1	+9.57514E-3	+2.96339E-2
+1.41115E+1	+8.20829E-1	+1.38476E-2	+2.99140E-2
+1.41263E+1	+8.28850E-1	+1.65179E-2	+3.01886E-2
+1.41410E+1	+8.36653E-1	+1.35424E-2	+3.04678E-2
+1.41558E+1	+8.44340E-1	+9.80402E-3	+3.07286E-2
+1.41705E+1	+8.51808E-1	+1.12536E-2	+3.09863E-2
+1.41853E+1	+8.59155E-1	+1.91882E-2	+3.12414E-2
+1.42000E+1	+8.66281E-1	+2.09429E-2	+3.14978E-2
+1.42148E+1	+8.73282E-1	+1.45342E-2	+3.17387E-2
+1.42295E+1	+8.80061E-1	+8.88849E-3	+3.19744E-2
+1.42442E+1	+8.86666E-1	+1.48394E-2	+3.21846E-2
+1.42590E+1	+8.93138E-1	+1.73571E-2	+3.24065E-2
+1.42737E+1	+8.99388E-1	+1.93408E-2	+3.26221E-2
+1.42885E+1	+9.05500E-1	+1.55261E-2	+3.28331E-2
+1.43032E+1	+9.11391E-1	+1.19403E-2	+3.30290E-2
+1.43180E+1	+9.17138E-1	+1.43054E-2	+3.32293E-2
+1.43327E+1	+9.22664E-1	+1.08721E-2	+3.34113E-2
+1.43475E+1	+9.28043E-1	+1.53735E-2	+3.36027E-2
+1.43622E+1	+9.33200E-1	+2.01037E-2	+3.37748E-2
+1.43770E+1	+9.38205E-1	+1.90356E-2	+3.39374E-2
+1.43917E+1	+9.42989E-1	+8.27814E-3	+3.41059E-2
+1.44065E+1	+9.47616E-1	+8.96479E-3	+3.42558E-2
+1.44212E+1	+9.52024E-1	+1.78912E-2	+3.44050E-2
+1.44359E+1	+9.56242E-1	+1.59075E-2	+3.45452E-2
+1.44507E+1	+9.60297E-1	+1.21691E-2	+3.46822E-2
+1.44654E+1	+9.64133E-1	+1.25506E-2	+3.48225E-2
+1.44802E+1	+9.67802E-1	+5.72454E-4	+3.49258E-2
+1.44949E+1	+9.71253E-1	+1.84252E-2	+3.50558E-2
+1.45097E+1	+9.74533E-1	+9.80402E-3	+3.51762E-2
+1.45244E+1	+9.77597E-1	+2.25092E-3	+3.52806E-2
+1.45392E+1	+9.80485E-1	+1.07195E-2	+3.53654E-2
+1.45539E+1	+9.83158E-1	+5.53156E-3	+3.54438E-2
+1.45687E+1	+9.85652E-1	+9.26996E-3	+3.55261E-2
+1.45834E+1	+9.87933E-1	+2.20111E-2	+3.56080E-2
+1.45981E+1	+9.90018E-1	+8.50702E-3	+3.56687E-2
+1.46129E+1	+9.91918E-1	-1.82722E-2	+3.57547E-2
+1.46276E+1	+9.93608E-1	+1.40765E-2	+3.57914E-2
+1.46424E+1	+9.95109E-1	+2.86127E-3	+3.58349E-2
+1.46571E+1	+9.96403E-1	-3.77630E-3	+3.58874E-2
+1.46719E+1	+9.97505E-1	-7.59100E-3	+3.59252E-2
+1.46866E+1	+9.98401E-1	+2.36132E-2	+3.59660E-2
+1.47014E+1	+9.99102E-1	+1.13299E-2	+3.59690E-2
+1.47161E+1	+9.99600E-1	-1.04139E-2	+3.59941E-2
+1.47309E+1	+9.99901E-1	-8.20135E-3	+3.60229E-2
