+2.00000E+2	+6.05621E-2	+1.54631E-2	+1.29163E-2
+2.01000E+2	+4.24347E-2	+1.51258E-2	+1.29599E-2
+2.02000E+2	+4.33044E-2	+1.51949E-2	+1.30656E-2
+2.03000E+2	+4.58832E-2	+1.52076E-2	+1.31836E-2
+2.04000E+2	+4.47235E-2	+1.52802E-2	+1.32958E-2
+2.05000E+2	+4.42200E-2	+1.53187E-2	+1.34275E-2
+2.06000E+2	+4.41742E-2	+1.53916E-2	+1.35424E-2
+2.07000E+2	+4.29077E-2	+1.54282E-2	+1.36746E-2
+2.08000E+2	+4.40216E-2	+1.54952E-2	+1.37898E-2
+2.09000E+2	+4.34723E-2	+1.55798E-2	+1.39890E-2
+2.10000E+2	+4.48914E-2	+1.56296E-2	+1.40913E-2
+2.11000E+2	+4.59747E-2	+1.56609E-2	+1.41770E-2
+2.12000E+2	+4.41589E-2	+1.56670E-2	+1.42307E-2
+2.13000E+2	+4.68140E-2	+1.57127E-2	+1.42870E-2
+2.14000E+2	+4.53186E-2	+1.57957E-2	+1.44265E-2
+2.15000E+2	+4.44489E-2	+1.58820E-2	+1.46741E-2
+2.16000E+2	+4.53644E-2	+1.60872E-2	+1.50793E-2
+2.17000E+2	+4.62036E-2	+1.63503E-2	+1.55978E-2
+2.18000E+2	+4.63104E-2	+1.65796E-2	+1.60462E-2
+2.19000E+2	+4.80957E-2	+1.67351E-2	+1.63966E-2
+2.20000E+2	+4.58221E-2	+1.68714E-2	+1.66862E-2
+2.21000E+2	+4.79584E-2	+1.69700E-2	+1.68743E-2
+2.22000E+2	+4.77753E-2	+1.70259E-2	+1.70124E-2
+2.23000E+2	+4.85077E-2	+1.70907E-2	+1.71022E-2
+2.24000E+2	+4.72260E-2	+1.71502E-2	+1.71910E-2
+2.25000E+2	+4.85535E-2	+1.71898E-2	+1.73219E-2
+2.26000E+2	+4.71802E-2	+1.72774E-2	+1.74362E-2
+2.27000E+2	+4.82788E-2	+1.72898E-2	+1.76254E-2
+2.28000E+2	+4.82941E-2	+1.73203E-2	+1.77137E-2
+2.29000E+2	+4.92096E-2	+1.74274E-2	+1.79125E-2
+2.30000E+2	+4.89807E-2	+1.75376E-2	+1.81451E-2
+2.31000E+2	+4.77753E-2	+1.76646E-2	+1.83569E-2
+2.32000E+2	+4.91180E-2	+1.77629E-2	+1.85336E-2
+2.33000E+2	+5.04761E-2	+1.79302E-2	+1.87633E-2
+2.34000E+2	+4.95605E-2	+1.80792E-2	+1.90274E-2
+2.35000E+2	+4.87976E-2	+1.81958E-2	+1.92613E-2
+2.36000E+2	+5.14526E-2	+1.84470E-2	+1.96957E-2
+2.37000E+2	+4.94995E-2	+1.85393E-2	+1.98842E-2
+2.38000E+2	+5.10406E-2	+1.87007E-2	+2.01839E-2
+2.39000E+2	+5.29633E-2	+1.89752E-2	+2.06670E-2
+2.40000E+2	+5.13611E-2	+1.91888E-2	+2.10098E-2
+2.41000E+2	+5.23987E-2	+1.93593E-2	+2.13518E-2
+2.42000E+2	+5.27649E-2	+1.94941E-2	+2.15752E-2
+2.43000E+2	+5.10864E-2	+1.96410E-2	+2.18470E-2
+2.44000E+2	+5.32990E-2	+1.98315E-2	+2.21458E-2
+2.45000E+2	+5.34515E-2	+1.99330E-2	+2.23743E-2
+2.46000E+2	+5.25818E-2	+2.00649E-2	+2.26452E-2
+2.47000E+2	+5.22308E-2	+2.03351E-2	+2.30635E-2
+2.48000E+2	+5.52216E-2	+2.06516E-2	+2.35964E-2
+2.49000E+2	+5.49622E-2	+2.08957E-2	+2.40404E-2
+2.50000E+2	+5.34668E-2	+2.11357E-2	+2.44679E-2
+2.51000E+2	+5.43060E-2	+2.13562E-2	+2.48382E-2
+2.52000E+2	+5.54657E-2	+2.15971E-2	+2.52688E-2
+2.53000E+2	+5.60608E-2	+2.17596E-2	+2.55499E-2
+2.54000E+2	+5.81818E-2	+2.19082E-2	+2.57886E-2
+2.55000E+2	+5.66406E-2	+2.21687E-2	+2.61830E-2
+2.56000E+2	+5.77545E-2	+2.23662E-2	+2.65047E-2
+2.57000E+2	+5.84259E-2	+2.24182E-2	+2.65844E-2
+2.58000E+2	+5.57709E-2	+2.24222E-2	+2.65757E-2
+2.59000E+2	+5.82581E-2	+2.23891E-2	+2.65240E-2
+2.60000E+2	+5.66254E-2	+2.24276E-2	+2.65665E-2
+2.61000E+2	+5.80139E-2	+2.26790E-2	+2.69787E-2
+2.62000E+2	+5.74341E-2	+2.31100E-2	+2.76908E-2
+2.63000E+2	+5.90668E-2	+2.35295E-2	+2.83516E-2
+2.64000E+2	+6.01349E-2	+2.38308E-2	+2.88432E-2
+2.65000E+2	+6.22864E-2	+2.41593E-2	+2.93343E-2
+2.66000E+2	+6.11572E-2	+2.46371E-2	+3.00631E-2
+2.67000E+2	+6.23474E-2	+2.49918E-2	+3.05942E-2
+2.68000E+2	+6.24695E-2	+2.52063E-2	+3.08879E-2
+2.69000E+2	+6.24695E-2	+2.55706E-2	+3.13654E-2
+2.70000E+2	+6.52466E-2	+2.61278E-2	+3.21406E-2
+2.71000E+2	+6.51855E-2	+2.67813E-2	+3.30324E-2
+2.72000E+2	+6.58569E-2	+2.74435E-2	+3.38372E-2
+2.73000E+2	+6.68030E-2	+2.80275E-2	+3.45730E-2
+2.74000E+2	+6.74896E-2	+2.86890E-2	+3.54576E-2
+2.75000E+2	+6.88019E-2	+2.92695E-2	+3.64251E-2
+2.76000E+2	+6.86340E-2	+2.95747E-2	+3.71829E-2
+2.77000E+2	+6.74438E-2	+2.99886E-2	+3.81691E-2
+2.78000E+2	+6.90002E-2	+3.05420E-2	+3.92388E-2
+2.79000E+2	+6.97021E-2	+3.11869E-2	+4.03819E-2
+2.80000E+2	+7.12128E-2	+3.20237E-2	+4.17493E-2
+2.81000E+2	+7.45392E-2	+3.29817E-2	+4.32508E-2
+2.82000E+2	+7.49817E-2	+3.40713E-2	+4.49424E-2
+2.83000E+2	+7.62939E-2	+3.52847E-2	+4.68114E-2
+2.84000E+2	+7.91321E-2	+3.66229E-2	+4.88376E-2
+2.85000E+2	+7.85522E-2	+3.80290E-2	+5.09255E-2
+2.86000E+2	+8.08716E-2	+3.89557E-2	+5.23093E-2
+2.87000E+2	+8.50983E-2	+4.00555E-2	+5.39617E-2
+2.88000E+2	+8.57391E-2	+4.12005E-2	+5.56492E-2
+2.89000E+2	+8.74786E-2	+4.24322E-2	+5.74766E-2
+2.90000E+2	+9.03168E-2	+4.43489E-2	+6.03096E-2
+2.91000E+2	+9.54590E-2	+4.64726E-2	+6.34134E-2
+2.92000E+2	+9.80377E-2	+4.88156E-2	+6.68505E-2
+2.93000E+2	+9.80072E-2	+5.14811E-2	+7.07105E-2
+2.94000E+2	+1.04324E-1	+5.46177E-2	+7.52577E-2
+2.95000E+2	+1.10931E-1	+5.83005E-2	+8.06224E-2
+2.96000E+2	+1.13403E-1	+6.21668E-2	+8.61848E-2
+2.97000E+2	+1.20148E-1	+6.60874E-2	+9.18322E-2
+2.98000E+2	+1.27914E-1	+6.99818E-2	+9.74076E-2
+2.99000E+2	+1.31561E-1	+7.40455E-2	+1.03258E-1
+3.00000E+2	+1.36871E-1	+7.87916E-2	+1.10020E-1
+3.01000E+2	+1.45447E-1	+8.35444E-2	+1.16818E-1
+3.02000E+2	+1.51947E-1	+8.86328E-2	+1.24079E-1
+3.03000E+2	+1.59821E-1	+9.49818E-2	+1.33082E-1
+3.04000E+2	+1.73218E-1	+1.02237E-1	+1.43441E-1
+3.05000E+2	+1.82266E-1	+1.09705E-1	+1.54051E-1
+3.06000E+2	+1.94046E-1	+1.16746E-1	+1.64078E-1
+3.07000E+2	+1.98776E-1	+1.21105E-1	+1.70328E-1
+3.08000E+2	+1.99326E-1	+1.20959E-1	+1.70147E-1
+3.09000E+2	+1.94992E-1	+1.15779E-1	+1.62821E-1
+3.10000E+2	+1.78955E-1	+1.07052E-1	+1.50405E-1
+3.11000E+2	+1.65909E-1	+9.61981E-2	+1.34955E-1
+3.12000E+2	+1.45660E-1	+8.52584E-2	+1.19348E-1
+3.13000E+2	+1.39069E-1	+7.55457E-2	+1.05427E-1
+3.14000E+2	+1.26892E-1	+6.90678E-2	+9.61372E-2
+3.15000E+2	+1.16913E-1	+6.28322E-2	+8.71782E-2
+3.16000E+2	+1.10870E-1	+5.89530E-2	+8.15926E-2
+3.17000E+2	+1.08200E-1	+5.54227E-2	+7.64886E-2
+3.18000E+2	+1.02493E-1	+5.33252E-2	+7.34507E-2
+3.19000E+2	+1.02890E-1	+5.21862E-2	+7.17843E-2
+3.20000E+2	+1.00006E-1	+5.18950E-2	+7.13647E-2
+3.21000E+2	+1.02692E-1	+5.20009E-2	+7.15722E-2
+3.22000E+2	+9.96552E-2	+5.18294E-2	+7.16115E-2
+3.23000E+2	+9.64508E-2	+5.11335E-2	+7.07797E-2
+3.24000E+2	+9.42993E-2	+4.98887E-2	+6.91801E-2
+3.25000E+2	+9.40552E-2	+4.79270E-2	+6.64867E-2
+3.26000E+2	+8.69446E-2	+4.54538E-2	+6.31018E-2
+3.27000E+2	+8.56171E-2	+4.32125E-2	+5.99299E-2
+3.28000E+2	+8.15125E-2	+4.09598E-2	+5.67339E-2
+3.29000E+2	+8.10089E-2	+3.90257E-2	+5.39512E-2
+3.30000E+2	+7.93304E-2	+3.73111E-2	+5.15056E-2
+3.31000E+2	+7.40967E-2	+3.56446E-2	+4.93254E-2
+3.32000E+2	+6.93359E-2	+3.38317E-2	+4.71160E-2
+3.33000E+2	+6.50177E-2	+3.24834E-2	+4.51992E-2
+3.34000E+2	+6.21185E-2	+3.13001E-2	+4.34967E-2
+3.35000E+2	+6.25916E-2	+3.03131E-2	+4.20754E-2
+3.36000E+2	+6.07147E-2	+2.93777E-2	+4.07345E-2
+3.37000E+2	+5.94940E-2	+2.84269E-2	+3.93734E-2
+3.38000E+2	+5.97839E-2	+2.74075E-2	+3.79005E-2
+3.39000E+2	+5.69763E-2	+2.65950E-2	+3.66911E-2
+3.40000E+2	+5.66864E-2	+2.58414E-2	+3.56102E-2
+3.41000E+2	+5.44434E-2	+2.48862E-2	+3.42232E-2
+3.42000E+2	+5.55878E-2	+2.42442E-2	+3.32951E-2
+3.43000E+2	+5.50232E-2	+2.37179E-2	+3.25349E-2
+3.44000E+2	+5.28870E-2	+2.31617E-2	+3.17091E-2
+3.45000E+2	+5.08728E-2	+2.25972E-2	+3.09127E-2
+3.46000E+2	+5.22308E-2	+2.21660E-2	+3.02727E-2
+3.47000E+2	+5.13458E-2	+2.18114E-2	+2.97286E-2
+3.48000E+2	+4.79584E-2	+2.14266E-2	+2.91733E-2
+3.49000E+2	+4.89807E-2	+2.11178E-2	+2.87283E-2
+3.50000E+2	+4.97589E-2	+2.09187E-2	+2.84240E-2
+3.51000E+2	+4.79584E-2	+2.06444E-2	+2.80212E-2
+3.52000E+2	+4.67377E-2	+2.03612E-2	+2.75898E-2
+3.53000E+2	+6.16760E-2	+2.02441E-2	+2.71225E-2
+3.54000E+2	+4.65240E-2	+1.97514E-2	+2.67356E-2
+3.55000E+2	+4.93317E-2	+1.94731E-2	+2.62916E-2
+3.56000E+2	+4.91486E-2	+1.91795E-2	+2.58327E-2
+3.57000E+2	+4.31519E-2	+1.87670E-2	+2.52530E-2
+3.58000E+2	+4.31671E-2	+1.84083E-2	+2.46926E-2
+3.59000E+2	+4.37927E-2	+1.80938E-2	+2.42029E-2
+3.60000E+2	+4.16107E-2	+1.78348E-2	+2.37926E-2
+3.61000E+2	+4.67224E-2	+1.75662E-2	+2.33388E-2
+3.62000E+2	+4.61273E-2	+1.73033E-2	+2.28637E-2
+3.63000E+2	+4.18854E-2	+1.69853E-2	+2.23683E-2
+3.64000E+2	+4.16870E-2	+1.66795E-2	+2.19542E-2
+3.65000E+2	+4.12750E-2	+1.63853E-2	+2.15112E-2
+3.66000E+2	+4.19769E-2	+1.60123E-2	+2.09480E-2
+3.67000E+2	+4.16718E-2	+1.56943E-2	+2.04781E-2
+3.68000E+2	+4.14429E-2	+1.53176E-2	+1.99994E-2
+3.69000E+2	+4.15649E-2	+1.51479E-2	+1.96840E-2
+3.70000E+2	+4.05884E-2	+1.49444E-2	+1.94037E-2
+3.71000E+2	+4.11224E-2	+1.45461E-2	+1.87527E-2
+3.72000E+2	+4.03137E-2	+1.40390E-2	+1.80331E-2
+3.73000E+2	+3.78265E-2	+1.37771E-2	+1.75809E-2
+3.74000E+2	+3.70941E-2	+1.34133E-2	+1.70018E-2
+3.75000E+2	+4.07257E-2	+1.31967E-2	+1.66191E-2
+3.76000E+2	+3.55682E-2	+1.30186E-2	+1.63606E-2
+3.77000E+2	+3.81622E-2	+1.29901E-2	+1.62315E-2
+3.78000E+2	+3.54462E-2	+1.26764E-2	+1.57358E-2
+3.79000E+2	+3.58276E-2	+1.22313E-2	+1.50115E-2
+3.80000E+2	+3.55682E-2	+1.18626E-2	+1.44270E-2
+3.81000E+2	+3.26538E-2	+1.14779E-2	+1.38496E-2
+3.82000E+2	+3.46985E-2	+1.09738E-2	+1.29710E-2
+3.83000E+2	+3.16620E-2	+1.03971E-2	+1.19881E-2
+3.84000E+2	+5.86090E-2	+9.97608E-3	+1.10895E-2
+3.85000E+2	+3.22266E-2	+9.69832E-3	+1.04883E-2
+3.86000E+2	+3.10974E-2	+9.45539E-3	+9.93423E-3
+3.87000E+2	+3.39355E-2	+9.40012E-3	+9.77695E-3
+3.88000E+2	+3.10669E-2	+9.42877E-3	+9.79921E-3
+3.89000E+2	+3.29895E-2	+9.33220E-3	+9.77441E-3
+3.90000E+2	+3.16010E-2	+9.22745E-3	+9.69258E-3
+3.91000E+2	+2.96783E-2	+8.91006E-3	+9.39653E-3
+3.92000E+2	+3.05023E-2	+8.68820E-3	+9.07343E-3
+3.93000E+2	+3.06702E-2	+8.42924E-3	+8.65241E-3
+3.94000E+2	+2.86102E-2	+8.40920E-3	+8.60032E-3
+3.95000E+2	+2.81525E-2	+8.52359E-3	+8.81465E-3
+3.96000E+2	+3.23181E-2	+8.56198E-3	+8.77059E-3
+3.97000E+2	+3.05634E-2	+8.41151E-3	+8.48624E-3
+3.98000E+2	+3.01208E-2	+8.22662E-3	+8.10516E-3
+3.99000E+2	+3.21655E-2	+7.99750E-3	+7.63857E-3
+4.00000E+2	+2.79236E-2	+7.74851E-3	+7.11146E-3
+4.01000E+2	+2.94037E-2	+7.62301E-3	+6.82105E-3
+4.02000E+2	+2.76947E-2	+7.46355E-3	+6.42262E-3
+4.03000E+2	+2.74200E-2	+7.37876E-3	+6.15663E-3
+4.04000E+2	+2.71606E-2	+7.15322E-3	+5.58558E-3
+4.05000E+2	+5.96161E-2	+7.55130E-3	+5.25839E-3
+4.06000E+2	+3.50647E-2	+9.27496E-3	+4.89690E-3
+4.07000E+2	+3.27148E-2	+9.74035E-3	+4.48477E-3
+4.08000E+2	+3.25012E-2	+1.08948E-2	+3.99988E-3
+4.09000E+2	+3.57666E-2	+1.19019E-2	+3.29720E-3
+4.10000E+2	+3.52936E-2	+1.23842E-2	+2.63648E-3
+4.11000E+2	+3.71399E-2	+1.23872E-2	+2.23294E-3
+4.12000E+2	+3.42255E-2	+1.23742E-2	+2.23570E-3
+4.13000E+2	+3.60413E-2	+1.23662E-2	+2.30324E-3
+4.14000E+2	+3.50494E-2	+1.24318E-2	+2.69151E-3
+4.15000E+2	+3.55988E-2	+1.24968E-2	+3.23931E-3
+4.16000E+2	+3.91998E-2	+1.25314E-2	+3.55681E-3
+4.17000E+2	+3.52478E-2	+1.26166E-2	+4.04095E-3
+4.18000E+2	+3.68347E-2	+1.27055E-2	+4.72325E-3
+4.19000E+2	+3.66516E-2	+1.28235E-2	+5.46873E-3
+4.20000E+2	+3.72620E-2	+1.29503E-2	+6.03741E-3
+4.21000E+2	+3.86963E-2	+1.31073E-2	+6.53570E-3
+4.22000E+2	+3.79791E-2	+1.32850E-2	+7.33557E-3
+4.23000E+2	+3.97339E-2	+1.36058E-2	+8.46946E-3
+4.24000E+2	+4.17786E-2	+1.41207E-2	+1.00253E-2
+4.25000E+2	+4.24347E-2	+1.44886E-2	+1.10758E-2
+4.26000E+2	+4.26941E-2	+1.46962E-2	+1.17406E-2
+4.27000E+2	+4.28619E-2	+1.49535E-2	+1.24159E-2
+4.28000E+2	+4.28925E-2	+1.53190E-2	+1.32506E-2
+4.29000E+2	+4.52271E-2	+1.58702E-2	+1.44561E-2
+4.30000E+2	+4.63715E-2	+1.63927E-2	+1.56049E-2
+4.31000E+2	+4.59595E-2	+1.69901E-2	+1.67545E-2
+4.32000E+2	+4.75159E-2	+1.76320E-2	+1.80240E-2
+4.33000E+2	+4.94995E-2	+1.83457E-2	+1.93801E-2
+4.34000E+2	+4.88434E-2	+1.90820E-2	+2.07404E-2
+4.35000E+2	+5.20172E-2	+1.99512E-2	+2.23333E-2
+4.36000E+2	+5.47333E-2	+2.12904E-2	+2.46403E-2
+4.37000E+2	+5.58929E-2	+2.30283E-2	+2.75873E-2
+4.38000E+2	+6.07300E-2	+2.51409E-2	+3.10614E-2
+4.39000E+2	+6.43921E-2	+2.77520E-2	+3.52151E-2
+4.40000E+2	+7.06482E-2	+3.11824E-2	+4.05264E-2
+4.41000E+2	+7.44476E-2	+3.48708E-2	+4.61668E-2
+4.42000E+2	+8.21838E-2	+3.87810E-2	+5.20186E-2
+4.43000E+2	+8.96149E-2	+4.37440E-2	+5.93801E-2
+4.44000E+2	+9.76410E-2	+4.96556E-2	+6.80206E-2
+4.45000E+2	+1.08078E-1	+5.66909E-2	+7.82521E-2
+4.46000E+2	+1.21414E-1	+6.47349E-2	+8.98823E-2
+4.47000E+2	+1.35513E-1	+7.57032E-2	+1.05478E-1
+4.48000E+2	+1.57181E-1	+9.02598E-2	+1.26434E-1
+4.49000E+2	+1.78925E-1	+1.06013E-1	+1.48551E-1
+4.50000E+2	+2.01370E-1	+1.23232E-1	+1.73306E-1
+4.51000E+2	+2.28287E-1	+1.40946E-1	+1.98550E-1
+4.52000E+2	+2.51923E-1	+1.57100E-1	+2.21492E-1
+4.53000E+2	+2.64999E-1	+1.67619E-1	+2.36328E-1
+4.54000E+2	+2.68921E-1	+1.70501E-1	+2.40480E-1
+4.55000E+2	+2.60635E-1	+1.65135E-1	+2.32816E-1
+4.56000E+2	+2.47559E-1	+1.55518E-1	+2.19213E-1
+4.57000E+2	+2.32346E-1	+1.44324E-1	+2.03238E-1
+4.58000E+2	+2.14493E-1	+1.32997E-1	+1.87235E-1
+4.59000E+2	+2.01462E-1	+1.22749E-1	+1.72526E-1
+4.60000E+2	+1.89865E-1	+1.14873E-1	+1.61464E-1
+4.61000E+2	+1.81244E-1	+1.08840E-1	+1.52824E-1
+4.62000E+2	+1.74896E-1	+1.03793E-1	+1.45624E-1
+4.63000E+2	+1.69876E-1	+9.97457E-2	+1.39795E-1
+4.64000E+2	+1.66031E-1	+9.65348E-2	+1.35381E-1
+4.65000E+2	+1.57944E-1	+9.29698E-2	+1.30219E-1
+4.66000E+2	+1.55228E-1	+9.02628E-2	+1.26414E-1
+4.67000E+2	+1.51367E-1	+8.78735E-2	+1.22884E-1
+4.68000E+2	+1.48666E-1	+8.56511E-2	+1.19867E-1
+4.69000E+2	+1.45416E-1	+8.40400E-2	+1.17525E-1
+4.70000E+2	+1.44257E-1	+8.28892E-2	+1.15911E-1
+4.71000E+2	+1.43066E-1	+8.10007E-2	+1.13109E-1
+4.72000E+2	+1.41190E-1	+7.97176E-2	+1.11342E-1
+4.73000E+2	+1.37711E-1	+7.85517E-2	+1.09675E-1
+4.74000E+2	+1.35834E-1	+7.68707E-2	+1.07211E-1
+4.75000E+2	+1.35529E-1	+7.59061E-2	+1.05857E-1
+4.76000E+2	+1.33392E-1	+7.52495E-2	+1.04931E-1
+4.77000E+2	+1.33469E-1	+7.48225E-2	+1.04244E-1
+4.78000E+2	+1.33987E-1	+7.39729E-2	+1.03089E-1
+4.79000E+2	+1.30219E-1	+7.30762E-2	+1.01818E-1
+4.80000E+2	+1.30554E-1	+7.24826E-2	+1.00917E-1
+4.81000E+2	+1.30020E-1	+7.16606E-2	+9.97580E-2
+4.82000E+2	+1.28922E-1	+7.11421E-2	+9.90571E-2
+4.83000E+2	+1.27518E-1	+7.03362E-2	+9.79119E-2
+4.84000E+2	+1.25748E-1	+6.92940E-2	+9.64288E-2
+4.85000E+2	+1.24237E-1	+6.81850E-2	+9.47784E-2
+4.86000E+2	+1.23917E-1	+6.77641E-2	+9.42373E-2
+4.87000E+2	+1.23856E-1	+6.71374E-2	+9.33345E-2
+4.88000E+2	+1.20926E-1	+6.60589E-2	+9.17806E-2
+4.89000E+2	+1.20636E-1	+6.52676E-2	+9.06457E-2
+4.90000E+2	+1.19171E-1	+6.52041E-2	+9.05542E-2
+4.91000E+2	+1.22757E-1	+6.50827E-2	+9.03842E-2
+4.92000E+2	+1.19522E-1	+6.48555E-2	+9.00624E-2
+4.93000E+2	+1.20926E-1	+6.48763E-2	+9.00938E-2
+4.94000E+2	+1.19766E-1	+6.49702E-2	+9.01663E-2
+4.95000E+2	+1.20392E-1	+6.51306E-2	+9.04485E-2
+4.96000E+2	+1.23062E-1	+6.55566E-2	+9.10073E-2
+4.97000E+2	+1.21048E-1	+6.59154E-2	+9.15193E-2
+4.98000E+2	+1.21750E-1	+6.64089E-2	+9.22676E-2
+4.99000E+2	+1.20316E-1	+6.66896E-2	+9.26064E-2
+5.00000E+2	+1.23184E-1	+6.70300E-2	+9.31764E-2
+5.01000E+2	+1.24908E-1	+6.75929E-2	+9.39162E-2
+5.02000E+2	+1.24969E-1	+6.81778E-2	+9.48189E-2
+5.03000E+2	+1.26343E-1	+6.96233E-2	+9.68480E-2
+5.04000E+2	+1.29562E-1	+7.12256E-2	+9.91924E-2
+5.05000E+2	+1.31363E-1	+7.24285E-2	+1.00887E-1
+5.06000E+2	+1.32065E-1	+7.38178E-2	+1.02912E-1
+5.07000E+2	+1.33560E-1	+7.53104E-2	+1.05015E-1
+5.08000E+2	+1.37238E-1	+7.65893E-2	+1.06796E-1
+5.09000E+2	+1.36261E-1	+7.73875E-2	+1.08004E-1
+5.10000E+2	+1.40594E-1	+7.85192E-2	+1.09670E-1
+5.11000E+2	+1.39832E-1	+7.97905E-2	+1.11500E-1
+5.12000E+2	+1.42685E-1	+8.10107E-2	+1.13245E-1
+5.13000E+2	+1.44379E-1	+8.20799E-2	+1.14753E-1
+5.14000E+2	+1.44974E-1	+8.33459E-2	+1.16598E-1
+5.15000E+2	+1.46652E-1	+8.47301E-2	+1.18415E-1
+5.16000E+2	+1.49445E-1	+8.62036E-2	+1.20684E-1
+5.17000E+2	+1.50940E-1	+8.79767E-2	+1.23200E-1
+5.18000E+2	+1.53000E-1	+8.97005E-2	+1.25635E-1
+5.19000E+2	+1.55838E-1	+9.13846E-2	+1.28075E-1
+5.20000E+2	+1.60889E-1	+9.33143E-2	+1.30828E-1
+5.21000E+2	+1.63025E-1	+9.55072E-2	+1.33954E-1
+5.22000E+2	+1.66443E-1	+9.79518E-2	+1.37434E-1
+5.23000E+2	+1.69647E-1	+1.00418E-1	+1.40871E-1
+5.24000E+2	+1.73431E-1	+1.02660E-1	+1.44146E-1
+5.25000E+2	+1.77338E-1	+1.05261E-1	+1.47843E-1
+5.26000E+2	+1.80801E-1	+1.08638E-1	+1.52648E-1
+5.27000E+2	+1.85135E-1	+1.12173E-1	+1.57686E-1
+5.28000E+2	+1.92078E-1	+1.15857E-1	+1.62931E-1
+5.29000E+2	+1.98212E-1	+1.19757E-1	+1.68460E-1
+5.30000E+2	+2.03049E-1	+1.23980E-1	+1.74470E-1
+5.31000E+2	+2.10983E-1	+1.28917E-1	+1.81475E-1
+5.32000E+2	+2.17148E-1	+1.34510E-1	+1.89438E-1
+5.33000E+2	+2.29904E-1	+1.40605E-1	+1.98091E-1
+5.34000E+2	+2.36740E-1	+1.47621E-1	+2.08024E-1
+5.35000E+2	+2.50671E-1	+1.55524E-1	+2.19219E-1
+5.36000E+2	+2.60086E-1	+1.64069E-1	+2.31221E-1
+5.37000E+2	+2.72491E-1	+1.73582E-1	+2.44790E-1
+5.38000E+2	+2.88986E-1	+1.84482E-1	+2.59915E-1
+5.39000E+2	+3.04520E-1	+1.95909E-1	+2.76496E-1
+5.40000E+2	+3.20831E-1	+2.07328E-1	+2.92517E-1
+5.41000E+2	+3.39478E-1	+2.20905E-1	+3.11757E-1
+5.42000E+2	+3.63419E-1	+2.37462E-1	+3.35121E-1
+5.43000E+2	+3.89999E-1	+2.56280E-1	+3.61917E-1
+5.44000E+2	+4.18152E-1	+2.74603E-1	+3.87611E-1
+5.45000E+2	+4.43756E-1	+2.93513E-1	+4.14591E-1
+5.46000E+2	+4.67255E-1	+3.11398E-1	+4.39561E-1
+5.47000E+2	+4.87274E-1	+3.24834E-1	+4.58467E-1
+5.48000E+2	+4.94629E-1	+3.31296E-1	+4.68019E-1
+5.49000E+2	+4.99496E-1	+3.32802E-1	+4.69999E-1
+5.50000E+2	+4.90189E-1	+3.27329E-1	+4.62279E-1
+5.51000E+2	+4.69254E-1	+3.12629E-1	+4.41596E-1
+5.52000E+2	+4.43176E-1	+2.93021E-1	+4.13794E-1
+5.53000E+2	+4.07959E-1	+2.69633E-1	+3.80585E-1
+5.54000E+2	+3.76846E-1	+2.44895E-1	+3.45260E-1
+5.55000E+2	+3.38165E-1	+2.19952E-1	+3.10523E-1
+5.56000E+2	+3.10501E-1	+1.97121E-1	+2.77693E-1
+5.57000E+2	+2.79633E-1	+1.76501E-1	+2.48911E-1
+5.58000E+2	+2.56195E-1	+1.60136E-1	+2.25199E-1
+5.59000E+2	+2.34070E-1	+1.45792E-1	+2.05434E-1
+5.60000E+2	+2.14996E-1	+1.32456E-1	+1.86203E-1
+5.61000E+2	+1.95038E-1	+1.19655E-1	+1.68314E-1
+5.62000E+2	+1.79932E-1	+1.08095E-1	+1.51757E-1
+5.63000E+2	+1.71158E-1	+9.97745E-2	+1.39986E-1
+5.64000E+2	+1.59500E-1	+9.24453E-2	+1.29430E-1
+5.65000E+2	+1.47675E-1	+8.57671E-2	+1.19891E-1
+5.66000E+2	+1.41922E-1	+7.92145E-2	+1.10651E-1
+5.67000E+2	+1.32690E-1	+7.33147E-2	+1.02204E-1
+5.68000E+2	+1.21689E-1	+6.79021E-2	+9.44255E-2
+5.69000E+2	+1.16119E-1	+6.23845E-2	+8.64805E-2
+5.70000E+2	+1.11176E-1	+5.86725E-2	+8.10597E-2
+5.71000E+2	+1.05301E-1	+5.49235E-2	+7.56219E-2
+5.72000E+2	+9.80225E-2	+5.07750E-2	+6.95494E-2
+5.73000E+2	+9.43298E-2	+4.70438E-2	+6.41915E-2
+5.74000E+2	+9.17664E-2	+4.38762E-2	+5.93810E-2
+5.75000E+2	+8.50525E-2	+4.08700E-2	+5.50826E-2
+5.76000E+2	+7.98950E-2	+3.72733E-2	+4.96978E-2
+5.77000E+2	+7.56683E-2	+3.42796E-2	+4.51825E-2
+5.78000E+2	+6.95496E-2	+3.15943E-2	+4.11623E-2
+5.79000E+2	+6.59485E-2	+2.90686E-2	+3.75070E-2
+5.80000E+2	+6.38275E-2	+2.66560E-2	+3.43293E-2
+5.81000E+2	+6.02264E-2	+2.47461E-2	+3.16552E-2
+5.82000E+2	+5.59387E-2	+2.27237E-2	+2.89205E-2
+5.83000E+2	+5.62897E-2	+2.09609E-2	+2.65843E-2
+5.84000E+2	+5.21240E-2	+1.97442E-2	+2.48664E-2
+5.85000E+2	+5.20172E-2	+1.88264E-2	+2.35913E-2
+5.86000E+2	+5.14374E-2	+1.83184E-2	+2.28521E-2
+5.87000E+2	+4.99115E-2	+1.83254E-2	+2.28974E-2
+5.88000E+2	+4.98810E-2	+1.87430E-2	+2.36101E-2
+5.89000E+2	+4.79889E-2	+1.85904E-2	+2.44532E-2
+5.90000E+2	+4.81415E-2	+1.97719E-2	+2.66742E-2
+5.91000E+2	+5.11169E-2	+2.21104E-2	+3.01320E-2
+5.92000E+2	+5.56793E-2	+2.48364E-2	+3.40807E-2
+5.93000E+2	+5.79529E-2	+2.80562E-2	+3.87705E-2
+5.94000E+2	+6.46973E-2	+3.17470E-2	+4.40958E-2
+5.95000E+2	+6.93665E-2	+3.59652E-2	+5.01225E-2
+5.96000E+2	+7.64160E-2	+4.08207E-2	+5.70924E-2
+5.97000E+2	+8.31146E-2	+4.61255E-2	+6.45786E-2
+5.98000E+2	+9.28955E-2	+5.21151E-2	+7.31884E-2
+5.99000E+2	+1.01379E-1	+5.86078E-2	+8.23532E-2
+6.00000E+2	+1.12366E-1	+6.59484E-2	+9.28907E-2
+6.01000E+2	+1.25076E-1	+7.48688E-2	+1.05456E-1
+6.02000E+2	+1.37299E-1	+8.52112E-2	+1.20193E-1
+6.03000E+2	+1.54770E-1	+9.66546E-2	+1.36138E-1
+6.04000E+2	+1.74072E-1	+1.09492E-1	+1.54587E-1
+6.05000E+2	+1.96762E-1	+1.24353E-1	+1.75480E-1
+6.06000E+2	+2.18506E-1	+1.41347E-1	+1.99573E-1
+6.07000E+2	+2.46033E-1	+1.59789E-1	+2.25694E-1
+6.08000E+2	+2.73636E-1	+1.79669E-1	+2.53629E-1
+6.09000E+2	+3.02826E-1	+1.99423E-1	+2.81874E-1
+6.10000E+2	+3.29224E-1	+2.18165E-1	+3.08161E-1
+6.11000E+2	+3.49960E-1	+2.32933E-1	+3.29239E-1
+6.12000E+2	+3.58551E-1	+2.40021E-1	+3.39019E-1
+6.13000E+2	+3.55621E-1	+2.37770E-1	+3.35964E-1
+6.14000E+2	+3.41980E-1	+2.27984E-1	+3.21825E-1
+6.15000E+2	+3.25760E-1	+2.14444E-1	+3.02734E-1
+6.16000E+2	+3.00293E-1	+1.99661E-1	+2.82176E-1
+6.17000E+2	+2.80884E-1	+1.83404E-1	+2.58891E-1
+6.18000E+2	+2.60178E-1	+1.67168E-1	+2.36245E-1
+6.19000E+2	+2.40402E-1	+1.54583E-1	+2.18183E-1
+6.20000E+2	+2.23190E-1	+1.43197E-1	+2.02241E-1
+6.21000E+2	+2.10556E-1	+1.33141E-1	+1.87752E-1
+6.22000E+2	+1.97388E-1	+1.24115E-1	+1.75303E-1
+6.23000E+2	+1.85410E-1	+1.16417E-1	+1.64371E-1
+6.24000E+2	+1.76392E-1	+1.09654E-1	+1.54688E-1
+6.25000E+2	+1.67130E-1	+1.03713E-1	+1.46405E-1
+6.26000E+2	+1.57944E-1	+9.84100E-2	+1.38910E-1
+6.27000E+2	+1.52603E-1	+9.36488E-2	+1.32084E-1
+6.28000E+2	+1.47125E-1	+8.96456E-2	+1.26407E-1
+6.29000E+2	+1.41708E-1	+8.61269E-2	+1.21503E-1
+6.30000E+2	+1.38733E-1	+8.29579E-2	+1.16866E-1
+6.31000E+2	+1.36505E-1	+8.00026E-2	+1.12731E-1
+6.32000E+2	+1.32950E-1	+7.69566E-2	+1.08508E-1
+6.33000E+2	+1.25397E-1	+7.40789E-2	+1.04345E-1
+6.34000E+2	+1.22375E-1	+7.14227E-2	+1.00646E-1
+6.35000E+2	+1.19171E-1	+6.92290E-2	+9.75375E-2
+6.36000E+2	+1.19629E-1	+6.71155E-2	+9.45367E-2
+6.37000E+2	+1.13434E-1	+6.49119E-2	+9.14072E-2
+6.38000E+2	+1.06827E-1	+6.26566E-2	+8.82029E-2
+6.39000E+2	+1.04950E-1	+6.06614E-2	+8.52574E-2
+6.40000E+2	+1.04340E-1	+5.92900E-2	+8.33712E-2
+6.41000E+2	+1.03180E-1	+5.83416E-2	+8.20643E-2
+6.42000E+2	+1.01379E-1	+5.69403E-2	+8.00753E-2
+6.43000E+2	+9.98383E-2	+5.52280E-2	+7.76370E-2
+6.44000E+2	+9.50165E-2	+5.39919E-2	+7.57504E-2
+6.45000E+2	+9.69696E-2	+5.28075E-2	+7.41771E-2
+6.46000E+2	+9.50775E-2	+5.17233E-2	+7.26406E-2
+6.47000E+2	+9.42688E-2	+5.10770E-2	+7.17263E-2
+6.48000E+2	+9.38263E-2	+5.02658E-2	+7.05631E-2
+6.49000E+2	+8.92487E-2	+4.93106E-2	+6.91954E-2
+6.50000E+2	+8.92487E-2	+4.81810E-2	+6.75836E-2
+6.51000E+2	+8.80737E-2	+4.72232E-2	+6.62298E-2
+6.52000E+2	+8.70056E-2	+4.65558E-2	+6.52567E-2
+6.53000E+2	+8.65784E-2	+4.62090E-2	+6.47683E-2
+6.54000E+2	+8.73108E-2	+4.55863E-2	+6.38933E-2
+6.55000E+2	+8.70056E-2	+4.49400E-2	+6.29897E-2
+6.56000E+2	+8.20618E-2	+4.41913E-2	+6.19215E-2
+6.57000E+2	+8.34503E-2	+4.37488E-2	+6.12490E-2
+6.58000E+2	+8.12836E-2	+4.33830E-2	+6.07720E-2
+6.59000E+2	+8.17108E-2	+4.28014E-2	+5.99016E-2
+6.60000E+2	+8.09479E-2	+4.20408E-2	+5.88036E-2
+6.61000E+2	+7.78503E-2	+4.11892E-2	+5.76399E-2
+6.62000E+2	+7.81555E-2	+4.04547E-2	+5.65392E-2
+6.63000E+2	+7.72400E-2	+3.99114E-2	+5.58244E-2
+6.64000E+2	+7.46765E-2	+3.94266E-2	+5.50305E-2
+6.65000E+2	+7.41425E-2	+3.92286E-2	+5.48269E-2
+6.66000E+2	+7.61108E-2	+4.04984E-2	+5.65545E-2
+6.67000E+2	+8.23822E-2	+4.19814E-2	+5.87234E-2
+6.68000E+2	+7.97424E-2	+4.25525E-2	+5.95337E-2
+6.69000E+2	+8.15125E-2	+4.23691E-2	+5.93163E-2
+6.70000E+2	+8.00781E-2	+4.22744E-2	+5.91315E-2
+6.71000E+2	+8.02002E-2	+4.26607E-2	+5.96374E-2
+6.72000E+2	+8.19244E-2	+4.35778E-2	+6.10480E-2
+6.73000E+2	+8.53119E-2	+4.48275E-2	+6.26524E-2
+6.74000E+2	+8.86230E-2	+4.59323E-2	+6.44015E-2
+6.75000E+2	+8.71277E-2	+4.65316E-2	+6.51796E-2
+6.76000E+2	+8.50372E-2	+4.67651E-2	+6.55779E-2
+6.77000E+2	+8.70361E-2	+4.69829E-2	+6.57701E-2
+6.78000E+2	+8.52661E-2	+4.68518E-2	+6.55847E-2
+6.79000E+2	+8.71429E-2	+4.67578E-2	+6.55787E-2
+6.80000E+2	+8.57086E-2	+4.69881E-2	+6.58268E-2
+6.81000E+2	+8.63495E-2	+4.73468E-2	+6.64454E-2
+6.82000E+2	+8.74481E-2	+4.76389E-2	+6.67238E-2
+6.83000E+2	+8.71735E-2	+4.81051E-2	+6.74356E-2
+6.84000E+2	+8.65936E-2	+4.81467E-2	+6.74223E-2
+6.85000E+2	+8.67157E-2	+4.73592E-2	+6.64268E-2
+6.86000E+2	+8.39996E-2	+4.75485E-2	+6.66516E-2
+6.87000E+2	+8.65784E-2	+4.81308E-2	+6.75266E-2
+6.88000E+2	+9.01489E-2	+4.85366E-2	+6.80348E-2
+6.89000E+2	+8.97217E-2	+4.84431E-2	+6.77983E-2
+6.90000E+2	+8.92334E-2	+4.86482E-2	+6.81370E-2
+6.91000E+2	+8.85620E-2	+4.92851E-2	+6.91324E-2
+6.92000E+2	+9.00726E-2	+4.98271E-2	+6.99008E-2
+6.93000E+2	+9.43756E-2	+5.01286E-2	+7.03873E-2
+6.94000E+2	+9.43756E-2	+5.11640E-2	+7.18174E-2
+6.95000E+2	+9.38721E-2	+5.26686E-2	+7.38512E-2
+6.96000E+2	+9.72443E-2	+5.39927E-2	+7.58884E-2
+6.97000E+2	+9.86176E-2	+5.47318E-2	+7.69264E-2
+6.98000E+2	+1.01425E-1	+5.53524E-2	+7.78101E-2
+6.99000E+2	+9.83582E-2	+5.61823E-2	+7.89927E-2
+7.00000E+2	+1.01562E-1	+5.73644E-2	+8.06877E-2
+7.01000E+2	+1.06552E-1	+5.89587E-2	+8.29422E-2
+7.02000E+2	+1.06293E-1	+6.06761E-2	+8.53872E-2
+7.03000E+2	+1.05133E-1	+6.24047E-2	+8.78392E-2
+7.04000E+2	+1.09787E-1	+6.34359E-2	+8.93161E-2
+7.05000E+2	+1.11801E-1	+6.53197E-2	+9.19964E-2
+7.06000E+2	+1.14120E-1	+6.72275E-2	+9.46952E-2
+7.07000E+2	+1.16806E-1	+6.87433E-2	+9.68408E-2
+7.08000E+2	+1.21353E-1	+7.15766E-2	+1.00863E-1
+7.09000E+2	+1.24176E-1	+7.43804E-2	+1.04849E-1
+7.10000E+2	+1.30844E-1	+7.81952E-2	+1.10236E-1
+7.11000E+2	+1.33362E-1	+8.01889E-2	+1.13013E-1
+7.12000E+2	+1.36795E-1	+8.21126E-2	+1.15622E-1
+7.13000E+2	+1.39526E-1	+8.50844E-2	+1.20003E-1
+7.14000E+2	+1.44882E-1	+8.95257E-2	+1.26318E-1
+7.15000E+2	+1.51245E-1	+9.33983E-2	+1.31600E-1
+7.16000E+2	+1.58981E-1	+9.91209E-2	+1.39756E-1
+7.17000E+2	+1.70364E-1	+1.05713E-1	+1.49033E-1
+7.18000E+2	+1.83914E-1	+1.15312E-1	+1.62677E-1
+7.19000E+2	+1.93710E-1	+1.23078E-1	+1.73706E-1
+7.20000E+2	+2.02179E-1	+1.30042E-1	+1.83549E-1
+7.21000E+2	+2.13135E-1	+1.36835E-1	+1.93317E-1
+7.22000E+2	+2.18170E-1	+1.41695E-1	+1.99679E-1
+7.23000E+2	+2.17331E-1	+1.40314E-1	+1.98184E-1
+7.24000E+2	+2.05307E-1	+1.31748E-1	+1.85855E-1
+7.25000E+2	+1.91177E-1	+1.20282E-1	+1.69734E-1
+7.26000E+2	+1.73386E-1	+1.09728E-1	+1.54669E-1
+7.27000E+2	+1.57120E-1	+9.91015E-2	+1.39783E-1
+7.28000E+2	+1.45126E-1	+8.83608E-2	+1.24583E-1
+7.29000E+2	+1.32721E-1	+8.10132E-2	+1.14083E-1
+7.30000E+2	+1.23627E-1	+7.42998E-2	+1.04668E-1
+7.31000E+2	+1.12564E-1	+6.58108E-2	+9.26611E-2
+7.32000E+2	+9.80377E-2	+5.55412E-2	+7.80594E-2
+7.33000E+2	+8.55408E-2	+4.66452E-2	+6.53132E-2
+7.34000E+2	+7.72858E-2	+3.92539E-2	+5.48789E-2
+7.35000E+2	+6.56281E-2	+3.30278E-2	+4.58495E-2
+7.36000E+2	+5.96313E-2	+2.85484E-2	+3.94826E-2
+7.37000E+2	+5.49011E-2	+2.57804E-2	+3.53758E-2
+7.38000E+2	+5.38635E-2	+2.50629E-2	+3.43901E-2
+7.39000E+2	+5.63660E-2	+2.60562E-2	+3.58128E-2
+7.40000E+2	+5.67627E-2	+2.73377E-2	+3.76488E-2
+7.41000E+2	+6.04248E-2	+2.90296E-2	+4.01171E-2
+7.42000E+2	+6.23779E-2	+3.10173E-2	+4.30078E-2
+7.43000E+2	+6.50940E-2	+3.33233E-2	+4.62902E-2
+7.44000E+2	+7.27997E-2	+3.62584E-2	+5.05459E-2
+7.45000E+2	+7.37762E-2	+3.94313E-2	+5.50799E-2
+7.46000E+2	+7.91779E-2	+4.30749E-2	+6.02304E-2
+7.47000E+2	+8.65173E-2	+4.82100E-2	+6.76029E-2
+7.48000E+2	+9.46655E-2	+5.33845E-2	+7.49100E-2
+7.49000E+2	+1.02386E-1	+5.85817E-2	+8.24192E-2
+7.50000E+2	+1.12671E-1	+6.65023E-2	+9.34504E-2
+7.51000E+2	+1.27090E-1	+7.51709E-2	+1.05756E-1
+7.52000E+2	+1.33194E-1	+8.14947E-2	+1.14856E-1
+7.53000E+2	+1.43341E-1	+8.66159E-2	+1.22052E-1
+7.54000E+2	+1.48941E-1	+9.16898E-2	+1.29095E-1
+7.55000E+2	+1.53885E-1	+9.65756E-2	+1.36157E-1
+7.56000E+2	+1.63895E-1	+1.02289E-1	+1.44220E-1
+7.57000E+2	+1.65665E-1	+1.04749E-1	+1.47806E-1
+7.58000E+2	+1.67023E-1	+1.03669E-1	+1.46101E-1
+7.59000E+2	+1.63330E-1	+1.01638E-1	+1.43308E-1
+7.60000E+2	+1.58463E-1	+9.84258E-2	+1.38934E-1
+7.61000E+2	+1.52100E-1	+9.51876E-2	+1.34327E-1
+7.62000E+2	+1.48026E-1	+9.24046E-2	+1.30359E-1
+7.63000E+2	+1.46652E-1	+8.99415E-2	+1.26901E-1
+7.64000E+2	+1.45721E-1	+8.96945E-2	+1.26538E-1
+7.65000E+2	+1.46713E-1	+9.00615E-2	+1.27071E-1
+7.66000E+2	+1.46545E-1	+9.12457E-2	+1.28576E-1
+7.67000E+2	+1.50726E-1	+9.33849E-2	+1.31726E-1
+7.68000E+2	+1.56555E-1	+9.75539E-2	+1.37700E-1
+7.69000E+2	+1.67618E-1	+1.03535E-1	+1.46163E-1
+7.70000E+2	+1.71707E-1	+1.08325E-1	+1.52821E-1
+7.71000E+2	+1.78040E-1	+1.13535E-1	+1.60322E-1
+7.72000E+2	+1.88110E-1	+1.19284E-1	+1.68404E-1
+7.73000E+2	+1.98563E-1	+1.26224E-1	+1.78117E-1
+7.74000E+2	+2.08939E-1	+1.34525E-1	+1.90039E-1
+7.75000E+2	+2.20810E-1	+1.41571E-1	+1.99740E-1
+7.76000E+2	+2.28577E-1	+1.46900E-1	+2.07435E-1
+7.77000E+2	+2.33124E-1	+1.50343E-1	+2.10584E-1
+7.78000E+2	+2.36145E-1	+1.50954E-1	+2.13296E-1
+7.79000E+2	+2.31415E-1	+1.49393E-1	+2.11098E-1
+7.80000E+2	+2.26517E-1	+1.46015E-1	+2.06267E-1
+7.81000E+2	+2.16171E-1	+1.38207E-1	+1.95255E-1
+7.82000E+2	+2.01782E-1	+1.25299E-1	+1.76749E-1
+7.83000E+2	+1.75842E-1	+1.09412E-1	+1.54313E-1
+7.84000E+2	+1.52313E-1	+9.41919E-2	+1.32937E-1
+7.85000E+2	+1.36932E-1	+7.97538E-2	+1.12463E-1
+7.86000E+2	+1.14288E-1	+6.56895E-2	+9.25173E-2
+7.87000E+2	+9.84955E-2	+5.48205E-2	+7.70706E-2
+7.88000E+2	+8.50067E-2	+4.56187E-2	+6.39467E-2
+7.89000E+2	+7.55310E-2	+3.84795E-2	+5.37508E-2
+7.90000E+2	+7.11823E-2	+3.35548E-2	+4.66845E-2
+7.91000E+2	+5.99823E-2	+2.85847E-2	+3.95525E-2
+7.92000E+2	+5.48248E-2	+2.44043E-2	+3.34565E-2
+7.93000E+2	+5.12238E-2	+2.14063E-2	+2.90250E-2
+7.94000E+2	+4.61884E-2	+1.84178E-2	+2.46565E-2
+7.95000E+2	+4.50745E-2	+1.59754E-2	+2.09284E-2
+7.96000E+2	+3.95203E-2	+1.38572E-2	+1.76089E-2
+7.97000E+2	+4.09546E-2	+1.38022E-2	+1.75145E-2
+7.98000E+2	+3.92151E-2	+1.35184E-2	+1.71274E-2
+7.99000E+2	+3.97186E-2	+1.31432E-2	+1.65092E-2
+8.00000E+2	+3.72772E-2	+1.27468E-2	+1.58708E-2
+8.01000E+2	+3.70026E-2	+1.19260E-2	+1.45087E-2
+8.02000E+2	+3.66974E-2	+1.03311E-2	+1.18164E-2
+8.03000E+2	+3.09448E-2	+9.10064E-3	+9.54077E-3
+8.04000E+2	+3.12347E-2	+8.58565E-3	+8.54408E-3
+8.05000E+2	+2.98920E-2	+8.20900E-3	+7.69616E-3
+8.06000E+2	+2.90833E-2	+8.07572E-3	+7.60609E-3
+8.07000E+2	+2.99988E-2	+8.00287E-3	+7.33181E-3
+8.08000E+2	+2.71912E-2	+7.48694E-3	+6.27887E-3
+8.09000E+2	+2.71149E-2	+6.92867E-3	+4.78410E-3
+8.10000E+2	+2.58636E-2	+6.61914E-3	+4.07059E-3
+8.11000E+2	+2.59857E-2	+6.63691E-3	+3.70954E-3
+8.12000E+2	+2.63367E-2	+6.55158E-3	+3.53226E-3
+8.13000E+2	+2.72675E-2	+6.58585E-3	+3.71978E-3
+8.14000E+2	+2.89459E-2	+6.63118E-3	+3.82158E-3
+8.15000E+2	+2.93579E-2	+6.78136E-3	+4.25402E-3
+8.16000E+2	+2.81067E-2	+6.84638E-3	+4.52414E-3
+8.17000E+2	+2.82745E-2	+6.86173E-3	+4.69677E-3
+8.18000E+2	+2.89459E-2	+7.38755E-3	+6.16889E-3
+8.19000E+2	+2.95868E-2	+8.13623E-3	+7.64644E-3
+8.20000E+2	+3.32642E-2	+9.02646E-3	+9.38994E-3
+8.21000E+2	+3.61786E-2	+9.50742E-3	+1.03545E-2
+8.22000E+2	+3.40271E-2	+1.02120E-2	+1.16099E-2
+8.23000E+2	+3.57666E-2	+1.10837E-2	+1.31004E-2
+8.24000E+2	+3.78571E-2	+1.17033E-2	+1.41461E-2
+8.25000E+2	+3.88336E-2	+1.24638E-2	+1.54110E-2
+8.26000E+2	+3.93677E-2	+1.35829E-2	+1.71452E-2
+8.27000E+2	+4.12445E-2	+1.46187E-2	+1.87548E-2
+8.28000E+2	+4.28162E-2	+1.53714E-2	+1.99218E-2
+8.29000E+2	+4.98199E-2	+1.59246E-2	+2.08265E-2
+8.30000E+2	+4.47998E-2	+1.70489E-2	+2.23626E-2
+8.31000E+2	+4.83398E-2	+1.90145E-2	+2.54652E-2
+8.32000E+2	+5.12848E-2	+2.16097E-2	+2.92302E-2
+8.33000E+2	+5.43671E-2	+2.36973E-2	+3.23904E-2
+8.34000E+2	+5.77393E-2	+2.45267E-2	+3.34515E-2
+8.35000E+2	+5.72662E-2	+2.51684E-2	+3.45238E-2
+8.36000E+2	+6.27136E-2	+2.75939E-2	+3.80726E-2
+8.37000E+2	+6.48346E-2	+3.11581E-2	+4.32175E-2
+8.38000E+2	+7.04651E-2	+3.49963E-2	+4.87556E-2
+8.39000E+2	+7.55920E-2	+3.89747E-2	+5.44619E-2
+8.40000E+2	+8.38318E-2	+4.35382E-2	+6.09874E-2
+8.41000E+2	+9.20258E-2	+4.84426E-2	+6.79782E-2
+8.42000E+2	+9.93347E-2	+5.34640E-2	+7.51263E-2
+8.43000E+2	+1.05515E-1	+5.86380E-2	+8.24860E-2
+8.44000E+2	+1.12793E-1	+6.38364E-2	+8.98696E-2
+8.45000E+2	+1.19049E-1	+6.91296E-2	+9.73746E-2
+8.46000E+2	+1.27487E-1	+7.59846E-2	+1.07098E-1
+8.47000E+2	+1.37436E-1	+8.35006E-2	+1.17639E-1
+8.48000E+2	+1.48727E-1	+9.12158E-2	+1.28706E-1
+8.49000E+2	+1.63635E-1	+9.87547E-2	+1.39364E-1
+8.50000E+2	+1.71036E-1	+1.06222E-1	+1.49952E-1
+8.51000E+2	+1.80008E-1	+1.13649E-1	+1.60097E-1
+8.52000E+2	+1.93481E-1	+1.20502E-1	+1.70167E-1
+8.53000E+2	+1.99356E-1	+1.26586E-1	+1.78194E-1
+8.54000E+2	+2.03781E-1	+1.30769E-1	+1.84692E-1
+8.55000E+2	+2.08084E-1	+1.32105E-1	+1.86265E-1
+8.56000E+2	+2.00546E-1	+1.30464E-1	+1.84033E-1
+8.57000E+2	+1.98959E-1	+1.26838E-1	+1.78712E-1
+8.58000E+2	+1.93085E-1	+1.22227E-1	+1.71918E-1
+8.59000E+2	+1.85699E-1	+1.16813E-1	+1.64911E-1
+8.60000E+2	+1.78848E-1	+1.11528E-1	+1.57130E-1
+8.61000E+2	+1.70258E-1	+1.07492E-1	+1.51730E-1
+8.62000E+2	+1.68884E-1	+1.03989E-1	+1.46563E-1
+8.63000E+2	+1.60690E-1	+1.00643E-1	+1.41908E-1
+8.64000E+2	+1.57227E-1	+9.80220E-2	+1.37827E-1
+8.65000E+2	+1.53473E-1	+9.57622E-2	+1.35039E-1
+8.66000E+2	+1.48926E-1	+9.33535E-2	+1.31321E-1
+8.67000E+2	+1.45966E-1	+9.03208E-2	+1.27405E-1
+8.68000E+2	+1.43341E-1	+8.81387E-2	+1.23844E-1
+8.69000E+2	+1.41220E-1	+8.70933E-2	+1.22806E-1
+8.70000E+2	+1.39526E-1	+8.52086E-2	+1.19968E-1
+8.71000E+2	+1.37405E-1	+8.35781E-2	+1.17745E-1
+8.72000E+2	+1.37268E-1	+8.24575E-2	+1.16118E-1
+8.73000E+2	+1.34399E-1	+8.16064E-2	+1.14898E-1
+8.74000E+2	+1.32568E-1	+8.07905E-2	+1.13793E-1
+8.75000E+2	+1.29944E-1	+7.98899E-2	+1.12393E-1
+8.76000E+2	+1.30325E-1	+7.96169E-2	+1.12257E-1
+8.77000E+2	+1.31088E-1	+7.99480E-2	+1.12480E-1
+8.78000E+2	+1.30981E-1	+7.98688E-2	+1.12525E-1
+8.79000E+2	+1.32095E-1	+7.97496E-2	+1.12200E-1
+8.80000E+2	+1.32080E-1	+8.02015E-2	+1.12875E-1
+8.81000E+2	+1.30539E-1	+8.05834E-2	+1.13439E-1
+8.82000E+2	+1.33179E-1	+8.11514E-2	+1.14439E-1
+8.83000E+2	+1.35803E-1	+8.27076E-2	+1.16546E-1
+8.84000E+2	+1.38657E-1	+8.44076E-2	+1.19050E-1
+8.85000E+2	+1.40930E-1	+8.58285E-2	+1.20995E-1
+8.86000E+2	+1.40366E-1	+8.71187E-2	+1.22707E-1
+8.87000E+2	+1.43112E-1	+8.80592E-2	+1.24239E-1
+8.88000E+2	+1.43890E-1	+8.90712E-2	+1.25630E-1
+8.89000E+2	+1.46759E-1	+8.99387E-2	+1.26901E-1
+8.90000E+2	+1.46271E-1	+9.08022E-2	+1.27771E-1
+8.91000E+2	+1.49994E-1	+9.19258E-2	+1.29711E-1
+8.92000E+2	+1.48758E-1	+9.19587E-2	+1.29769E-1
+8.93000E+2	+1.48346E-1	+9.15847E-2	+1.29144E-1
+8.94000E+2	+1.49872E-1	+9.30992E-2	+1.31373E-1
+8.95000E+2	+1.54205E-1	+9.49046E-2	+1.33941E-1
+8.96000E+2	+1.53152E-1	+9.54955E-2	+1.34779E-1
+8.97000E+2	+1.53320E-1	+9.61400E-2	+1.35670E-1
+8.98000E+2	+1.54968E-1	+9.73737E-2	+1.37397E-1
+8.99000E+2	+1.56342E-1	+9.58611E-2	+1.35289E-1
+9.00000E+2	+1.48315E-1	+9.26072E-2	+1.30162E-1
+9.01000E+2	+1.47293E-1	+8.96551E-2	+1.26499E-1
+9.02000E+2	+1.42654E-1	+8.72510E-2	+1.23080E-1
+9.03000E+2	+1.41525E-1	+8.67477E-2	+1.22356E-1
+9.04000E+2	+1.46790E-1	+9.03424E-2	+1.27480E-1
+9.05000E+2	+1.56693E-1	+9.81760E-2	+1.38574E-1
+9.06000E+2	+1.68900E-1	+1.06911E-1	+1.50953E-1
+9.07000E+2	+1.83502E-1	+1.15367E-1	+1.62701E-1
+9.08000E+2	+1.91437E-1	+1.22536E-1	+1.72900E-1
+9.09000E+2	+1.98990E-1	+1.27304E-1	+1.79830E-1
+9.10000E+2	+2.03598E-1	+1.31776E-1	+1.85817E-1
+9.11000E+2	+2.06680E-1	+1.33982E-1	+1.88954E-1
+9.12000E+2	+2.12265E-1	+1.35661E-1	+1.91494E-1
+9.13000E+2	+2.14554E-1	+1.38621E-1	+1.94897E-1
+9.14000E+2	+2.23709E-1	+1.45598E-1	+2.05710E-1
+9.15000E+2	+2.38495E-1	+1.55460E-1	+2.18351E-1
+9.16000E+2	+2.51175E-1	+1.63447E-1	+2.30761E-1
+9.17000E+2	+2.55280E-1	+1.67040E-1	+2.35549E-1
+9.18000E+2	+2.56317E-1	+1.67096E-1	+2.36151E-1
+9.19000E+2	+2.48367E-1	+1.61856E-1	+2.28210E-1
+9.20000E+2	+2.31247E-1	+1.50741E-1	+2.12934E-1
+9.21000E+2	+2.11349E-1	+1.36277E-1	+1.91801E-1
+9.22000E+2	+1.89087E-1	+1.20580E-1	+1.69623E-1
+9.23000E+2	+1.66580E-1	+1.04503E-1	+1.47435E-1
+9.24000E+2	+1.50330E-1	+9.20114E-2	+1.29522E-1
+9.25000E+2	+1.38351E-1	+8.16748E-2	+1.15163E-1
+9.26000E+2	+1.21292E-1	+7.27851E-2	+1.02151E-1
+9.27000E+2	+1.11877E-1	+6.57752E-2	+9.24445E-2
+9.28000E+2	+1.03928E-1	+6.01680E-2	+8.44367E-2
+9.29000E+2	+1.03394E-1	+5.61269E-2	+7.86370E-2
+9.30000E+2	+9.77020E-2	+5.32293E-2	+7.47059E-2
+9.31000E+2	+9.22241E-2	+5.15910E-2	+7.22716E-2
+9.32000E+2	+9.29718E-2	+5.10734E-2	+7.15723E-2
+9.33000E+2	+9.31702E-2	+5.27108E-2	+7.36573E-2
+9.34000E+2	+9.78394E-2	+5.50821E-2	+7.73426E-2
+9.35000E+2	+9.95331E-2	+5.74458E-2	+8.04890E-2
+9.36000E+2	+1.06384E-1	+6.19091E-2	+8.71143E-2
+9.37000E+2	+1.13602E-1	+6.73312E-2	+9.46387E-2
+9.38000E+2	+1.24634E-1	+7.46330E-2	+1.05048E-1
+9.39000E+2	+1.35635E-1	+8.05670E-2	+1.13328E-1
+9.40000E+2	+1.43463E-1	+8.88140E-2	+1.25049E-1
+9.41000E+2	+1.56113E-1	+9.85700E-2	+1.39070E-1
+9.42000E+2	+1.69769E-1	+1.08803E-1	+1.53593E-1
+9.43000E+2	+1.90781E-1	+1.19746E-1	+1.69112E-1
+9.44000E+2	+2.02164E-1	+1.31368E-1	+1.84639E-1
+9.45000E+2	+2.17087E-1	+1.41909E-1	+2.00128E-1
+9.46000E+2	+2.31354E-1	+1.50763E-1	+2.12744E-1
+9.47000E+2	+2.45392E-1	+1.57995E-1	+2.22767E-1
+9.48000E+2	+2.47482E-1	+1.63064E-1	+2.30445E-1
+9.49000E+2	+2.52945E-1	+1.65817E-1	+2.33850E-1
+9.50000E+2	+2.55676E-1	+1.67305E-1	+2.35953E-1
+9.51000E+2	+2.58789E-1	+1.68767E-1	+2.37906E-1
+9.52000E+2	+2.59644E-1	+1.69124E-1	+2.38768E-1
+9.53000E+2	+2.58530E-1	+1.69722E-1	+2.39867E-1
+9.54000E+2	+2.60727E-1	+1.71162E-1	+2.41900E-1
+9.55000E+2	+2.65472E-1	+1.72955E-1	+2.44433E-1
+9.56000E+2	+2.66708E-1	+1.73528E-1	+2.44090E-1
+9.57000E+2	+2.64771E-1	+1.72609E-1	+2.43937E-1
+9.58000E+2	+2.60284E-1	+1.69093E-1	+2.38953E-1
+9.59000E+2	+2.73544E-1	+1.64432E-1	+2.32295E-1
+9.60000E+2	+2.47849E-1	+1.58149E-1	+2.23477E-1
+9.61000E+2	+2.38342E-1	+1.52039E-1	+2.14839E-1
+9.62000E+2	+2.25449E-1	+1.45553E-1	+2.05647E-1
+9.63000E+2	+2.17987E-1	+1.38874E-1	+1.96193E-1
+9.64000E+2	+2.05551E-1	+1.32144E-1	+1.86674E-1
+9.65000E+2	+1.99203E-1	+1.25933E-1	+1.77677E-1
+9.66000E+2	+1.92078E-1	+1.20563E-1	+1.70248E-1
+9.67000E+2	+1.85486E-1	+1.15093E-1	+1.62536E-1
+9.68000E+2	+1.77170E-1	+1.10025E-1	+1.55363E-1
+9.69000E+2	+1.71219E-1	+1.05838E-1	+1.49304E-1
+9.70000E+2	+1.66321E-1	+1.02409E-1	+1.44563E-1
+9.71000E+2	+1.59164E-1	+9.87224E-2	+1.38742E-1
+9.72000E+2	+1.59775E-1	+9.53411E-2	+1.34555E-1
+9.73000E+2	+1.50909E-1	+9.24364E-2	+1.30435E-1
+9.74000E+2	+1.47644E-1	+8.98603E-2	+1.25923E-1
+9.75000E+2	+1.45447E-1	+8.77423E-2	+1.23505E-1
+9.76000E+2	+1.42212E-1	+8.58840E-2	+1.20893E-1
+9.77000E+2	+1.40564E-1	+8.39309E-2	+1.17952E-1
+9.78000E+2	+1.39725E-1	+8.22112E-2	+1.15634E-1
+9.79000E+2	+1.38748E-1	+8.05892E-2	+1.13325E-1
+9.80000E+2	+1.33453E-1	+7.90477E-2	+1.11198E-1
+9.81000E+2	+1.31546E-1	+7.75270E-2	+1.09176E-1
+9.82000E+2	+1.28738E-1	+7.60882E-2	+1.06833E-1
+9.83000E+2	+1.27243E-1	+7.48690E-2	+1.05176E-1
+9.84000E+2	+1.25397E-1	+7.40127E-2	+1.03939E-1
+9.85000E+2	+1.23245E-1	+7.29943E-2	+1.02613E-1
+9.86000E+2	+1.23276E-1	+7.17776E-2	+1.00932E-1
+9.87000E+2	+1.21674E-1	+7.06275E-2	+9.93218E-2
+9.88000E+2	+1.17706E-1	+6.99518E-2	+9.84336E-2
+9.89000E+2	+1.20590E-1	+6.94727E-2	+9.76762E-2
+9.90000E+2	+1.19370E-1	+6.90812E-2	+9.73003E-2
+9.91000E+2	+1.17264E-1	+6.91410E-2	+9.71652E-2
+9.92000E+2	+1.24191E-1	+6.96705E-2	+9.78034E-2
+9.93000E+2	+1.21872E-1	+6.99786E-2	+9.84005E-2
+9.94000E+2	+1.20758E-1	+6.93307E-2	+9.73790E-2
+9.95000E+2	+1.16959E-1	+6.83387E-2	+9.61204E-2
+9.96000E+2	+1.18805E-1	+6.78111E-2	+9.50382E-2
+9.97000E+2	+1.17416E-1	+6.73926E-2	+9.48340E-2
+9.98000E+2	+1.17004E-1	+6.74760E-2	+9.49027E-2
+9.99000E+2	+1.17889E-1	+6.79118E-2	+9.53165E-2
+1.00000E+3	+1.19980E-1	+6.86687E-2	+9.66706E-2
